1800764 90
87484882 113
125896844 61
132851176 73
158100332 156
197722022 160
212966424 152
268465553 86
277378561 105
346763723 96
347327944 106
386235461 4
391851701 54
409984302 43
435153685 103
442087175 132
465915581 112
482554758 75
582418999 98
600757238 29
646992379 176
677338192 100
680353138 124
723386437 71
725606561 3
755509855 114
777434108 10
795357209 12
833957915 41
849924382 2
882923786 166
934031291 93
984515489 85
1029684725 159
1039775941 131
1061673189 5
1102138352 164
1119750476 144
1145535496 123
1163785346 174
1165500044 162
1171145260 32
1187002154 25
1199928407 55
1303866932 1
1315240339 19
1324646409 0
1353077104 15
1399969279 18
1404395783 84
1411244463 35
1423943361 138
1433784421 118
1481700130 51
1506500056 23
1540789971 136
1565581772 72
1583240062 122
1593335970 149
1703074003 92
1723374255 76
1755211868 110
1780965381 145
1817977319 39
1832923198 24
1836837436 66
1854296563 125
1880656059 151
1902819574 178
1957456795 128
1965817051 21
1966862849 9
1967912122 89
1979915395 16
1987706045 107
1991912470 161
2034853916 120
2040735391 79
2054922385 94
2070794468 111
2071342302 168
2088744826 42
2180276089 27
2191007551 133
2245017434 139
2302936662 62
2321067875 64
2335376072 17
2337471812 147
2352408356 56
2386566304 158
2420023489 148
2493197103 115
2523580740 104
2533558194 155
2563637387 53
2564901090 22
2590626395 80
2612076060 177
2623420502 6
2663355169 47
2675243293 67
2677761041 60
2680647675 109
2689742369 44
2714344193 69
2736746253 163
2739454820 140
2751470307 173
2752981434 116
2759781031 30
2819042102 48
2820570352 91
2877103839 102
2878053286 77
2881898293 45
2931281920 157
2940397723 7
2946051437 108
2947745968 20
2947818890 36
2975899179 65
2976264608 14
3052336121 146
3109774447 11
3118895249 70
3134364972 74
3159294203 117
3197165266 129
3210776703 31
3224180642 49
3236016622 38
3252655057 126
3279979113 143
3305405241 28
3310504013 172
3311786556 50
3326957411 88
3332444146 127
3345103274 63
3346435016 78
3369397036 142
3415828832 153
3419165889 99
3421043283 52
3475802041 137
3576346154 130
3611753873 34
3637528652 13
3640665415 59
3644108658 134
3650994493 101
3682404586 57
3705166655 37
3794242346 83
3813827420 87
3825964894 179
3834047911 175
3846291404 121
3863463209 97
3880856117 68
3896729982 82
3897441493 40
3930536579 8
3934144507 46
3954570302 81
3978014586 150
3985338750 95
4012176614 167
4020817277 141
4028575057 26
4106514720 58
4120563849 119
4136759817 171
4162517235 169
4168711638 135
4173604952 165
4231238145 154
4269563040 170
4277558944 33
