1800764 76
87484882 115
125896844 62
132851176 75
158100332 156
197722022 160
212966424 152
268465553 73
277378561 107
346763723 99
347327944 108
391851701 56
409984302 41
435153685 102
442087175 134
465915581 110
482554758 86
582418999 97
600757238 22
646992379 176
677338192 96
680353138 128
723386437 66
725606561 10
755509855 112
777434108 5
795357209 16
833957915 46
882923786 167
934031291 93
972543760 2
984515489 88
1029684725 159
1039775941 132
1061673189 8
1102138352 164
1119750476 144
1145535496 126
1163785346 174
1165500044 162
1171145260 35
1187002154 13
1199928407 57
1303866932 7
1315240339 15
1324646409 0
1353077104 14
1399969279 21
1404395783 81
1411244463 36
1423943361 138
1433784421 118
1481700130 44
1490182304 1
1506500056 28
1540789971 136
1565581772 68
1583240062 122
1593335970 148
1703074003 84
1723374255 79
1755211868 111
1780965381 147
1817977319 42
1832923198 29
1836837436 70
1854296563 129
1880656059 151
1902819574 178
1957456795 125
1965817051 25
1966862849 6
1967912122 89
1979915395 19
1987706045 109
1991912470 161
2034853916 119
2040735391 77
2054922385 94
2070794468 106
2071342302 168
2088744826 47
2180276089 27
2191007551 131
2245017434 139
2302936662 64
2321067875 67
2335376072 20
2337471812 150
2338681792 4
2352408356 58
2386566304 158
2420023489 145
2493197103 117
2523580740 104
2533558194 155
2563637387 54
2564901090 26
2590626395 71
2612076060 177
2663355169 33
2675243293 72
2677761041 59
2680647675 101
2689742369 49
2714344193 61
2736746253 163
2739454820 140
2751470307 173
2752981434 116
2759781031 30
2819042102 52
2820570352 90
2877103839 103
2878053286 83
2881898293 38
2931281920 157
2946051437 113
2947745968 18
2947818890 39
2975899179 69
2976264608 9
2979186596 3
3052336121 146
3109774447 11
3118895249 60
3134364972 80
3159294203 114
3197165266 130
3210776703 32
3224180642 48
3236016622 43
3252655057 120
3279979113 142
3305405241 24
3310504013 172
3311786556 50
3326957411 85
3332444146 123
3345103274 65
3346435016 87
3369397036 143
3415828832 153
3419165889 105
3421043283 51
3475802041 137
3576346154 127
3611753873 34
3637528652 17
3640665415 55
3644108658 133
3650994493 98
3682404586 53
3705166655 40
3794242346 82
3813827420 92
3825964894 179
3834047911 175
3846291404 124
3863463209 100
3880856117 74
3896729982 91
3897441493 45
3930536579 12
3934144507 31
3954570302 78
3978014586 149
3985338750 95
4012176614 165
4020817277 141
4028575057 23
4106514720 63
4120563849 121
4136759817 171
4162517235 169
4168711638 135
4173604952 166
4231238145 154
4269563040 170
4277558944 37
