1800764 113
87484882 96
97068523 8
125896844 77
132851176 64
158100332 155
197722022 158
212966424 136
268465553 115
277378561 76
346763723 86
347327944 83
386235461 38
391851701 43
409984302 33
435153685 95
442087175 123
456854657 4
465915581 105
482554758 65
521460429 24
582418999 118
600757238 48
646992379 176
677338192 97
680353138 117
723386437 106
755509855 138
777434108 31
789663515 12
833957915 18
849924382 3
882923786 166
934031291 73
984515489 110
1029684725 151
1039775941 135
1061673189 29
1102138352 164
1119750476 134
1145535496 108
1163785346 175
1165500044 162
1171145260 9
1187002154 61
1199928407 35
1302911819 44
1315240339 39
1324646409 0
1353077104 45
1399969279 11
1404395783 112
1411244463 13
1423943361 126
1433784421 114
1473496205 25
1481700130 55
1490182304 23
1497564029 10
1540789971 149
1565581772 72
1583240062 116
1593335970 143
1703074003 100
1723374255 98
1755211868 88
1780965381 139
1817977319 16
1832923198 5
1836837436 57
1854296563 111
1880656059 137
1902819574 178
1957456795 144
1965817051 6
1966862849 54
1967912122 122
1987706045 89
1991912470 161
2034853916 104
2040735391 68
2054922385 120
2070794468 103
2071342302 168
2088744826 22
2180276089 7
2191007551 160
2245017434 127
2302936662 47
2321067875 49
2337471812 133
2352408356 34
2386566304 152
2420023489 156
2493197103 121
2523580740 75
2533558194 153
2563637387 32
2564901090 1
2590626395 91
2612076060 177
2623420502 51
2663355169 66
2675243293 53
2677761041 94
2680647675 102
2689742369 26
2714344193 79
2736746253 163
2739454820 129
2751470307 173
2752981434 128
2819042102 28
2820570352 119
2877103839 90
2878053286 81
2881898293 60
2931281920 148
2940397723 41
2946051437 85
2947745968 20
2947818890 17
2975899179 62
2976264608 27
3052336121 132
3118895249 87
3134364972 63
3159294203 141
3197165266 145
3210776703 15
3224180642 37
3236016622 19
3252655057 147
3279979113 140
3305405241 42
3310504013 172
3311786556 50
3326957411 92
3332444146 146
3345103274 58
3346435016 70
3369397036 131
3415828832 150
3419165889 78
3421043283 59
3439938365 46
3475802041 125
3576346154 159
3611753873 40
3640665415 84
3644108658 124
3650994493 93
3682404586 107
3705166655 14
3794242346 69
3813827420 71
3825964894 179
3834047911 174
3846291404 101
3863463209 74
3880856117 56
3896729982 67
3897441493 21
3930536579 2
3934144507 80
3954570302 82
3978014586 154
3985338750 109
4012176614 165
4020817277 130
4028575057 36
4106514720 52
4120563849 99
4136759817 171
4162517235 169
4168711638 157
4173604952 167
4231238145 142
4269563040 170
4277558944 30
