1800764 78
87484882 98
125896844 93
132851176 58
158100332 154
197722022 149
212966424 133
268465553 77
277378561 84
346763723 100
347327944 86
386235461 2
391851701 38
409984302 24
435153685 108
442087175 123
456854657 10
465915581 95
482554758 82
521460429 29
582418999 118
600757238 55
646992379 175
677338192 81
680353138 120
723386437 112
755509855 134
833957915 28
882923786 166
934031291 73
984515489 113
1029684725 147
1039775941 135
1061459597 178
1061673189 39
1102138352 163
1119750476 136
1145535496 109
1163785346 174
1165500044 160
1171145260 12
1187002154 26
1199928407 47
1302911819 45
1315240339 11
1324646409 0
1353077104 50
1399969279 25
1404395783 114
1411244463 13
1423943361 126
1433784421 101
1462563128 9
1473496205 34
1481700130 37
1490182304 32
1497564029 15
1506500056 14
1540789971 150
1565581772 61
1583240062 106
1593335970 144
1703074003 75
1723374255 107
1755211868 91
1780965381 140
1817977319 18
1832923198 21
1836837436 70
1854296563 111
1880656059 137
1902819574 177
1957456795 141
1965817051 22
1966862849 54
1967912122 121
1987706045 87
1991912470 161
2034853916 103
2040735391 63
2054922385 119
2070794468 94
2071342302 168
2088744826 23
2180276089 4
2191007551 159
2245017434 125
2302936662 49
2321067875 51
2337471812 132
2352408356 42
2386566304 151
2420023489 157
2493197103 122
2523580740 83
2533558194 152
2563637387 35
2564901090 16
2590626395 67
2612076060 176
2623420502 8
2663355169 44
2675243293 57
2677761041 99
2680647675 92
2689742369 41
2714344193 60
2736746253 162
2739454820 129
2751470307 172
2752981434 127
2759781031 7
2819042102 40
2820570352 117
2877103839 102
2878053286 97
2881898293 36
2931281920 148
2940397723 3
2946051437 96
2947745968 1
2947818890 30
2975899179 74
3052336121 128
3118895249 64
3134364972 76
3159294203 138
3197165266 143
3210776703 27
3224180642 31
3236016622 33
3252655057 145
3279979113 142
3305405241 52
3310504013 171
3311786556 59
3326957411 71
3332444146 146
3345103274 72
3346435016 88
3369397036 131
3415828832 153
3419165889 89
3421043283 69
3453834671 5
3475802041 124
3576346154 158
3611753873 53
3640665415 56
3644108658 116
3650994493 80
3682404586 110
3705166655 17
3794242346 65
3813827420 90
3825964894 179
3834047911 173
3846291404 105
3863463209 79
3880856117 68
3896729982 85
3897441493 20
3930536579 19
3934144507 46
3954570302 66
3978014586 155
3985338750 115
4012176614 164
4020817277 130
4025582691 6
4028575057 48
4106514720 62
4120563849 104
4136759817 169
4162517235 165
4168711638 156
4173604952 167
4231238145 139
4269563040 170
4277558944 43
