1800764 150
87484882 118
97068523 62
125896844 18
132851176 104
158100332 148
197722022 167
212966424 154
268465553 151
277378561 97
346763723 67
347327944 103
386235461 87
391851701 84
409984302 81
435153685 66
442087175 105
465915581 142
482554758 43
582418999 50
646992379 174
677338192 138
680353138 93
715741596 47
723386437 19
725606561 20
755509855 61
777434108 79
789663515 63
795357209 13
833957915 23
849924382 59
882923786 166
905458755 41
934031291 108
984515489 27
1029684725 159
1039775941 88
1102138352 164
1119750476 121
1145535496 130
1163785346 169
1165500044 168
1171145260 42
1187002154 101
1199928407 37
1303866932 9
1315240339 91
1324646409 0
1404395783 25
1411244463 54
1423943361 137
1433784421 146
1481700130 100
1540789971 96
1565581772 117
1583240062 147
1593335970 119
1648888063 56
1687077153 5
1703074003 144
1723374255 24
1755211868 106
1780965381 122
1817977319 52
1836837436 36
1854296563 131
1878223483 10
1880656059 145
1902819574 178
1957456795 76
1967912122 28
1979915395 21
1987706045 116
1991912470 160
2034853916 135
2040735391 112
2054922385 44
2070794468 143
2071342302 165
2088744826 51
2180276089 55
2191007551 83
2245017434 152
2302936662 75
2321067875 78
2335376072 33
2337471812 140
2352408356 64
2386566304 155
2420023489 109
2493197103 73
2523580740 98
2533558194 149
2563637387 69
2590626395 134
2612076060 176
2623420502 92
2663355169 110
2675243293 60
2677761041 12
2680647675 141
2689742369 22
2714344193 125
2727339584 2
2736746253 162
2739454820 123
2751470307 173
2752981434 68
2759781031 34
2819042102 32
2820570352 31
2877103839 71
2878053286 35
2881898293 102
2931281920 156
2939038785 16
2940397723 89
2946051437 95
2947745968 70
2947818890 11
2975899179 29
2976264608 77
3052336121 157
3109774447 53
3118895249 132
3134364972 46
3159294203 65
3162794093 8
3197165266 82
3224180642 85
3236016622 14
3252655057 72
3255384253 4
3279979113 107
3310504013 175
3311786556 7
3326957411 133
3332444146 74
3345103274 30
3346435016 40
3369397036 126
3415828832 136
3419165889 90
3421043283 3
3439938365 86
3475802041 139
3576346154 80
3576952995 26
3637528652 6
3640665415 128
3644108658 153
3650994493 129
3682404586 1
3705166655 45
3794242346 113
3813827420 57
3825964894 179
3834047911 177
3846291404 115
3863463209 99
3880856117 39
3896729982 48
3897441493 58
3934144507 120
3954570302 127
3978014586 114
3985338750 49
4012176614 170
4020817277 124
4074327253 17
4088869787 15
4106514720 38
4120563849 111
4136759817 171
4162517235 172
4168711638 94
4173604952 163
4231238145 158
4269563040 161
