1800764 141
87484882 122
97068523 48
125896844 19
132851176 105
158100332 150
197722022 163
212966424 154
268465553 139
277378561 99
346763723 75
347327944 109
386235461 71
391851701 88
409984302 78
435153685 74
442087175 114
465915581 142
482554758 52
582418999 57
646992379 174
677338192 128
680353138 97
715741596 25
723386437 21
725606561 18
755509855 63
777434108 65
789663515 42
795357209 14
833957915 26
849924382 46
882923786 167
905458755 20
934031291 107
984515489 31
1029684725 159
1039775941 92
1102138352 165
1119750476 129
1145535496 132
1163785346 170
1165500044 168
1171145260 41
1187002154 91
1199928407 39
1303866932 9
1315240339 79
1324646409 0
1404395783 30
1411244463 54
1423943361 143
1433784421 146
1481700130 94
1506500056 6
1540789971 101
1565581772 111
1583240062 147
1593335970 127
1648888063 37
1703074003 136
1723374255 27
1755211868 110
1780965381 131
1817977319 53
1832923198 5
1836837436 40
1854296563 135
1880656059 149
1902819574 178
1957456795 85
1967912122 29
1979915395 23
1987706045 116
1991912470 160
2034853916 137
2040735391 106
2054922385 50
2070794468 140
2071342302 166
2088744826 55
2180276089 51
2191007551 89
2245017434 153
2302936662 80
2321067875 84
2335376072 28
2337471812 148
2352408356 67
2386566304 155
2420023489 118
2493197103 83
2523580740 102
2533558194 152
2563637387 70
2564901090 4
2590626395 124
2612076060 176
2623420502 76
2663355169 100
2675243293 64
2677761041 16
2680647675 138
2689742369 24
2714344193 113
2727339584 1
2736746253 162
2739454820 130
2751470307 173
2752981434 73
2759781031 32
2819042102 34
2820570352 33
2877103839 82
2878053286 38
2881898293 95
2931281920 157
2939038785 8
2940397723 72
2946051437 98
2947745968 62
2947818890 15
2975899179 35
2976264608 66
3052336121 156
3109774447 44
3118895249 120
3134364972 56
3159294203 68
3197165266 90
3210776703 7
3224180642 87
3236016622 17
3252655057 77
3279979113 117
3310504013 175
3311786556 12
3326957411 125
3332444146 81
3345103274 36
3346435016 49
3369397036 134
3415828832 144
3419165889 93
3421043283 10
3439938365 69
3475802041 145
3576346154 86
3576952995 22
3637528652 11
3640665415 112
3644108658 151
3650994493 126
3682404586 3
3705166655 45
3794242346 108
3813827420 61
3825964894 179
3834047911 177
3846291404 121
3863463209 103
3880856117 47
3896729982 60
3897441493 58
3934144507 104
3954570302 119
3978014586 123
3985338750 59
4012176614 169
4020817277 133
4074327253 13
4106514720 43
4120563849 115
4136759817 172
4162517235 171
4168711638 96
4173604952 164
4231238145 158
4269563040 161
4277558944 2
