1800764 149
87484882 126
97068523 68
125896844 12
132851176 110
158100332 150
197722022 169
212966424 154
268465553 148
277378561 100
346763723 74
347327944 111
386235461 86
391851701 93
409984302 90
435153685 73
442087175 109
465915581 146
482554758 49
582418999 40
646992379 176
677338192 138
680353138 97
715741596 48
723386437 10
725606561 28
755509855 47
777434108 82
789663515 62
795357209 24
833957915 32
849924382 66
882923786 168
905458755 36
934031291 114
984515489 25
1029684725 161
1039775941 84
1102138352 167
1119750476 123
1145535496 136
1163785346 171
1165500044 170
1171145260 52
1187002154 98
1199928407 43
1303866932 17
1315240339 92
1324646409 0
1378626860 7
1404395783 19
1411244463 64
1423943361 140
1433784421 151
1481700130 101
1506500056 6
1540789971 95
1565581772 120
1583240062 152
1593335970 118
1648888063 55
1687077153 1
1703074003 142
1723374255 21
1755211868 112
1780965381 122
1817977319 61
1832923198 2
1836837436 37
1854296563 137
1878223483 13
1880656059 147
1957456795 70
1967912122 18
1979915395 29
1987706045 121
1991912470 163
2034853916 139
2040735391 115
2054922385 33
2070794468 145
2071342302 166
2088744826 60
2180276089 63
2191007551 72
2245017434 156
2302936662 85
2321067875 88
2335376072 41
2337471812 143
2352408356 76
2386566304 157
2420023489 105
2493197103 75
2523580740 102
2533558194 153
2563637387 80
2564901090 4
2590626395 134
2612076060 178
2623420502 91
2663355169 107
2675243293 71
2677761041 3
2680647675 144
2689742369 27
2714344193 125
2727339584 11
2736746253 164
2739454820 127
2751470307 175
2752981434 59
2759781031 44
2819042102 38
2820570352 23
2877103839 79
2878053286 30
2881898293 103
2931281920 158
2939038785 22
2940397723 87
2946051437 99
2947745968 78
2947818890 16
2975899179 31
2976264608 81
3052336121 159
3109774447 58
3118895249 131
3134364972 51
3159294203 50
3162794093 9
3197165266 77
3210776703 8
3224180642 94
3236016622 20
3252655057 57
3279979113 106
3310504013 177
3311786556 5
3326957411 135
3332444146 65
3345103274 34
3346435016 39
3369397036 129
3415828832 133
3419165889 96
3439938365 83
3475802041 141
3576346154 67
3576952995 35
3637528652 14
3640665415 124
3644108658 155
3650994493 132
3705166655 54
3794242346 116
3813827420 56
3825964894 179
3846291404 119
3863463209 104
3880856117 46
3896729982 53
3897441493 69
3934144507 113
3954570302 130
3978014586 108
3985338750 45
4012176614 173
4020817277 128
4074327253 26
4088869787 15
4106514720 42
4120563849 117
4136759817 172
4162517235 174
4168711638 89
4173604952 165
4231238145 160
4269563040 162
