1800764 53
87484882 103
125896844 83
132851176 62
158100332 159
197722022 152
212966424 143
268465553 47
277378561 97
346763723 110
347327944 93
391851701 41
409984302 21
435153685 112
442087175 128
465915581 85
482554758 87
521460429 15
582418999 118
600757238 51
646992379 175
677338192 73
680353138 124
723386437 91
755509855 122
795357209 10
833957915 48
882923786 166
934031291 74
972543760 4
976519997 3
984515489 104
1029684725 153
1039775941 133
1061459597 178
1061673189 26
1102138352 163
1119750476 145
1145535496 116
1163785346 174
1165500044 160
1171145260 27
1199928407 66
1302911819 20
1324646409 0
1353077104 37
1399969279 35
1402099477 2
1404395783 101
1411244463 24
1423943361 132
1433784421 99
1462563128 1
1473496205 17
1481700130 18
1490182304 19
1506500056 33
1540789971 142
1565581772 55
1583240062 105
1593335970 150
1703074003 61
1723374255 96
1755211868 100
1780965381 149
1817977319 30
1832923198 38
1836837436 78
1854296563 119
1880656059 147
1902819574 177
1957456795 131
1965817051 36
1966862849 29
1967912122 109
1979915395 14
1987706045 88
1991912470 161
2034853916 106
2040735391 64
2054922385 114
2070794468 81
2071342302 168
2088744826 39
2137655290 9
2180276089 13
2191007551 137
2245017434 126
2302936662 67
2321067875 68
2335376072 12
2337471812 144
2338681792 7
2352408356 60
2386566304 157
2420023489 151
2493197103 121
2523580740 95
2533558194 158
2563637387 44
2564901090 34
2590626395 52
2612076060 176
2663355169 6
2675243293 71
2677761041 84
2680647675 79
2689742369 57
2714344193 42
2736746253 162
2739454820 138
2751470307 172
2752981434 123
2759781031 22
2819042102 58
2820570352 108
2877103839 111
2878053286 94
2881898293 11
2931281920 155
2946051437 107
2947818890 45
2975899179 82
2979186596 5
3052336121 136
3118895249 40
3134364972 86
3159294203 125
3197165266 134
3210776703 43
3224180642 28
3236016622 50
3252655057 127
3279979113 146
3305405241 49
3310504013 171
3311786556 69
3326957411 63
3332444146 130
3345103274 77
3346435016 90
3369397036 140
3415828832 156
3419165889 102
3421043283 70
3475802041 129
3576346154 135
3611753873 56
3637528652 16
3640665415 25
3644108658 120
3650994493 76
3682404586 75
3705166655 31
3794242346 65
3813827420 98
3825964894 179
3834047911 173
3846291404 117
3863463209 89
3880856117 80
3896729982 92
3897441493 32
3930536579 23
3954570302 59
3978014586 154
3985338750 113
4012176614 164
4020817277 139
4025582691 8
4028575057 46
4106514720 72
4120563849 115
4136759817 170
4162517235 165
4168711638 141
4173604952 167
4231238145 148
4269563040 169
4277558944 54
