1800764 67
87484882 113
125896844 77
132851176 65
158100332 158
197722022 160
212966424 147
268465553 62
277378561 102
346763723 105
347327944 103
391851701 51
409984302 33
435153685 110
442087175 131
465915581 99
482554758 83
521460429 6
582418999 112
600757238 40
646992379 176
677338192 89
680353138 125
723386437 82
725606561 5
755509855 121
795357209 13
833957915 48
882923786 166
934031291 84
984515489 93
1029684725 156
1039775941 133
1061673189 16
1102138352 164
1119750476 145
1145535496 119
1163785346 174
1165500044 162
1171145260 31
1187002154 7
1199928407 58
1302911819 11
1315240339 8
1324646409 0
1353077104 22
1399969279 25
1404395783 91
1411244463 30
1423943361 137
1433784421 114
1473496205 9
1481700130 34
1490182304 10
1506500056 27
1540789971 139
1565581772 60
1583240062 116
1593335970 149
1703074003 72
1723374255 87
1755211868 106
1780965381 148
1817977319 37
1832923198 32
1836837436 78
1854296563 120
1880656059 150
1902819574 178
1957456795 129
1965817051 29
1966862849 19
1967912122 96
1979915395 17
1987706045 101
1991912470 161
2034853916 115
2040735391 69
2054922385 108
2070794468 95
2071342302 169
2088744826 44
2137655290 2
2180276089 20
2191007551 134
2245017434 136
2302936662 63
2321067875 64
2335376072 18
2337471812 146
2338681792 4
2352408356 56
2386566304 159
2420023489 151
2493197103 122
2523580740 100
2533558194 157
2563637387 50
2564901090 26
2590626395 61
2612076060 177
2663355169 24
2675243293 71
2677761041 76
2680647675 94
2689742369 52
2714344193 57
2736746253 163
2739454820 140
2751470307 173
2752981434 123
2759781031 23
2819042102 53
2820570352 97
2877103839 109
2878053286 86
2881898293 28
2931281920 155
2946051437 111
2947745968 12
2947818890 43
2975899179 79
2979186596 1
3052336121 142
3109774447 3
3118895249 55
3134364972 81
3159294203 124
3197165266 130
3210776703 39
3224180642 42
3236016622 46
3252655057 127
3279979113 144
3305405241 38
3310504013 172
3311786556 54
3326957411 73
3332444146 128
3345103274 75
3346435016 85
3369397036 143
3415828832 154
3419165889 104
3421043283 59
3475802041 135
3576346154 132
3611753873 47
3637528652 14
3640665415 49
3644108658 126
3650994493 90
3682404586 66
3705166655 36
3794242346 74
3813827420 92
3825964894 179
3834047911 175
3846291404 118
3863463209 98
3880856117 80
3896729982 88
3897441493 41
3930536579 15
3934144507 21
3954570302 68
3978014586 152
3985338750 107
4012176614 165
4020817277 141
4028575057 35
4106514720 70
4120563849 117
4136759817 171
4162517235 168
4168711638 138
4173604952 167
4231238145 153
4269563040 170
4277558944 45
