1800764 60
87484882 116
125896844 69
132851176 68
158100332 156
197722022 160
212966424 151
268465553 55
277378561 107
346763723 105
347327944 106
391851701 53
409984302 34
435153685 110
442087175 135
465915581 100
482554758 89
582418999 101
600757238 25
646992379 176
677338192 91
680353138 131
723386437 72
725606561 14
755509855 108
795357209 19
833957915 51
882923786 167
934031291 92
972543760 8
984515489 85
1029684725 158
1039775941 132
1061673189 13
1102138352 164
1119750476 145
1145535496 127
1163785346 174
1165500044 162
1171145260 38
1199928407 65
1303866932 10
1315240339 1
1324646409 0
1353077104 16
1399969279 26
1404395783 84
1411244463 36
1423943361 139
1433784421 114
1481700130 29
1490182304 3
1506500056 33
1540789971 136
1565581772 62
1583240062 119
1593335970 149
1703074003 66
1723374255 81
1755211868 112
1780965381 148
1817977319 42
1832923198 35
1836837436 79
1854296563 128
1880656059 152
1902819574 178
1957456795 125
1965817051 31
1966862849 6
1967912122 83
1979915395 23
1987706045 103
1991912470 161
2034853916 118
2040735391 71
2054922385 96
2070794468 98
2071342302 169
2088744826 47
2137655290 5
2180276089 24
2191007551 129
2245017434 138
2302936662 73
2321067875 74
2335376072 21
2337471812 150
2338681792 11
2352408356 63
2386566304 159
2420023489 146
2493197103 121
2523580740 104
2533558194 155
2563637387 54
2564901090 32
2590626395 61
2612076060 177
2663355169 17
2675243293 80
2677761041 64
2680647675 95
2689742369 56
2714344193 52
2736746253 163
2739454820 140
2751470307 173
2752981434 117
2759781031 30
2819042102 59
2820570352 86
2877103839 111
2878053286 87
2881898293 20
2931281920 157
2946051437 115
2947745968 15
2947818890 46
2975899179 78
2979186596 9
3044575483 2
3052336121 144
3109774447 7
3118895249 50
3134364972 88
3159294203 113
3197165266 130
3210776703 40
3224180642 41
3236016622 48
3252655057 120
3279979113 142
3305405241 28
3310504013 172
3311786556 58
3326957411 70
3332444146 122
3345103274 77
3346435016 90
3369397036 143
3415828832 154
3419165889 109
3421043283 57
3475802041 137
3516413806 4
3576346154 124
3611753873 39
3637528652 22
3640665415 37
3644108658 133
3650994493 94
3682404586 49
3705166655 44
3794242346 76
3813827420 97
3825964894 179
3834047911 175
3846291404 126
3863463209 102
3880856117 82
3896729982 93
3897441493 45
3930536579 18
3934144507 12
3954570302 67
3978014586 147
3985338750 99
4012176614 165
4020817277 141
4028575057 27
4106514720 75
4120563849 123
4136759817 171
4162517235 168
4168711638 134
4173604952 166
4231238145 153
4269563040 170
4277558944 43
