1800764 60
87484882 84
125896844 108
132851176 41
158100332 147
197722022 134
212966424 125
268465553 59
277378561 78
346763723 105
347327944 74
366165566 12
391851701 13
435153685 109
442087175 118
456854657 50
465915581 73
480126874 29
482554758 96
521460429 61
582418999 124
600757238 86
646992379 174
677338192 64
680353138 116
723386437 119
755509855 150
833957915 21
882923786 163
934031291 57
976519997 17
984515489 120
1029684725 136
1039775941 143
1061459597 178
1061673189 63
1102138352 154
1119750476 137
1145535496 98
1163785346 175
1165500044 146
1187002154 1
1199928407 51
1302911819 83
1324646409 0
1353077104 81
1399969279 37
1402099477 25
1404395783 121
1423943361 114
1433784421 85
1462563128 43
1473496205 62
1481700130 9
1490182304 58
1497564029 52
1506500056 16
1540789971 159
1565581772 44
1583240062 93
1593335970 142
1703074003 56
1723374255 112
1755211868 79
1780965381 140
1817977319 2
1832923198 24
1836837436 82
1854296563 101
1880656059 133
1902819574 177
1957456795 157
1965817051 28
1966862849 94
1967912122 135
1987706045 72
1991912470 149
2023365118 19
2034853916 88
2040735391 46
2054922385 127
2070794468 68
2071342302 166
2088744826 7
2115991866 26
2137655290 10
2191007551 170
2245017434 110
2273076216 5
2302936662 40
2321067875 42
2337471812 131
2352408356 27
2386566304 141
2420023489 160
2455595861 22
2493197103 123
2523580740 76
2533558194 145
2563637387 11
2564901090 18
2590626395 49
2612076060 176
2618357298 15
2663355169 14
2675243293 55
2677761041 111
2680647675 67
2689742369 38
2714344193 39
2736746253 151
2739454820 126
2751470307 172
2752981434 139
2819042102 34
2820570352 129
2877103839 106
2878053286 107
2881898293 8
2931281920 138
2946051437 92
2947818890 31
2975899179 91
3052336121 115
3118895249 45
3134364972 90
3159294203 153
3197165266 155
3210776703 32
3224180642 6
3236016622 30
3252655057 162
3279979113 144
3305405241 75
3310504013 167
3311786556 77
3326957411 53
3332444146 161
3345103274 87
3346435016 103
3369397036 132
3415828832 148
3419165889 89
3421043283 95
3453834671 33
3475802041 113
3576346154 169
3611753873 71
3640665415 35
3644108658 104
3650994493 65
3682404586 122
3705166655 3
3794242346 47
3813827420 102
3825964894 179
3834047911 173
3846291404 100
3863463209 70
3880856117 80
3896729982 99
3897441493 4
3930536579 36
3934144507 20
3954570302 48
3978014586 156
3985338750 117
4012176614 152
4020817277 128
4025582691 23
4028575057 69
4106514720 66
4120563849 97
4136759817 168
4162517235 158
4168711638 165
4173604952 164
4231238145 130
4269563040 171
4277558944 54
