1800764 101
87484882 113
97068523 2
125896844 59
132851176 76
158100332 156
197722022 160
212966424 152
268465553 95
277378561 102
346763723 92
347327944 104
386235461 14
391851701 55
409984302 46
435153685 97
442087175 132
465915581 114
482554758 70
582418999 94
600757238 25
646992379 175
677338192 107
680353138 122
723386437 69
725606561 3
755509855 115
777434108 17
795357209 6
833957915 38
849924382 4
882923786 166
934031291 93
984515489 79
1029684725 159
1039775941 130
1061673189 1
1102138352 164
1119750476 144
1145535496 123
1163785346 174
1165500044 163
1171145260 34
1187002154 40
1199928407 50
1315240339 33
1324646409 0
1353077104 9
1399969279 11
1404395783 78
1411244463 36
1423943361 138
1433784421 121
1481700130 52
1506500056 19
1540789971 136
1565581772 82
1583240062 125
1593335970 146
1703074003 99
1723374255 74
1755211868 109
1780965381 145
1817977319 39
1832923198 20
1836837436 63
1854296563 126
1880656059 151
1902819574 178
1957456795 128
1965817051 13
1966862849 5
1967912122 85
1979915395 12
1987706045 108
1991912470 161
2034853916 120
2040735391 83
2054922385 91
2070794468 111
2071342302 167
2088744826 43
2180276089 29
2191007551 133
2245017434 142
2302936662 64
2321067875 67
2335376072 16
2337471812 148
2352408356 53
2386566304 158
2420023489 147
2493197103 112
2523580740 103
2533558194 155
2563637387 48
2564901090 15
2590626395 87
2612076060 177
2623420502 21
2663355169 54
2675243293 66
2677761041 60
2680647675 110
2689742369 42
2714344193 77
2736746253 162
2739454820 139
2751470307 173
2752981434 116
2759781031 26
2819042102 44
2820570352 84
2877103839 96
2878053286 73
2881898293 51
2931281920 157
2940397723 18
2946051437 106
2947745968 28
2947818890 32
2975899179 62
2976264608 22
3052336121 150
3109774447 10
3118895249 80
3134364972 68
3159294203 117
3197165266 129
3210776703 27
3224180642 49
3236016622 35
3252655057 124
3279979113 143
3305405241 24
3310504013 172
3311786556 45
3326957411 90
3332444146 127
3345103274 61
3346435016 72
3369397036 141
3415828832 153
3419165889 98
3421043283 47
3439938365 8
3475802041 137
3576346154 131
3611753873 31
3637528652 7
3640665415 71
3644108658 134
3650994493 105
3682404586 56
3705166655 37
3794242346 86
3813827420 81
3825964894 179
3834047911 176
3846291404 119
3863463209 100
3880856117 65
3896729982 75
3897441493 41
3934144507 57
3954570302 88
3978014586 149
3985338750 89
4012176614 168
4020817277 140
4028575057 23
4106514720 58
4120563849 118
4136759817 171
4162517235 170
4168711638 135
4173604952 165
4231238145 154
4269563040 169
4277558944 30
