1800764 89
87484882 123
125896844 54
132851176 86
158100332 154
197722022 160
212966424 153
268465553 85
277378561 113
346763723 98
347327944 116
386235461 5
391851701 61
409984302 48
435153685 99
442087175 135
465915581 122
482554758 78
582418999 87
600757238 11
646992379 175
677338192 107
680353138 125
723386437 55
725606561 14
755509855 95
777434108 9
795357209 19
833957915 45
849924382 8
882923786 166
934031291 101
984515489 68
1029684725 159
1039775941 124
1102138352 164
1119750476 145
1145535496 132
1163785346 174
1165500044 163
1171145260 39
1187002154 18
1199928407 58
1303866932 10
1315240339 20
1324646409 0
1399969279 17
1404395783 63
1411244463 42
1423943361 140
1433784421 126
1481700130 52
1506500056 28
1540789971 133
1565581772 82
1583240062 131
1593335970 146
1703074003 94
1723374255 62
1755211868 121
1780965381 148
1817977319 46
1832923198 27
1836837436 70
1854296563 134
1880656059 152
1902819574 178
1957456795 110
1965817051 22
1967912122 60
1979915395 25
1987706045 119
1991912470 161
2034853916 128
2040735391 91
2054922385 81
2070794468 117
2071342302 167
2088744826 51
2180276089 33
2191007551 114
2245017434 147
2302936662 76
2321067875 80
2335376072 29
2337471812 149
2338681792 1
2352408356 65
2386566304 157
2420023489 138
2493197103 111
2523580740 112
2533558194 155
2563637387 57
2564901090 24
2590626395 84
2612076060 177
2663355169 40
2675243293 77
2677761041 47
2680647675 115
2689742369 49
2714344193 74
2736746253 162
2739454820 141
2751470307 173
2752981434 102
2759781031 34
2819042102 53
2820570352 66
2877103839 100
2878053286 72
2881898293 43
2931281920 158
2940397723 6
2946051437 118
2947745968 26
2947818890 36
2975899179 67
2976264608 15
2979186596 3
3052336121 150
3109774447 16
3118895249 73
3134364972 79
3159294203 97
3197165266 120
3210776703 32
3224180642 56
3236016622 38
3252655057 103
3279979113 137
3305405241 12
3310504013 172
3311786556 41
3326957411 96
3332444146 104
3345103274 64
3346435016 75
3369397036 144
3415828832 151
3419165889 106
3421043283 37
3475802041 139
3516413806 4
3576346154 105
3611753873 23
3637528652 21
3640665415 59
3644108658 136
3650994493 108
3682404586 30
3705166655 44
3794242346 93
3813827420 90
3825964894 179
3834047911 176
3846291404 129
3863463209 109
3880856117 71
3896729982 83
3897441493 50
3930536579 7
3934144507 35
3954570302 92
3978014586 143
3985338750 88
4012176614 169
4020817277 142
4028575057 13
4074327253 2
4106514720 69
4120563849 127
4136759817 171
4162517235 170
4168711638 130
4173604952 165
4231238145 156
4269563040 168
4277558944 31
