1800764 69
87484882 106
125896844 78
132851176 62
158100332 160
197722022 157
212966424 145
268465553 67
277378561 99
346763723 105
347327944 98
391851701 49
409984302 29
435153685 111
442087175 127
465915581 96
482554758 84
521460429 13
582418999 117
600757238 48
646992379 176
677338192 83
680353138 123
723386437 93
755509855 125
795357209 8
833957915 43
882923786 167
934031291 80
984515489 103
1029684725 154
1039775941 134
1061673189 20
1102138352 164
1119750476 142
1145535496 119
1163785346 175
1165500044 161
1171145260 23
1187002154 7
1199928407 57
1302911819 19
1315240339 6
1324646409 0
1353077104 37
1399969279 28
1404395783 102
1411244463 22
1423943361 131
1433784421 107
1462563128 1
1473496205 14
1481700130 35
1490182304 15
1497564029 2
1506500056 25
1540789971 144
1565581772 59
1583240062 114
1593335970 150
1703074003 73
1723374255 94
1755211868 101
1780965381 149
1817977319 33
1832923198 31
1836837436 75
1854296563 120
1880656059 148
1902819574 178
1957456795 132
1965817051 30
1966862849 32
1967912122 110
1979915395 11
1987706045 95
1991912470 162
2034853916 112
2040735391 65
2054922385 115
2070794468 90
2071342302 169
2088744826 40
2137655290 4
2180276089 16
2191007551 141
2245017434 129
2302936662 60
2321067875 61
2335376072 10
2337471812 143
2338681792 3
2352408356 54
2386566304 158
2420023489 152
2493197103 121
2523580740 97
2533558194 159
2563637387 46
2564901090 26
2590626395 63
2612076060 177
2663355169 24
2675243293 71
2677761041 82
2680647675 89
2689742369 51
2714344193 56
2736746253 163
2739454820 137
2751470307 173
2752981434 124
2759781031 18
2819042102 53
2820570352 109
2877103839 108
2878053286 88
2881898293 27
2931281920 155
2946051437 104
2947745968 9
2947818890 41
2975899179 77
3052336121 136
3118895249 55
3134364972 81
3159294203 126
3197165266 135
3210776703 38
3224180642 39
3236016622 42
3252655057 130
3279979113 147
3305405241 45
3310504013 172
3311786556 58
3326957411 72
3332444146 133
3345103274 74
3346435016 86
3369397036 140
3415828832 156
3419165889 100
3421043283 64
3475802041 128
3576346154 138
3611753873 52
3637528652 12
3640665415 50
3644108658 122
3650994493 85
3682404586 79
3705166655 34
3794242346 70
3813827420 92
3825964894 179
3834047911 174
3846291404 118
3863463209 91
3880856117 76
3896729982 87
3897441493 36
3930536579 17
3934144507 21
3954570302 66
3978014586 153
3985338750 113
4012176614 165
4020817277 139
4025582691 5
4028575057 44
4106514720 68
4120563849 116
4136759817 171
4162517235 166
4168711638 146
4173604952 168
4231238145 151
4269563040 170
4277558944 47
