1800764 38
87484882 102
125896844 85
132851176 58
158100332 159
197722022 151
212966424 143
268465553 32
277378561 98
346763723 110
347327944 92
391851701 41
409984302 21
435153685 115
442087175 130
465915581 79
482554758 89
521460429 15
582418999 117
600757238 52
646992379 175
677338192 71
680353138 125
723386437 88
755509855 121
795357209 12
833957915 55
882923786 166
934031291 74
972543760 6
976519997 5
984515489 103
1029684725 153
1039775941 135
1061459597 178
1061673189 27
1102138352 164
1119750476 145
1145535496 114
1163785346 174
1165500044 160
1171145260 30
1199928407 68
1302911819 19
1324646409 0
1353077104 36
1399969279 40
1402099477 4
1404395783 101
1411244463 24
1423943361 134
1433784421 91
1462563128 2
1473496205 18
1481700130 9
1490182304 20
1506500056 37
1540789971 142
1565581772 47
1583240062 104
1593335970 150
1703074003 49
1723374255 96
1755211868 99
1780965381 149
1817977319 33
1832923198 45
1836837436 81
1854296563 119
1880656059 148
1902819574 177
1957456795 129
1965817051 43
1966862849 26
1967912122 105
1979915395 17
1987706045 87
1991912470 161
2034853916 106
2040735391 60
2054922385 112
2070794468 78
2071342302 168
2088744826 42
2137655290 11
2180276089 13
2191007551 137
2245017434 127
2273076216 3
2302936662 66
2321067875 67
2335376072 14
2337471812 144
2338681792 10
2352408356 64
2386566304 157
2420023489 152
2493197103 122
2523580740 97
2533558194 158
2563637387 46
2564901090 39
2590626395 44
2612076060 176
2675243293 73
2677761041 82
2680647675 76
2689742369 62
2714344193 31
2736746253 162
2739454820 138
2751470307 172
2752981434 124
2759781031 23
2819042102 63
2820570352 108
2877103839 111
2878053286 95
2881898293 1
2931281920 155
2946051437 109
2947818890 54
2975899179 84
2979186596 7
3052336121 136
3118895249 29
3134364972 86
3159294203 123
3197165266 133
3210776703 48
3224180642 25
3236016622 56
3252655057 126
3279979113 146
3305405241 51
3310504013 171
3311786556 69
3326957411 57
3332444146 128
3345103274 80
3346435016 93
3369397036 141
3415828832 156
3419165889 107
3421043283 70
3475802041 131
3576346154 132
3611753873 61
3637528652 22
3640665415 16
3644108658 120
3650994493 75
3682404586 72
3705166655 35
3794242346 65
3813827420 100
3825964894 179
3834047911 173
3846291404 118
3863463209 90
3880856117 83
3896729982 94
3897441493 34
3930536579 28
3954570302 53
3978014586 154
3985338750 113
4012176614 163
4020817277 139
4025582691 8
4028575057 50
4106514720 77
4120563849 116
4136759817 170
4162517235 165
4168711638 140
4173604952 167
4231238145 147
4269563040 169
4277558944 59
