1800764 136
87484882 117
97068523 37
125896844 32
132851176 95
158100332 153
197722022 161
212966424 152
268465553 138
277378561 89
346763723 78
347327944 103
386235461 67
391851701 75
409984302 66
435153685 79
442087175 123
465915581 132
482554758 53
582418999 76
646992379 175
677338192 124
680353138 98
715741596 23
723386437 46
725606561 12
755509855 84
777434108 58
789663515 36
795357209 9
833957915 21
849924382 33
882923786 166
905458755 17
934031291 100
984515489 56
1029684725 159
1039775941 105
1102138352 163
1119750476 140
1145535496 125
1163785346 172
1165500044 168
1171145260 28
1187002154 81
1199928407 34
1303866932 2
1315240339 72
1324646409 0
1404395783 54
1411244463 38
1423943361 144
1433784421 139
1481700130 82
1506500056 7
1540789971 121
1565581772 108
1583240062 142
1593335970 143
1648888063 25
1703074003 128
1723374255 48
1755211868 106
1780965381 145
1817977319 39
1832923198 6
1836837436 45
1854296563 126
1880656059 150
1902819574 178
1957456795 97
1967912122 63
1979915395 15
1987706045 112
1991912470 160
2034853916 127
2040735391 99
2054922385 70
2070794468 131
2071342302 167
2088744826 40
2180276089 35
2191007551 110
2245017434 151
2302936662 69
2321067875 73
2335376072 20
2337471812 147
2352408356 55
2386566304 156
2420023489 134
2493197103 86
2523580740 91
2533558194 154
2563637387 60
2564901090 3
2590626395 120
2612076060 177
2623420502 77
2663355169 93
2675243293 59
2677761041 31
2680647675 130
2689742369 22
2714344193 109
2736746253 162
2739454820 133
2751470307 173
2752981434 85
2759781031 24
2819042102 26
2820570352 62
2877103839 80
2878053286 50
2881898293 87
2931281920 157
2939038785 1
2940397723 68
2946051437 90
2947745968 49
2947818890 14
2975899179 42
2976264608 57
3052336121 155
3109774447 29
3118895249 115
3134364972 52
3159294203 88
3197165266 102
3210776703 11
3224180642 74
3236016622 16
3252655057 94
3279979113 129
3310504013 174
3311786556 18
3326957411 122
3332444146 96
3345103274 41
3346435016 51
3369397036 137
3415828832 148
3419165889 83
3421043283 19
3439938365 65
3475802041 146
3576346154 107
3576952995 13
3611753873 8
3637528652 4
3640665415 111
3644108658 149
3650994493 119
3682404586 27
3705166655 30
3794242346 101
3813827420 64
3825964894 179
3834047911 176
3846291404 116
3863463209 92
3880856117 47
3896729982 61
3897441493 44
3934144507 104
3954570302 114
3978014586 141
3985338750 71
4012176614 169
4020817277 135
4074327253 5
4106514720 43
4120563849 113
4136759817 171
4162517235 170
4168711638 118
4173604952 165
4231238145 158
4269563040 164
4277558944 10
