1800764 151
87484882 119
97068523 65
125896844 16
132851176 109
158100332 146
197722022 168
212966424 152
268465553 154
277378561 98
346763723 67
347327944 105
386235461 89
391851701 86
409984302 84
435153685 66
442087175 104
465915581 144
482554758 42
582418999 49
646992379 175
677338192 139
680353138 92
715741596 55
723386437 19
725606561 22
755509855 61
777434108 82
789663515 69
795357209 14
833957915 24
849924382 62
882923786 167
905458755 47
934031291 110
984515489 27
1029684725 160
1039775941 85
1102138352 165
1119750476 120
1145535496 130
1163785346 170
1165500044 169
1171145260 44
1187002154 102
1199928407 38
1303866932 7
1315240339 93
1324646409 0
1378626860 4
1404395783 26
1411244463 54
1423943361 134
1433784421 148
1481700130 101
1540789971 96
1565581772 121
1583240062 149
1593335970 118
1648888063 59
1687077153 9
1703074003 147
1723374255 25
1755211868 107
1780965381 122
1817977319 52
1836837436 36
1854296563 131
1878223483 11
1880656059 143
1957456795 76
1967912122 28
1979915395 23
1987706045 117
1991912470 161
2034853916 136
2040735391 113
2054922385 43
2070794468 145
2071342302 166
2088744826 51
2180276089 56
2191007551 83
2245017434 153
2302936662 77
2321067875 79
2335376072 35
2337471812 141
2352408356 64
2386566304 156
2420023489 108
2493197103 73
2523580740 99
2533558194 150
2563637387 71
2590626395 138
2612076060 177
2623420502 97
2663355169 116
2675243293 60
2677761041 12
2680647675 142
2689742369 21
2714344193 127
2727339584 3
2736746253 163
2739454820 123
2751470307 174
2752981434 68
2759781031 37
2819042102 32
2820570352 31
2877103839 70
2878053286 34
2881898293 103
2931281920 157
2939038785 18
2940397723 91
2946051437 95
2947745968 74
2947818890 10
2975899179 29
2976264608 80
3052336121 158
3109774447 57
3118895249 135
3134364972 45
3159294203 63
3162794093 13
3197165266 81
3224180642 88
3236016622 15
3252655057 72
3255384253 8
3279979113 106
3310504013 176
3311786556 5
3326957411 137
3332444146 75
3345103274 30
3346435016 40
3369397036 125
3415828832 133
3419165889 87
3421043283 2
3439938365 90
3475802041 140
3576346154 78
3576952995 33
3637528652 6
3640665415 132
3644108658 155
3650994493 129
3682404586 1
3705166655 46
3794242346 114
3813827420 53
3825964894 179
3834047911 178
3846291404 115
3863463209 100
3880856117 41
3896729982 50
3897441493 58
3934144507 126
3954570302 128
3978014586 112
3985338750 48
4012176614 172
4020817277 124
4074327253 17
4088869787 20
4106514720 39
4120563849 111
4136759817 171
4162517235 173
4168711638 94
4173604952 164
4231238145 159
4269563040 162
