1800764 120
87484882 106
97068523 21
125896844 61
132851176 73
158100332 156
197722022 160
212966424 149
268465553 122
277378561 80
346763723 75
347327944 92
386235461 46
391851701 52
409984302 43
435153685 84
442087175 124
465915581 117
482554758 62
582418999 101
600757238 35
646992379 175
677338192 108
680353138 111
715741596 8
723386437 77
755509855 125
777434108 40
789663515 24
833957915 20
849924382 16
882923786 166
934031291 86
984515489 85
1029684725 159
1039775941 127
1061673189 7
1102138352 164
1119750476 139
1145535496 115
1163785346 174
1165500044 163
1171145260 17
1187002154 68
1199928407 37
1302911819 14
1315240339 50
1324646409 0
1353077104 22
1399969279 2
1404395783 87
1411244463 26
1423943361 129
1433784421 121
1481700130 65
1506500056 3
1540789971 142
1565581772 89
1583240062 123
1593335970 144
1648888063 11
1703074003 112
1723374255 71
1755211868 94
1780965381 143
1817977319 29
1832923198 5
1836837436 54
1854296563 118
1880656059 145
1902819574 178
1957456795 132
1965817051 4
1966862849 30
1967912122 102
1987706045 98
1991912470 161
2034853916 113
2040735391 79
2054922385 100
2070794468 116
2071342302 167
2088744826 32
2180276089 19
2191007551 150
2245017434 138
2302936662 55
2321067875 58
2335376072 6
2337471812 141
2352408356 42
2386566304 158
2420023489 152
2493197103 110
2523580740 82
2533558194 155
2563637387 41
2564901090 1
2590626395 103
2612076060 177
2623420502 59
2663355169 74
2675243293 51
2677761041 67
2680647675 114
2689742369 28
2714344193 93
2736746253 162
2739454820 131
2751470307 173
2752981434 119
2759781031 10
2819042102 33
2820570352 96
2877103839 78
2878053286 66
2881898293 70
2931281920 157
2940397723 47
2946051437 88
2947745968 36
2947818890 13
2975899179 57
2976264608 38
3052336121 147
3109774447 12
3118895249 99
3134364972 60
3159294203 126
3197165266 134
3210776703 9
3224180642 48
3236016622 15
3252655057 136
3279979113 140
3305405241 27
3310504013 172
3311786556 39
3326957411 104
3332444146 137
3345103274 53
3346435016 64
3369397036 135
3415828832 153
3419165889 76
3421043283 44
3439938365 49
3475802041 128
3576346154 148
3611753873 31
3640665415 95
3644108658 130
3650994493 105
3682404586 72
3705166655 25
3794242346 83
3813827420 69
3825964894 179
3834047911 176
3846291404 109
3863463209 81
3880856117 56
3896729982 63
3897441493 34
3934144507 90
3954570302 97
3978014586 151
3985338750 91
4012176614 168
4020817277 133
4028575057 23
4106514720 45
4120563849 107
4136759817 171
4162517235 170
4168711638 146
4173604952 165
4231238145 154
4269563040 169
4277558944 18
