1800764 152
87484882 115
97068523 62
125896844 22
132851176 105
158100332 148
197722022 163
212966424 153
268465553 154
277378561 93
346763723 66
347327944 102
386235461 84
391851701 78
409984302 74
435153685 67
442087175 107
465915581 142
482554758 42
582418999 61
646992379 174
677338192 136
680353138 92
715741596 53
723386437 27
725606561 16
755509855 71
777434108 77
789663515 63
795357209 8
833957915 20
849924382 59
882923786 167
905458755 41
934031291 106
984515489 39
1029684725 159
1039775941 89
1102138352 165
1119750476 122
1145535496 129
1163785346 171
1165500044 168
1171145260 34
1187002154 103
1199928407 30
1303866932 3
1315240339 86
1324646409 0
1404395783 38
1411244463 48
1423943361 135
1433784421 144
1481700130 98
1540789971 100
1565581772 117
1583240062 145
1593335970 120
1648888063 54
1687077153 5
1703074003 146
1723374255 33
1755211868 104
1780965381 127
1817977319 45
1836837436 31
1854296563 130
1878223483 4
1880656059 147
1902819574 178
1957456795 83
1967912122 47
1979915395 17
1987706045 112
1991912470 160
2034853916 132
2040735391 109
2054922385 55
2070794468 143
2071342302 166
2088744826 44
2180276089 49
2191007551 96
2245017434 150
2302936662 69
2321067875 70
2335376072 24
2337471812 140
2352408356 60
2386566304 155
2420023489 116
2493197103 75
2523580740 95
2533558194 149
2563637387 64
2590626395 137
2612076060 176
2623420502 94
2663355169 114
2675243293 57
2677761041 21
2680647675 141
2689742369 19
2714344193 123
2736746253 162
2739454820 119
2751470307 173
2752981434 72
2759781031 26
2819042102 25
2820570352 46
2877103839 68
2878053286 36
2881898293 101
2931281920 156
2939038785 14
2940397723 85
2946051437 90
2947745968 65
2947818890 7
2975899179 29
2976264608 73
3052336121 157
3109774447 50
3118895249 133
3134364972 43
3159294203 76
3162794093 9
3197165266 88
3210776703 1
3224180642 79
3236016622 13
3252655057 81
3255384253 6
3279979113 113
3310504013 175
3311786556 11
3326957411 134
3332444146 82
3345103274 28
3346435016 40
3369397036 125
3415828832 139
3419165889 80
3421043283 10
3439938365 87
3475802041 138
3576346154 91
3576952995 23
3637528652 2
3640665415 131
3644108658 151
3650994493 126
3682404586 18
3705166655 35
3794242346 110
3813827420 56
3825964894 179
3834047911 177
3846291404 111
3863463209 97
3880856117 37
3896729982 52
3897441493 51
3934144507 128
3954570302 124
3978014586 118
3985338750 58
4012176614 169
4020817277 121
4074327253 12
4088869787 15
4106514720 32
4120563849 108
4136759817 170
4162517235 172
4168711638 99
4173604952 164
4231238145 158
4269563040 161
