1800764 77
87484882 113
125896844 68
132851176 67
158100332 157
197722022 160
212966424 150
268465553 71
277378561 102
346763723 103
347327944 105
391851701 52
409984302 37
435153685 110
442087175 133
465915581 107
482554758 83
582418999 108
600757238 31
646992379 176
677338192 94
680353138 125
723386437 81
725606561 8
755509855 117
777434108 1
795357209 13
833957915 47
882923786 167
934031291 90
984515489 89
1029684725 158
1039775941 132
1061673189 12
1102138352 164
1119750476 145
1145535496 123
1163785346 174
1165500044 162
1171145260 32
1187002154 11
1199928407 57
1302911819 5
1303866932 3
1315240339 10
1324646409 0
1353077104 20
1399969279 22
1404395783 88
1411244463 33
1423943361 136
1433784421 114
1473496205 4
1481700130 44
1490182304 6
1506500056 26
1540789971 139
1565581772 64
1583240062 118
1593335970 148
1703074003 80
1723374255 84
1755211868 111
1780965381 147
1817977319 39
1832923198 27
1836837436 72
1854296563 124
1880656059 152
1902819574 178
1957456795 128
1965817051 25
1966862849 15
1967912122 92
1979915395 18
1987706045 106
1991912470 161
2034853916 115
2040735391 74
2054922385 99
2070794468 98
2071342302 168
2088744826 46
2180276089 21
2191007551 134
2245017434 137
2302936662 61
2321067875 63
2335376072 19
2337471812 146
2338681792 2
2352408356 56
2386566304 159
2420023489 149
2493197103 119
2523580740 100
2533558194 156
2563637387 50
2564901090 24
2590626395 65
2612076060 177
2663355169 34
2675243293 69
2677761041 66
2680647675 97
2689742369 49
2714344193 60
2736746253 163
2739454820 140
2751470307 173
2752981434 121
2759781031 23
2819042102 51
2820570352 93
2877103839 109
2878053286 86
2881898293 36
2931281920 155
2946051437 112
2947745968 16
2947818890 41
2975899179 73
2976264608 7
3052336121 144
3109774447 9
3118895249 58
3134364972 82
3159294203 122
3197165266 131
3210776703 35
3224180642 48
3236016622 45
3252655057 126
3279979113 143
3305405241 30
3310504013 172
3311786556 54
3326957411 79
3332444146 127
3345103274 70
3346435016 85
3369397036 142
3415828832 154
3419165889 104
3421043283 55
3475802041 135
3576346154 130
3611753873 43
3637528652 17
3640665415 53
3644108658 129
3650994493 95
3682404586 59
3705166655 38
3794242346 78
3813827420 91
3825964894 179
3834047911 175
3846291404 120
3863463209 96
3880856117 76
3896729982 87
3897441493 42
3930536579 14
3934144507 28
3954570302 75
3978014586 151
3985338750 101
4012176614 165
4020817277 141
4028575057 29
4106514720 62
4120563849 116
4136759817 171
4162517235 169
4168711638 138
4173604952 166
4231238145 153
4269563040 170
4277558944 40
