1800764 32
87484882 99
125896844 85
132851176 52
158100332 159
197722022 149
212966424 141
268465553 28
277378561 94
346763723 111
347327944 90
391851701 38
409984302 17
435153685 116
442087175 128
465915581 77
482554758 91
521460429 19
582418999 120
600757238 59
646992379 175
677338192 69
680353138 124
723386437 97
755509855 122
795357209 12
833957915 53
882923786 166
934031291 74
972543760 6
976519997 8
984515489 107
1029684725 151
1039775941 134
1061459597 178
1061673189 35
1102138352 164
1119750476 146
1145535496 110
1163785346 174
1165500044 160
1171145260 27
1199928407 68
1302911819 26
1324646409 0
1353077104 48
1399969279 44
1402099477 5
1404395783 105
1411244463 22
1423943361 130
1433784421 87
1462563128 4
1473496205 23
1481700130 1
1490182304 25
1497564029 3
1506500056 40
1540789971 145
1565581772 41
1583240062 98
1593335970 152
1703074003 45
1723374255 102
1755211868 93
1780965381 150
1817977319 30
1832923198 47
1836837436 81
1854296563 114
1880656059 147
1902819574 177
1957456795 133
1965817051 46
1966862849 37
1967912122 108
1979915395 15
1987706045 84
1991912470 161
2034853916 101
2040735391 55
2054922385 118
2070794468 73
2071342302 168
2088744826 39
2137655290 16
2180276089 10
2191007551 137
2245017434 126
2273076216 2
2302936662 66
2321067875 67
2335376072 11
2337471812 142
2338681792 13
2352408356 61
2386566304 156
2420023489 154
2493197103 121
2523580740 92
2533558194 158
2563637387 43
2564901090 42
2590626395 36
2612076060 176
2675243293 76
2677761041 86
2680647675 71
2689742369 64
2714344193 29
2736746253 162
2739454820 138
2751470307 172
2752981434 123
2759781031 21
2819042102 63
2820570352 109
2877103839 113
2878053286 100
2931281920 153
2946051437 106
2947818890 54
2975899179 83
2979186596 7
3052336121 131
3118895249 24
3134364972 89
3159294203 125
3197165266 135
3210776703 51
3224180642 20
3236016622 56
3252655057 129
3279979113 148
3305405241 58
3310504013 169
3311786556 70
3326957411 50
3332444146 132
3345103274 80
3346435016 95
3369397036 140
3415828832 157
3419165889 104
3421043283 75
3475802041 127
3576346154 136
3611753873 65
3637528652 18
3640665415 9
3644108658 119
3650994493 72
3682404586 79
3705166655 34
3794242346 60
3813827420 103
3825964894 179
3834047911 173
3846291404 115
3863463209 88
3880856117 82
3896729982 96
3897441493 33
3930536579 31
3954570302 49
3978014586 155
3985338750 117
4012176614 163
4020817277 139
4025582691 14
4028575057 57
4106514720 78
4120563849 112
4136759817 170
4162517235 165
4168711638 144
4173604952 167
4231238145 143
4269563040 171
4277558944 62
