1800764 128
87484882 98
97068523 36
125896844 57
132851176 81
158100332 156
197722022 160
212966424 146
268465553 130
277378561 74
346763723 67
347327944 88
386235461 62
391851701 53
409984302 48
435153685 73
442087175 116
465915581 118
482554758 56
521460429 2
582418999 95
600757238 30
646992379 175
677338192 110
680353138 105
715741596 32
723386437 78
755509855 126
777434108 51
789663515 38
833957915 12
849924382 31
882923786 166
905458755 19
934031291 85
984515489 82
1029684725 159
1039775941 125
1061673189 7
1102138352 163
1119750476 135
1145535496 112
1163785346 174
1165500044 164
1171145260 13
1187002154 86
1199928407 34
1302911819 18
1315240339 60
1324646409 0
1353077104 21
1404395783 83
1411244463 24
1423943361 123
1433784421 121
1473496205 4
1481700130 71
1490182304 3
1540789971 144
1565581772 93
1583240062 122
1593335970 143
1648888063 28
1703074003 120
1723374255 69
1755211868 90
1780965381 142
1817977319 26
1832923198 1
1836837436 45
1854296563 114
1880656059 145
1902819574 178
1957456795 134
1966862849 33
1967912122 99
1987706045 94
1991912470 161
2034853916 113
2040735391 87
2054922385 96
2070794468 119
2071342302 167
2088744826 27
2180276089 20
2191007551 154
2245017434 137
2302936662 50
2321067875 52
2335376072 6
2337471812 140
2352408356 39
2386566304 158
2420023489 150
2493197103 104
2523580740 75
2533558194 153
2563637387 40
2590626395 111
2612076060 177
2623420502 68
2663355169 91
2675243293 43
2677761041 65
2680647675 117
2689742369 14
2714344193 101
2736746253 162
2739454820 127
2751470307 173
2752981434 115
2759781031 9
2819042102 23
2820570352 92
2877103839 72
2878053286 63
2881898293 79
2931281920 157
2940397723 64
2946051437 80
2947745968 37
2947818890 8
2975899179 49
2976264608 47
3052336121 147
3109774447 17
3118895249 109
3134364972 55
3159294203 131
3197165266 136
3210776703 5
3224180642 54
3236016622 10
3252655057 139
3279979113 138
3305405241 22
3310504013 172
3311786556 35
3326957411 108
3332444146 141
3345103274 44
3346435016 59
3369397036 132
3415828832 151
3419165889 70
3421043283 42
3439938365 66
3475802041 124
3576346154 152
3611753873 25
3640665415 106
3644108658 133
3650994493 103
3682404586 77
3705166655 16
3794242346 89
3813827420 61
3825964894 179
3834047911 176
3846291404 102
3863463209 76
3880856117 46
3896729982 58
3897441493 29
3934144507 107
3954570302 100
3978014586 149
3985338750 84
4012176614 168
4020817277 129
4028575057 15
4106514720 41
4120563849 97
4136759817 171
4162517235 170
4168711638 148
4173604952 165
4231238145 155
4269563040 169
4277558944 11
