1800764 96
87484882 90
125896844 104
132851176 51
158100332 146
197722022 141
212966424 130
268465553 98
277378561 74
346763723 99
347327944 77
386235461 24
391851701 31
409984302 16
435153685 108
442087175 118
456854657 35
465915581 94
480126874 11
482554758 84
521460429 43
582418999 122
600757238 64
646992379 175
677338192 85
680353138 113
723386437 115
755509855 148
777434108 7
833957915 14
882923786 164
934031291 61
984515489 117
1029684725 137
1039775941 140
1061459597 178
1061673189 45
1102138352 160
1119750476 135
1145535496 105
1163785346 174
1165500044 154
1187002154 46
1199928407 36
1302911819 65
1315240339 23
1324646409 0
1353077104 59
1399969279 21
1402099477 6
1404395783 120
1423943361 119
1433784421 102
1462563128 25
1473496205 44
1481700130 40
1490182304 41
1497564029 34
1540789971 153
1565581772 57
1583240062 106
1593335970 143
1703074003 89
1723374255 110
1755211868 83
1780965381 138
1832923198 9
1836837436 60
1854296563 107
1880656059 133
1902819574 177
1957456795 152
1965817051 12
1966862849 80
1967912122 132
1987706045 81
1991912470 155
2023365118 8
2034853916 97
2040735391 54
2054922385 124
2070794468 93
2071342302 166
2088744826 5
2115991866 13
2191007551 168
2245017434 116
2302936662 38
2321067875 39
2337471812 131
2352408356 30
2386566304 144
2420023489 156
2455595861 10
2493197103 123
2523580740 73
2533558194 145
2563637387 22
2564901090 1
2590626395 75
2612076060 176
2623420502 33
2663355169 50
2675243293 47
2677761041 109
2680647675 92
2689742369 29
2714344193 62
2736746253 158
2739454820 127
2751470307 172
2752981434 136
2819042102 26
2820570352 126
2877103839 101
2878053286 103
2881898293 42
2931281920 139
2940397723 28
2946051437 87
2947818890 19
2975899179 71
2976264608 3
3052336121 125
3118895249 70
3134364972 72
3159294203 150
3197165266 149
3210776703 18
3224180642 27
3236016622 20
3252655057 159
3279979113 142
3305405241 53
3310504013 170
3311786556 55
3326957411 76
3332444146 157
3345103274 66
3346435016 91
3369397036 129
3415828832 147
3419165889 82
3421043283 78
3439938365 32
3453834671 15
3475802041 114
3576346154 167
3611753873 52
3640665415 67
3644108658 111
3650994493 79
3682404586 121
3794242346 56
3813827420 88
3825964894 179
3834047911 173
3846291404 100
3863463209 69
3880856117 58
3896729982 86
3897441493 2
3930536579 17
3934144507 63
3954570302 68
3978014586 151
3985338750 112
4012176614 162
4020817277 128
4025582691 4
4028575057 49
4106514720 48
4120563849 95
4136759817 169
4162517235 163
4168711638 161
4173604952 165
4231238145 134
4269563040 171
4277558944 37
