1800764 51
87484882 83
125896844 107
132851176 33
158100332 147
197722022 133
212966424 124
268465553 45
277378561 80
346763723 105
347327944 73
366165566 12
391851701 13
435153685 109
442087175 120
456854657 54
465915581 68
480126874 30
482554758 100
521460429 62
582418999 123
600757238 85
646992379 174
677338192 58
680353138 116
723386437 118
755509855 148
833957915 29
882923786 163
934031291 57
976519997 20
984515489 121
1029684725 136
1039775941 143
1061459597 178
1061673189 67
1102138352 156
1119750476 137
1145535496 95
1163785346 175
1165500044 142
1171145260 4
1199928407 56
1302911819 79
1324646409 0
1353077104 81
1399969279 50
1402099477 26
1404395783 122
1423943361 115
1433784421 76
1462563128 49
1473496205 64
1481700130 2
1490182304 61
1497564029 55
1506500056 21
1540789971 159
1565581772 28
1583240062 87
1593335970 144
1703074003 52
1723374255 112
1755211868 78
1780965381 140
1817977319 7
1832923198 31
1836837436 88
1854296563 98
1880656059 135
1902819574 177
1957456795 155
1965817051 37
1966862849 90
1967912122 134
1987706045 69
1991912470 149
2023365118 17
2034853916 86
2040735391 36
2054922385 127
2070794468 66
2071342302 166
2088744826 11
2115991866 22
2137655290 18
2191007551 170
2245017434 110
2273076216 10
2302936662 48
2321067875 47
2337471812 131
2338681792 3
2352408356 32
2386566304 141
2420023489 162
2455595861 19
2493197103 125
2523580740 77
2533558194 146
2563637387 14
2564901090 25
2590626395 34
2612076060 176
2618357298 15
2663355169 1
2675243293 63
2677761041 111
2680647675 65
2689742369 53
2714344193 23
2736746253 153
2739454820 129
2751470307 172
2752981434 139
2819042102 42
2820570352 126
2877103839 106
2878053286 108
2931281920 138
2946051437 94
2947818890 40
2975899179 92
3052336121 114
3118895249 24
3134364972 93
3159294203 152
3197165266 154
3210776703 41
3224180642 6
3236016622 39
3252655057 161
3279979113 145
3305405241 75
3310504013 168
3311786556 82
3326957411 46
3332444146 160
3345103274 89
3346435016 104
3369397036 132
3415828832 150
3419165889 91
3421043283 96
3453834671 35
3475802041 113
3576346154 167
3611753873 74
3640665415 16
3644108658 103
3650994493 60
3682404586 119
3705166655 9
3794242346 43
3813827420 102
3825964894 179
3834047911 173
3846291404 99
3863463209 71
3880856117 84
3896729982 101
3897441493 8
3930536579 44
3934144507 5
3954570302 38
3978014586 158
3985338750 117
4012176614 151
4020817277 130
4025582691 27
4028575057 72
4106514720 70
4120563849 97
4136759817 169
4162517235 157
4168711638 164
4173604952 165
4231238145 128
4269563040 171
4277558944 59
