1800764 139
87484882 123
97068523 44
125896844 19
132851176 105
158100332 151
197722022 162
212966424 154
268465553 138
277378561 101
346763723 78
347327944 109
386235461 69
391851701 88
409984302 80
435153685 76
442087175 116
465915581 142
482554758 52
582418999 57
646992379 174
677338192 127
680353138 98
715741596 23
723386437 20
725606561 21
755509855 61
777434108 64
789663515 37
795357209 15
833957915 29
849924382 45
882923786 167
905458755 17
934031291 108
984515489 32
1029684725 159
1039775941 92
1102138352 165
1119750476 130
1145535496 133
1163785346 170
1165500044 168
1171145260 41
1187002154 91
1199928407 40
1303866932 10
1315240339 77
1324646409 0
1404395783 28
1411244463 54
1423943361 143
1433784421 145
1481700130 94
1506500056 7
1540789971 100
1565581772 110
1583240062 147
1593335970 128
1648888063 34
1703074003 129
1723374255 27
1755211868 112
1780965381 131
1817977319 53
1832923198 5
1836837436 42
1854296563 135
1880656059 149
1902819574 178
1957456795 82
1967912122 26
1979915395 24
1987706045 118
1991912470 160
2034853916 137
2040735391 106
2054922385 47
2070794468 141
2071342302 166
2088744826 55
2180276089 51
2191007551 89
2245017434 153
2302936662 83
2321067875 86
2335376072 30
2337471812 148
2352408356 71
2386566304 155
2420023489 119
2493197103 85
2523580740 103
2533558194 152
2563637387 73
2564901090 4
2590626395 122
2612076060 176
2623420502 72
2663355169 97
2675243293 68
2677761041 14
2680647675 140
2689742369 25
2714344193 113
2727339584 2
2736746253 163
2739454820 132
2751470307 173
2752981434 74
2759781031 33
2819042102 36
2820570352 31
2877103839 84
2878053286 39
2881898293 95
2931281920 157
2939038785 6
2940397723 70
2946051437 99
2947745968 62
2947818890 16
2975899179 35
2976264608 66
3052336121 156
3109774447 43
3118895249 114
3134364972 56
3159294203 67
3197165266 90
3210776703 9
3224180642 87
3236016622 18
3252655057 75
3279979113 120
3310504013 175
3311786556 12
3326957411 124
3332444146 79
3345103274 38
3346435016 49
3369397036 136
3415828832 144
3419165889 93
3421043283 8
3439938365 63
3475802041 146
3576346154 81
3576952995 22
3637528652 11
3640665415 111
3644108658 150
3650994493 126
3682404586 1
3705166655 48
3794242346 107
3813827420 65
3825964894 179
3834047911 177
3846291404 121
3863463209 104
3880856117 50
3896729982 60
3897441493 59
3934144507 102
3954570302 115
3978014586 125
3985338750 58
4012176614 169
4020817277 134
4074327253 13
4106514720 46
4120563849 117
4136759817 172
4162517235 171
4168711638 96
4173604952 164
4231238145 158
4269563040 161
4277558944 3
