87484882 70
125896844 110
132851176 9
143419484 22
158100332 149
197722022 115
212966424 119
277378561 77
346763723 107
347327944 66
366165566 28
391851701 2
435153685 112
442087175 118
456854657 61
465915581 35
480126874 50
482554758 101
521460429 73
582418999 131
600757238 95
646992379 174
677338192 26
680353138 120
723386437 122
755509855 154
833957915 43
882923786 156
934031291 39
972543760 21
976519997 45
984515489 125
1029684725 123
1039775941 152
1061459597 176
1061673189 78
1102138352 148
1119750476 139
1145535496 80
1163785346 177
1165500044 137
1171145260 5
1199928407 64
1302911819 84
1324646409 0
1353077104 91
1399969279 62
1402099477 48
1404395783 126
1423943361 113
1433784421 52
1462563128 59
1473496205 76
1490182304 75
1497564029 65
1506500056 41
1540789971 165
1567831198 24
1583240062 63
1593335970 150
1721069724 15
1723374255 116
1755211868 71
1780965381 145
1817977319 7
1832923198 46
1836837436 94
1854296563 82
1880656059 130
1902819574 178
1957456795 159
1965817051 54
1966862849 96
1967912122 138
1987706045 58
1991912470 144
2023365118 31
2034853916 69
2040735391 11
2054922385 135
2070794468 29
2071342302 161
2088744826 17
2115991866 40
2137655290 42
2191007551 171
2245017434 103
2273076216 33
2302936662 38
2321067875 37
2337471812 127
2338681792 25
2352408356 30
2386566304 141
2420023489 166
2455595861 36
2493197103 134
2523580740 74
2533558194 147
2563637387 14
2564901090 44
2612076060 175
2616533013 10
2618357298 34
2654090424 23
2675243293 67
2677761041 114
2680647675 27
2689742369 57
2736746253 146
2739454820 128
2751470307 172
2752981434 142
2759781031 3
2819042102 47
2820570352 133
2877103839 108
2878053286 111
2931281920 136
2946051437 87
2947818890 53
2975899179 99
2979186596 16
3052336121 106
3134364972 98
3159294203 155
3197165266 160
3210776703 56
3236016622 51
3252655057 163
3279979113 151
3305405241 88
3310504013 157
3311786556 93
3326957411 4
3332444146 164
3345103274 97
3346435016 105
3369397036 132
3415828832 153
3419165889 90
3421043283 100
3453834671 55
3475802041 109
3570828790 8
3576346154 170
3611753873 85
3637528652 12
3644108658 81
3650994493 32
3682404586 121
3705166655 13
3794242346 18
3813827420 104
3825964894 179
3834047911 169
3846291404 89
3863463209 68
3880856117 92
3896729982 102
3897441493 6
3930536579 60
3954570302 1
3978014586 162
3985338750 124
4012176614 140
4020817277 129
4025582691 49
4028575057 83
4071585141 20
4084769632 19
4106514720 79
4120563849 86
4136759817 167
4162517235 143
4168711638 168
4173604952 158
4231238145 117
4269563040 173
4277558944 72
