1800764 82
87484882 91
125896844 107
132851176 46
158100332 146
197722022 138
212966424 129
268465553 83
277378561 78
346763723 103
347327944 77
391851701 24
409984302 9
435153685 108
442087175 118
456854657 37
465915581 90
480126874 20
482554758 92
521460429 45
582418999 123
600757238 71
646992379 175
677338192 75
680353138 114
723386437 116
755509855 148
833957915 21
882923786 164
934031291 62
976519997 5
984515489 119
1029684725 137
1039775941 141
1061459597 178
1061673189 50
1102138352 160
1119750476 135
1145535496 102
1163785346 174
1165500044 149
1187002154 32
1199928407 42
1302911819 68
1315240339 6
1324646409 0
1353077104 66
1399969279 29
1402099477 14
1404395783 120
1423943361 117
1433784421 97
1462563128 31
1473496205 47
1481700130 33
1490182304 44
1497564029 38
1506500056 8
1540789971 155
1565581772 52
1583240062 100
1593335970 144
1703074003 73
1723374255 111
1755211868 84
1780965381 140
1832923198 17
1836837436 69
1854296563 104
1880656059 134
1902819574 177
1957456795 152
1965817051 22
1966862849 85
1967912122 132
1987706045 79
1991912470 153
2023365118 10
2034853916 96
2040735391 51
2054922385 125
2070794468 88
2071342302 166
2088744826 7
2115991866 16
2191007551 168
2245017434 112
2302936662 39
2321067875 40
2337471812 131
2352408356 34
2386566304 142
2420023489 157
2455595861 15
2493197103 124
2523580740 76
2533558194 145
2563637387 19
2564901090 11
2590626395 61
2612076060 176
2618357298 4
2623420502 12
2663355169 41
2675243293 49
2677761041 110
2680647675 86
2689742369 35
2714344193 54
2736746253 156
2739454820 127
2751470307 172
2752981434 136
2819042102 30
2820570352 126
2877103839 105
2878053286 106
2881898293 36
2931281920 139
2940397723 1
2946051437 93
2947818890 27
2975899179 80
3052336121 122
3118895249 57
3134364972 81
3159294203 150
3197165266 151
3210776703 25
3224180642 18
3236016622 28
3252655057 159
3279979113 143
3305405241 63
3310504013 170
3311786556 65
3326957411 64
3332444146 158
3345103274 74
3346435016 98
3369397036 130
3415828832 147
3419165889 89
3421043283 87
3439938365 3
3453834671 23
3475802041 115
3576346154 167
3611753873 60
3640665415 53
3644108658 109
3650994493 72
3682404586 121
3794242346 55
3813827420 95
3825964894 179
3834047911 173
3846291404 101
3863463209 70
3880856117 67
3896729982 94
3897441493 2
3930536579 26
3934144507 48
3954570302 58
3978014586 154
3985338750 113
4012176614 161
4020817277 128
4025582691 13
4028575057 59
4106514720 56
4120563849 99
4136759817 169
4162517235 163
4168711638 162
4173604952 165
4231238145 133
4269563040 171
4277558944 43
