1800764 77
87484882 99
125896844 87
132851176 58
158100332 157
197722022 150
212966424 136
268465553 75
277378561 85
346763723 100
347327944 86
391851701 40
409984302 23
435153685 107
442087175 123
456854657 7
465915581 95
482554758 81
521460429 25
582418999 119
600757238 56
646992379 175
677338192 80
680353138 121
723386437 109
755509855 131
833957915 32
882923786 166
934031291 74
984515489 113
1029684725 147
1039775941 134
1061459597 178
1061673189 36
1102138352 163
1119750476 137
1145535496 111
1163785346 174
1165500044 160
1171145260 13
1187002154 17
1199928407 50
1302911819 44
1315240339 10
1324646409 0
1353077104 47
1399969279 26
1402099477 2
1404395783 114
1411244463 14
1423943361 126
1433784421 101
1462563128 9
1473496205 29
1481700130 37
1490182304 28
1497564029 12
1506500056 16
1540789971 148
1565581772 60
1583240062 108
1593335970 146
1703074003 73
1723374255 105
1755211868 94
1780965381 144
1817977319 20
1832923198 22
1836837436 71
1854296563 112
1880656059 138
1902819574 177
1957456795 139
1965817051 24
1966862849 51
1967912122 120
1987706045 88
1991912470 161
2034853916 104
2040735391 63
2054922385 118
2070794468 92
2071342302 168
2088744826 27
2180276089 8
2191007551 159
2245017434 125
2302936662 53
2321067875 54
2337471812 135
2352408356 46
2386566304 153
2420023489 158
2493197103 122
2523580740 84
2533558194 156
2563637387 38
2564901090 18
2590626395 66
2612076060 176
2623420502 3
2663355169 39
2675243293 62
2677761041 98
2680647675 90
2689742369 42
2714344193 57
2736746253 162
2739454820 129
2751470307 172
2752981434 127
2759781031 11
2819042102 41
2820570352 116
2877103839 102
2878053286 96
2881898293 34
2931281920 149
2946051437 97
2947745968 5
2947818890 33
2975899179 76
3052336121 128
3118895249 61
3134364972 78
3159294203 133
3197165266 141
3210776703 30
3224180642 31
3236016622 35
3252655057 142
3279979113 145
3305405241 49
3310504013 171
3311786556 59
3326957411 69
3332444146 143
3345103274 72
3346435016 89
3369397036 132
3415828832 154
3419165889 93
3421043283 68
3453834671 4
3475802041 124
3576346154 152
3611753873 52
3637528652 1
3640665415 55
3644108658 117
3650994493 79
3682404586 103
3705166655 19
3794242346 65
3813827420 91
3825964894 179
3834047911 173
3846291404 110
3863463209 82
3880856117 70
3896729982 83
3897441493 21
3930536579 15
3934144507 43
3954570302 67
3978014586 155
3985338750 115
4012176614 164
4020817277 130
4025582691 6
4028575057 48
4106514720 64
4120563849 106
4136759817 170
4162517235 165
4168711638 151
4173604952 167
4231238145 140
4269563040 169
4277558944 45
