1800764 115
87484882 107
97068523 22
125896844 58
132851176 78
158100332 155
197722022 160
212966424 152
268465553 116
277378561 88
346763723 77
347327944 99
386235461 43
391851701 57
409984302 47
435153685 83
442087175 125
465915581 119
482554758 63
582418999 95
600757238 24
646992379 175
677338192 108
680353138 112
715741596 3
723386437 73
755509855 120
777434108 39
789663515 17
833957915 28
849924382 20
882923786 166
934031291 93
984515489 76
1029684725 159
1039775941 127
1102138352 163
1119750476 143
1145535496 121
1163785346 174
1165500044 164
1171145260 26
1187002154 64
1199928407 40
1302911819 1
1315240339 48
1324646409 0
1353077104 10
1399969279 2
1404395783 75
1411244463 31
1423943361 132
1433784421 124
1481700130 68
1506500056 6
1540789971 139
1565581772 91
1583240062 126
1593335970 147
1648888063 11
1703074003 110
1723374255 72
1755211868 101
1780965381 145
1817977319 32
1832923198 8
1836837436 53
1854296563 122
1880656059 150
1902819574 178
1957456795 128
1965817051 5
1966862849 12
1967912122 87
1979915395 7
1987706045 103
1991912470 161
2034853916 118
2040735391 85
2054922385 92
2070794468 117
2071342302 167
2088744826 34
2180276089 27
2191007551 141
2245017434 144
2302936662 59
2321067875 60
2335376072 9
2337471812 146
2352408356 46
2386566304 157
2420023489 148
2493197103 106
2523580740 90
2533558194 154
2563637387 45
2564901090 4
2590626395 102
2612076060 177
2623420502 50
2663355169 74
2675243293 56
2677761041 62
2680647675 114
2689742369 30
2714344193 96
2736746253 162
2739454820 135
2751470307 173
2752981434 113
2759781031 16
2819042102 33
2820570352 82
2877103839 80
2878053286 69
2881898293 70
2931281920 158
2940397723 44
2946051437 97
2947745968 35
2947818890 19
2975899179 54
2976264608 38
3052336121 151
3109774447 15
3118895249 100
3134364972 61
3159294203 123
3197165266 131
3210776703 13
3224180642 52
3236016622 23
3252655057 129
3279979113 142
3305405241 18
3310504013 172
3311786556 37
3326957411 104
3332444146 130
3345103274 51
3346435016 66
3369397036 138
3415828832 153
3419165889 81
3421043283 41
3439938365 42
3475802041 133
3576346154 136
3611753873 25
3640665415 94
3644108658 134
3650994493 105
3682404586 65
3705166655 29
3794242346 86
3813827420 71
3825964894 179
3834047911 176
3846291404 111
3863463209 89
3880856117 55
3896729982 67
3897441493 36
3934144507 79
3954570302 98
3978014586 149
3985338750 84
4012176614 168
4020817277 137
4028575057 14
4106514720 49
4120563849 109
4136759817 171
4162517235 170
4168711638 140
4173604952 165
4231238145 156
4269563040 169
4277558944 21
