1800764 5
87484882 70
125896844 112
132851176 18
143419484 21
158100332 148
197722022 115
212966424 118
277378561 74
346763723 106
347327944 64
366165566 38
435153685 111
442087175 114
456854657 67
465915581 41
480126874 55
482554758 100
521460429 77
582418999 134
600757238 98
646992379 174
677338192 28
680353138 119
723386437 125
755509855 158
833957915 32
882923786 154
934031291 39
972543760 15
976519997 45
984515489 128
1029684725 121
1039775941 153
1061459597 177
1061673189 80
1102138352 149
1119750476 138
1145535496 79
1163785346 176
1165500044 135
1199928407 61
1302911819 95
1324646409 0
1353077104 94
1399969279 57
1402099477 54
1404395783 130
1423943361 113
1433784421 58
1462563128 63
1473496205 78
1490182304 76
1497564029 71
1506500056 31
1540789971 164
1565581772 3
1567831198 25
1583240062 66
1593335970 150
1703074003 11
1721069724 14
1723374255 120
1755211868 68
1780965381 142
1832923198 44
1836837436 91
1854296563 82
1880656059 127
1902819574 178
1957456795 163
1965817051 49
1966862849 99
1967912122 140
1987706045 59
1991912470 143
2023365118 42
2034853916 69
2040735391 19
2054922385 136
2070794468 35
2071342302 157
2088744826 12
2115991866 50
2137655290 36
2191007551 173
2245017434 104
2273076216 27
2302936662 30
2321067875 29
2335932329 9
2337471812 123
2338681792 22
2352408356 26
2386566304 139
2420023489 165
2455595861 47
2493197103 132
2523580740 73
2533558194 145
2563637387 8
2564901090 37
2590626395 2
2612076060 175
2616533013 1
2618357298 40
2654090424 23
2675243293 62
2677761041 117
2680647675 33
2689742369 53
2736746253 146
2739454820 124
2751470307 170
2752981434 147
2819042102 43
2820570352 137
2877103839 107
2878053286 110
2931281920 133
2946051437 83
2947818890 48
2975899179 97
2979186596 7
3052336121 108
3134364972 96
3159294203 160
3197165266 161
3210776703 51
3236016622 46
3252655057 167
3279979113 151
3305405241 92
3310504013 156
3311786556 90
3326957411 17
3332444146 166
3345103274 93
3346435016 105
3369397036 131
3415828832 152
3419165889 85
3421043283 102
3453834671 56
3475802041 109
3570828790 16
3576346154 172
3611753873 88
3637528652 4
3644108658 81
3650994493 34
3682404586 129
3705166655 6
3794242346 24
3813827420 103
3825964894 179
3834047911 169
3846291404 86
3863463209 65
3880856117 89
3896729982 101
3930536579 60
3954570302 10
3978014586 159
3985338750 122
4012176614 141
4020817277 126
4025582691 52
4028575057 87
4071585141 20
4084769632 13
4106514720 75
4120563849 84
4136759817 162
4162517235 144
4168711638 168
4173604952 155
4231238145 116
4269563040 171
4277558944 72
