1800764 109
87484882 111
97068523 10
125896844 59
132851176 77
158100332 156
197722022 160
212966424 152
268465553 108
277378561 96
346763723 85
347327944 102
386235461 35
391851701 53
409984302 47
435153685 91
442087175 128
465915581 117
482554758 68
582418999 99
600757238 21
646992379 175
677338192 107
680353138 118
723386437 73
755509855 119
777434108 28
789663515 4
795357209 1
833957915 32
849924382 12
882923786 166
934031291 93
984515489 78
1029684725 159
1039775941 129
1102138352 164
1119750476 144
1145535496 122
1163785346 174
1165500044 163
1171145260 26
1187002154 51
1199928407 46
1315240339 44
1324646409 0
1353077104 13
1399969279 5
1404395783 76
1411244463 33
1423943361 135
1433784421 123
1481700130 61
1506500056 11
1540789971 138
1565581772 81
1583240062 125
1593335970 147
1648888063 3
1703074003 106
1723374255 74
1755211868 103
1780965381 145
1817977319 36
1832923198 14
1836837436 55
1854296563 124
1880656059 150
1902819574 178
1957456795 127
1965817051 7
1966862849 9
1967912122 86
1979915395 6
1987706045 104
1991912470 161
2034853916 120
2040735391 80
2054922385 95
2070794468 115
2071342302 167
2088744826 40
2180276089 24
2191007551 136
2245017434 142
2302936662 60
2321067875 63
2335376072 15
2337471812 146
2352408356 49
2386566304 158
2420023489 148
2493197103 110
2523580740 97
2533558194 155
2563637387 48
2564901090 8
2590626395 98
2612076060 177
2623420502 41
2663355169 67
2675243293 57
2677761041 65
2680647675 113
2689742369 38
2714344193 82
2736746253 162
2739454820 137
2751470307 173
2752981434 114
2759781031 19
2819042102 42
2820570352 83
2877103839 89
2878053286 70
2881898293 62
2931281920 157
2940397723 37
2946051437 100
2947745968 31
2947818890 22
2975899179 56
2976264608 29
3052336121 151
3109774447 16
3118895249 87
3134364972 66
3159294203 121
3197165266 131
3210776703 17
3224180642 50
3236016622 25
3252655057 126
3279979113 143
3305405241 20
3310504013 172
3311786556 43
3326957411 101
3332444146 130
3345103274 54
3346435016 69
3369397036 141
3415828832 153
3419165889 90
3421043283 45
3439938365 30
3475802041 134
3576346154 132
3611753873 27
3637528652 2
3640665415 79
3644108658 133
3650994493 105
3682404586 64
3705166655 34
3794242346 84
3813827420 75
3825964894 179
3834047911 176
3846291404 116
3863463209 94
3880856117 58
3896729982 71
3897441493 39
3934144507 72
3954570302 92
3978014586 149
3985338750 88
4012176614 168
4020817277 139
4028575057 18
4106514720 52
4120563849 112
4136759817 171
4162517235 170
4168711638 140
4173604952 165
4231238145 154
4269563040 169
4277558944 23
