1800764 16
87484882 84
125896844 105
132851176 35
158100332 153
197722022 130
212966424 128
268465553 12
277378561 87
346763723 107
347327944 78
391851701 20
435153685 111
442087175 126
456854657 33
465915581 65
480126874 30
482554758 99
521460429 54
582418999 125
600757238 77
646992379 174
677338192 55
680353138 122
723386437 114
755509855 139
833957915 45
882923786 166
934031291 63
972543760 9
976519997 29
984515489 115
1029684725 136
1039775941 142
1061459597 178
1061673189 64
1102138352 165
1119750476 138
1145535496 95
1163785346 175
1165500044 146
1171145260 14
1199928407 67
1302911819 66
1324646409 0
1353077104 70
1399969279 48
1402099477 32
1404395783 116
1411244463 7
1423943361 121
1433784421 75
1462563128 38
1473496205 58
1490182304 57
1497564029 41
1506500056 40
1540789971 154
1565581772 23
1583240062 82
1593335970 151
1703074003 24
1723374255 112
1755211868 83
1780965381 143
1817977319 18
1832923198 44
1836837436 89
1854296563 97
1880656059 137
1902819574 177
1957456795 144
1965817051 47
1966862849 72
1967912122 124
1987706045 74
1991912470 157
2034853916 86
2040735391 36
2054922385 123
2070794468 61
2071342302 168
2088744826 25
2115991866 8
2137655290 28
2191007551 164
2245017434 113
2273076216 21
2302936662 53
2321067875 52
2337471812 133
2338681792 15
2352408356 43
2386566304 145
2420023489 163
2455595861 4
2493197103 127
2523580740 85
2533558194 152
2563637387 26
2564901090 42
2590626395 17
2612076060 176
2618357298 2
2654090424 3
2675243293 69
2677761041 108
2680647675 60
2689742369 59
2714344193 11
2736746253 161
2739454820 131
2751470307 172
2752981434 134
2759781031 10
2819042102 56
2820570352 120
2877103839 109
2878053286 106
2931281920 140
2946051437 96
2947818890 50
2975899179 92
2979186596 6
3052336121 118
3118895249 5
3134364972 93
3159294203 141
3197165266 148
3210776703 49
3224180642 1
3236016622 51
3252655057 147
3279979113 149
3305405241 73
3310504013 169
3311786556 81
3326957411 31
3332444146 150
3345103274 91
3346435016 104
3369397036 135
3415828832 155
3419165889 94
3421043283 90
3453834671 34
3475802041 119
3576346154 158
3611753873 76
3637528652 13
3644108658 100
3650994493 62
3682404586 110
3705166655 22
3794242346 39
3813827420 103
3825964894 179
3834047911 173
3846291404 101
3863463209 80
3880856117 88
3896729982 102
3897441493 19
3930536579 46
3954570302 27
3978014586 160
3985338750 117
4012176614 156
4020817277 132
4025582691 37
4028575057 71
4106514720 79
4120563849 98
4136759817 170
4162517235 162
4168711638 159
4173604952 167
4231238145 129
4269563040 171
4277558944 68
