1800764 125
87484882 100
97068523 34
125896844 57
132851176 80
158100332 156
197722022 160
212966424 146
268465553 128
277378561 75
346763723 69
347327944 89
386235461 61
391851701 53
409984302 45
435153685 74
442087175 117
465915581 119
482554758 56
521460429 2
582418999 95
600757238 32
646992379 175
677338192 111
680353138 105
715741596 29
723386437 79
755509855 127
777434108 49
789663515 37
833957915 12
849924382 31
882923786 166
905458755 14
934031291 85
984515489 83
1029684725 159
1039775941 126
1061673189 7
1102138352 163
1119750476 135
1145535496 112
1163785346 174
1165500044 164
1171145260 13
1187002154 82
1199928407 35
1302911819 19
1315240339 58
1324646409 0
1353077104 21
1404395783 84
1411244463 23
1423943361 123
1433784421 121
1473496205 4
1481700130 68
1490182304 3
1540789971 144
1565581772 92
1583240062 122
1593335970 143
1648888063 24
1703074003 120
1723374255 70
1755211868 90
1780965381 142
1817977319 26
1832923198 1
1836837436 47
1854296563 114
1880656059 145
1902819574 178
1957456795 134
1966862849 33
1967912122 101
1987706045 94
1991912470 161
2034853916 113
2040735391 86
2054922385 96
2070794468 118
2071342302 167
2088744826 28
2180276089 20
2191007551 153
2245017434 137
2302936662 51
2321067875 52
2335376072 5
2337471812 141
2352408356 39
2386566304 158
2420023489 150
2493197103 104
2523580740 76
2533558194 155
2563637387 40
2590626395 110
2612076060 177
2623420502 67
2663355169 91
2675243293 44
2677761041 66
2680647675 116
2689742369 17
2714344193 98
2736746253 162
2739454820 129
2751470307 173
2752981434 115
2759781031 8
2819042102 25
2820570352 93
2877103839 72
2878053286 64
2881898293 73
2931281920 157
2940397723 62
2946051437 81
2947745968 38
2947818890 9
2975899179 50
2976264608 43
3052336121 147
3109774447 15
3118895249 108
3134364972 55
3159294203 131
3197165266 136
3210776703 6
3224180642 54
3236016622 10
3252655057 138
3279979113 140
3305405241 22
3310504013 172
3311786556 36
3326957411 109
3332444146 139
3345103274 46
3346435016 60
3369397036 133
3415828832 151
3419165889 71
3421043283 42
3439938365 65
3475802041 124
3576346154 152
3611753873 27
3640665415 107
3644108658 132
3650994493 103
3682404586 77
3705166655 16
3794242346 88
3813827420 63
3825964894 179
3834047911 176
3846291404 102
3863463209 78
3880856117 48
3896729982 59
3897441493 30
3934144507 106
3954570302 99
3978014586 149
3985338750 87
4012176614 168
4020817277 130
4028575057 18
4106514720 41
4120563849 97
4136759817 171
4162517235 170
4168711638 148
4173604952 165
4231238145 154
4269563040 169
4277558944 11
