1800764 74
87484882 102
125896844 79
132851176 61
158100332 159
197722022 156
212966424 141
268465553 70
277378561 92
346763723 103
347327944 93
391851701 45
409984302 28
435153685 108
442087175 124
465915581 97
482554758 80
521460429 14
582418999 119
600757238 50
646992379 175
677338192 81
680353138 122
723386437 100
755509855 127
795357209 3
833957915 39
882923786 166
934031291 77
984515489 107
1029684725 151
1039775941 130
1061459597 178
1061673189 27
1102138352 163
1119750476 140
1145535496 115
1163785346 174
1165500044 160
1171145260 18
1187002154 12
1199928407 54
1302911819 30
1315240339 10
1324646409 0
1353077104 41
1399969279 22
1404395783 106
1411244463 19
1423943361 128
1433784421 105
1462563128 2
1473496205 16
1481700130 36
1490182304 17
1497564029 5
1506500056 20
1540789971 145
1565581772 60
1583240062 111
1593335970 150
1703074003 75
1723374255 99
1755211868 98
1780965381 146
1817977319 26
1832923198 24
1836837436 71
1854296563 117
1880656059 142
1902819574 177
1957456795 133
1965817051 23
1966862849 42
1967912122 116
1979915395 6
1987706045 95
1991912470 161
2034853916 109
2040735391 63
2054922385 118
2070794468 94
2071342302 168
2088744826 31
2137655290 1
2180276089 11
2191007551 149
2245017434 126
2302936662 55
2321067875 56
2335376072 9
2337471812 139
2352408356 51
2386566304 157
2420023489 154
2493197103 121
2523580740 90
2533558194 158
2563637387 43
2564901090 21
2590626395 66
2612076060 176
2663355169 34
2675243293 62
2677761041 85
2680647675 91
2689742369 47
2714344193 57
2736746253 162
2739454820 132
2751470307 172
2752981434 123
2759781031 13
2819042102 48
2820570352 113
2877103839 104
2878053286 89
2881898293 33
2931281920 153
2946051437 101
2947745968 7
2947818890 37
2975899179 76
3052336121 131
3118895249 59
3134364972 78
3159294203 129
3197165266 138
3210776703 32
3224180642 35
3236016622 40
3252655057 135
3279979113 144
3305405241 49
3310504013 171
3311786556 58
3326957411 69
3332444146 136
3345103274 72
3346435016 84
3369397036 137
3415828832 155
3419165889 96
3421043283 65
3475802041 125
3576346154 143
3611753873 52
3637528652 8
3640665415 53
3644108658 120
3650994493 82
3682404586 87
3705166655 25
3794242346 68
3813827420 88
3825964894 179
3834047911 173
3846291404 114
3863463209 86
3880856117 73
3896729982 83
3897441493 29
3930536579 15
3934144507 38
3954570302 67
3978014586 152
3985338750 112
4012176614 164
4020817277 134
4025582691 4
4028575057 46
4106514720 64
4120563849 110
4136759817 170
4162517235 165
4168711638 148
4173604952 167
4231238145 147
4269563040 169
4277558944 44
