1800764 64
87484882 114
125896844 71
132851176 66
158100332 157
197722022 160
212966424 151
268465553 60
277378561 105
346763723 107
347327944 106
391851701 51
409984302 37
435153685 109
442087175 134
465915581 99
482554758 86
582418999 102
600757238 27
646992379 176
677338192 93
680353138 129
723386437 77
725606561 11
755509855 115
795357209 16
833957915 49
882923786 167
934031291 92
972543760 4
984515489 89
1029684725 158
1039775941 133
1061673189 13
1102138352 164
1119750476 145
1145535496 123
1163785346 174
1165500044 162
1171145260 36
1199928407 61
1302911819 1
1303866932 9
1315240339 6
1324646409 0
1353077104 18
1399969279 25
1404395783 84
1411244463 35
1423943361 139
1433784421 113
1473496205 3
1481700130 34
1490182304 5
1506500056 32
1540789971 136
1565581772 63
1583240062 118
1593335970 149
1703074003 69
1723374255 82
1755211868 111
1780965381 148
1817977319 39
1832923198 33
1836837436 80
1854296563 125
1880656059 152
1902819574 178
1957456795 127
1965817051 29
1966862849 12
1967912122 88
1979915395 21
1987706045 103
1991912470 161
2034853916 117
2040735391 72
2054922385 98
2070794468 97
2071342302 169
2088744826 47
2137655290 2
2180276089 23
2191007551 131
2245017434 138
2302936662 68
2321067875 70
2335376072 20
2337471812 147
2338681792 10
2352408356 59
2386566304 159
2420023489 146
2493197103 121
2523580740 104
2533558194 156
2563637387 50
2564901090 30
2590626395 62
2612076060 177
2663355169 22
2675243293 78
2677761041 65
2680647675 96
2689742369 52
2714344193 57
2736746253 163
2739454820 140
2751470307 173
2752981434 119
2759781031 26
2819042102 53
2820570352 90
2877103839 110
2878053286 85
2881898293 24
2931281920 155
2946051437 112
2947745968 14
2947818890 45
2975899179 79
2979186596 8
3052336121 144
3109774447 7
3118895249 54
3134364972 83
3159294203 116
3197165266 130
3210776703 38
3224180642 44
3236016622 48
3252655057 124
3279979113 143
3305405241 31
3310504013 172
3311786556 55
3326957411 74
3332444146 126
3345103274 76
3346435016 87
3369397036 142
3415828832 154
3419165889 108
3421043283 58
3475802041 137
3576346154 128
3611753873 41
3637528652 19
3640665415 46
3644108658 132
3650994493 94
3682404586 56
3705166655 40
3794242346 75
3813827420 95
3825964894 179
3834047911 175
3846291404 122
3863463209 101
3880856117 81
3896729982 91
3897441493 43
3930536579 15
3934144507 17
3954570302 67
3978014586 150
3985338750 100
4012176614 165
4020817277 141
4028575057 28
4106514720 73
4120563849 120
4136759817 171
4162517235 168
4168711638 135
4173604952 166
4231238145 153
4269563040 170
4277558944 42
