1800764 34
87484882 79
125896844 107
132851176 26
158100332 147
197722022 130
212966424 123
268465553 31
277378561 78
346763723 105
347327944 71
366165566 15
391851701 11
435153685 109
442087175 117
456854657 54
465915581 64
480126874 41
482554758 100
521460429 66
582418999 125
600757238 88
646992379 174
677338192 55
680353138 116
723386437 119
755509855 151
833957915 33
882923786 163
934031291 57
976519997 25
984515489 121
1029684725 134
1039775941 143
1061459597 178
1061673189 68
1102138352 154
1119750476 137
1145535496 93
1163785346 175
1165500044 141
1171145260 3
1199928407 58
1302911819 83
1324646409 0
1353077104 85
1399969279 52
1402099477 37
1404395783 122
1423943361 115
1433784421 73
1462563128 53
1473496205 67
1490182304 65
1497564029 56
1506500056 24
1540789971 159
1565581772 21
1567831198 5
1583240062 81
1593335970 144
1703074003 39
1723374255 114
1755211868 74
1780965381 142
1817977319 7
1832923198 38
1836837436 87
1854296563 97
1880656059 135
1902819574 177
1957456795 157
1965817051 43
1966862849 92
1967912122 136
1987706045 69
1991912470 148
2023365118 19
2034853916 82
2040735391 30
2054922385 128
2070794468 61
2071342302 166
2088744826 12
2115991866 27
2137655290 20
2191007551 170
2245017434 110
2273076216 14
2302936662 45
2321067875 44
2337471812 132
2338681792 6
2352408356 32
2386566304 140
2420023489 162
2455595861 23
2493197103 126
2523580740 76
2533558194 145
2563637387 13
2564901090 29
2590626395 22
2612076060 176
2618357298 18
2654090424 4
2675243293 62
2677761041 111
2680647675 60
2689742369 51
2714344193 16
2736746253 152
2739454820 129
2751470307 172
2752981434 139
2819042102 46
2820570352 127
2877103839 106
2878053286 108
2931281920 138
2946051437 91
2947818890 48
2975899179 95
3052336121 113
3118895249 17
3134364972 94
3159294203 155
3197165266 156
3210776703 49
3224180642 2
3236016622 47
3252655057 161
3279979113 146
3305405241 80
3310504013 167
3311786556 84
3326957411 36
3332444146 160
3345103274 89
3346435016 104
3369397036 133
3415828832 150
3419165889 90
3421043283 99
3453834671 42
3475802041 112
3576346154 169
3611753873 77
3637528652 1
3640665415 10
3644108658 101
3650994493 59
3682404586 120
3705166655 9
3794242346 40
3813827420 103
3825964894 179
3834047911 173
3846291404 98
3863463209 70
3880856117 86
3896729982 102
3897441493 8
3930536579 50
3954570302 28
3978014586 158
3985338750 118
4012176614 149
4020817277 131
4025582691 35
4028575057 75
4106514720 72
4120563849 96
4136759817 168
4162517235 153
4168711638 165
4173604952 164
4231238145 124
4269563040 171
4277558944 63
