1800764 51
87484882 90
125896844 102
132851176 44
158100332 152
197722022 136
212966424 129
268465553 45
277378561 87
346763723 106
347327944 80
391851701 24
409984302 6
435153685 110
442087175 126
456854657 25
465915581 76
480126874 18
482554758 95
521460429 48
582418999 121
600757238 74
646992379 175
677338192 65
680353138 120
723386437 113
755509855 139
833957915 36
882923786 166
934031291 64
976519997 15
984515489 114
1029684725 138
1039775941 140
1061459597 178
1061673189 59
1102138352 164
1119750476 137
1145535496 100
1163785346 174
1165500044 153
1171145260 11
1199928407 61
1302911819 62
1324646409 0
1353077104 66
1399969279 38
1402099477 19
1404395783 115
1411244463 10
1423943361 123
1433784421 86
1462563128 27
1473496205 52
1481700130 9
1490182304 50
1497564029 30
1506500056 28
1540789971 154
1565581772 37
1583240062 93
1593335970 146
1703074003 55
1723374255 111
1755211868 88
1780965381 143
1817977319 14
1832923198 33
1836837436 82
1854296563 104
1880656059 135
1902819574 177
1957456795 145
1965817051 35
1966862849 71
1967912122 125
1987706045 78
1991912470 158
2034853916 92
2040735391 49
2054922385 122
2070794468 73
2071342302 168
2088744826 22
2115991866 4
2137655290 13
2191007551 163
2245017434 117
2273076216 8
2302936662 57
2321067875 58
2337471812 134
2338681792 3
2352408356 41
2386566304 147
2420023489 159
2493197103 127
2523580740 83
2533558194 151
2563637387 26
2564901090 29
2590626395 40
2612076060 176
2663355169 1
2675243293 67
2677761041 109
2680647675 72
2689742369 53
2714344193 32
2736746253 162
2739454820 128
2751470307 172
2752981434 131
2759781031 7
2819042102 47
2820570352 119
2877103839 108
2878053286 105
2881898293 2
2931281920 142
2946051437 96
2947818890 42
2975899179 89
3052336121 124
3118895249 31
3134364972 91
3159294203 141
3197165266 148
3210776703 39
3224180642 12
3236016622 43
3252655057 149
3279979113 144
3305405241 68
3310504013 169
3311786556 77
3326957411 54
3332444146 150
3345103274 84
3346435016 99
3369397036 133
3415828832 155
3419165889 94
3421043283 85
3453834671 20
3475802041 118
3576346154 160
3611753873 70
3637528652 5
3640665415 23
3644108658 107
3650994493 69
3682404586 112
3705166655 17
3794242346 56
3813827420 98
3825964894 179
3834047911 173
3846291404 103
3863463209 79
3880856117 81
3896729982 97
3897441493 16
3930536579 34
3954570302 46
3978014586 156
3985338750 116
4012176614 161
4020817277 130
4025582691 21
4028575057 63
4106514720 75
4120563849 101
4136759817 170
4162517235 165
4168711638 157
4173604952 167
4231238145 132
4269563040 171
4277558944 60
