1800764 44
87484882 96
125896844 89
132851176 54
158100332 159
197722022 147
212966424 139
268465553 37
277378561 92
346763723 107
347327944 85
391851701 34
409984302 16
435153685 114
442087175 127
465915581 78
482554758 93
521460429 23
582418999 120
600757238 64
646992379 175
677338192 69
680353138 122
723386437 103
755509855 126
795357209 4
833957915 48
882923786 166
934031291 71
972543760 1
976519997 10
984515489 110
1029684725 151
1039775941 134
1061459597 178
1061673189 38
1102138352 164
1119750476 143
1145535496 106
1163785346 174
1165500044 160
1171145260 22
1199928407 68
1302911819 31
1324646409 0
1353077104 49
1399969279 42
1402099477 7
1404395783 108
1411244463 20
1423943361 129
1433784421 88
1462563128 11
1473496205 24
1481700130 8
1490182304 26
1497564029 13
1506500056 35
1540789971 146
1565581772 45
1583240062 98
1593335970 152
1703074003 50
1723374255 105
1755211868 94
1780965381 150
1817977319 25
1832923198 40
1836837436 79
1854296563 113
1880656059 144
1902819574 177
1957456795 132
1965817051 41
1966862849 46
1967912122 116
1979915395 12
1987706045 83
1991912470 161
2034853916 99
2040735391 56
2054922385 119
2070794468 75
2071342302 168
2088744826 33
2137655290 14
2180276089 6
2191007551 145
2245017434 123
2302936662 66
2321067875 67
2335376072 5
2337471812 141
2338681792 9
2352408356 57
2386566304 156
2420023489 155
2493197103 121
2523580740 90
2533558194 158
2563637387 39
2564901090 36
2590626395 43
2612076060 176
2675243293 72
2677761041 91
2680647675 74
2689742369 60
2714344193 32
2736746253 162
2739454820 135
2751470307 172
2752981434 124
2759781031 19
2819042102 58
2820570352 115
2877103839 111
2878053286 101
2931281920 153
2946051437 104
2947818890 51
2975899179 82
2979186596 2
3052336121 130
3118895249 28
3134364972 86
3159294203 128
3197165266 136
3210776703 47
3224180642 21
3236016622 53
3252655057 131
3279979113 148
3305405241 62
3310504013 169
3311786556 70
3326957411 55
3332444146 133
3345103274 81
3346435016 97
3369397036 138
3415828832 157
3419165889 102
3421043283 76
3453834671 3
3475802041 125
3576346154 140
3611753873 65
3637528652 17
3640665415 18
3644108658 117
3650994493 73
3682404586 87
3705166655 29
3794242346 63
3813827420 100
3825964894 179
3834047911 173
3846291404 112
3863463209 84
3880856117 80
3896729982 95
3897441493 27
3930536579 30
3954570302 52
3978014586 154
3985338750 118
4012176614 163
4020817277 137
4025582691 15
4028575057 59
4106514720 77
4120563849 109
4136759817 170
4162517235 165
4168711638 149
4173604952 167
4231238145 142
4269563040 171
4277558944 61
