1800764 62
87484882 116
125896844 66
132851176 68
158100332 156
197722022 160
212966424 151
268465553 59
277378561 106
346763723 103
347327944 107
391851701 53
409984302 35
435153685 109
442087175 135
465915581 101
482554758 89
582418999 100
600757238 25
646992379 176
677338192 93
680353138 131
723386437 70
725606561 13
755509855 111
795357209 18
833957915 49
882923786 167
934031291 92
972543760 6
984515489 85
1029684725 158
1039775941 132
1061673189 12
1102138352 164
1119750476 145
1145535496 127
1163785346 174
1165500044 162
1171145260 37
1199928407 63
1303866932 11
1315240339 5
1324646409 0
1353077104 15
1399969279 26
1404395783 83
1411244463 36
1423943361 139
1433784421 115
1481700130 33
1490182304 2
1506500056 32
1540789971 136
1565581772 64
1583240062 119
1593335970 149
1703074003 69
1723374255 82
1755211868 112
1780965381 148
1817977319 42
1832923198 34
1836837436 79
1854296563 128
1880656059 152
1902819574 178
1957456795 125
1965817051 29
1966862849 7
1967912122 84
1979915395 22
1987706045 104
1991912470 161
2034853916 118
2040735391 71
2054922385 96
2070794468 98
2071342302 169
2088744826 48
2137655290 4
2180276089 24
2191007551 129
2245017434 138
2302936662 72
2321067875 74
2335376072 21
2337471812 150
2338681792 10
2352408356 60
2386566304 159
2420023489 146
2493197103 120
2523580740 105
2533558194 155
2563637387 52
2564901090 31
2590626395 61
2612076060 177
2663355169 19
2675243293 80
2677761041 65
2680647675 97
2689742369 51
2714344193 58
2736746253 163
2739454820 140
2751470307 173
2752981434 117
2759781031 30
2819042102 57
2820570352 87
2877103839 110
2878053286 86
2881898293 23
2931281920 157
2946051437 114
2947745968 14
2947818890 46
2975899179 78
2976264608 1
2979186596 9
3052336121 144
3109774447 8
3118895249 54
3134364972 88
3159294203 113
3197165266 130
3210776703 39
3224180642 44
3236016622 47
3252655057 121
3279979113 142
3305405241 28
3310504013 172
3311786556 55
3326957411 75
3332444146 122
3345103274 76
3346435016 90
3369397036 143
3415828832 153
3419165889 108
3421043283 56
3475802041 137
3516413806 3
3576346154 124
3611753873 38
3637528652 20
3640665415 41
3644108658 133
3650994493 95
3682404586 50
3705166655 43
3794242346 77
3813827420 94
3825964894 179
3834047911 175
3846291404 126
3863463209 102
3880856117 81
3896729982 91
3897441493 45
3930536579 17
3934144507 16
3954570302 67
3978014586 147
3985338750 99
4012176614 165
4020817277 141
4028575057 27
4106514720 73
4120563849 123
4136759817 171
4162517235 168
4168711638 134
4173604952 166
4231238145 154
4269563040 170
4277558944 40
