1800764 74
87484882 115
125896844 62
132851176 72
158100332 156
197722022 160
212966424 151
268465553 66
277378561 105
346763723 100
347327944 109
391851701 56
409984302 39
435153685 104
442087175 134
465915581 108
482554758 86
582418999 98
600757238 22
646992379 176
677338192 95
680353138 129
723386437 69
725606561 12
755509855 112
777434108 2
795357209 16
833957915 47
882923786 167
934031291 93
972543760 3
984515489 88
1029684725 159
1039775941 132
1061673189 9
1102138352 164
1119750476 144
1145535496 126
1163785346 174
1165500044 162
1171145260 35
1187002154 11
1199928407 57
1303866932 8
1315240339 13
1324646409 0
1353077104 15
1399969279 21
1404395783 83
1411244463 37
1423943361 138
1433784421 117
1481700130 40
1490182304 1
1506500056 29
1540789971 136
1565581772 64
1583240062 122
1593335970 148
1703074003 79
1723374255 80
1755211868 111
1780965381 147
1817977319 43
1832923198 30
1836837436 73
1854296563 128
1880656059 152
1902819574 178
1957456795 125
1965817051 27
1966862849 6
1967912122 87
1979915395 19
1987706045 110
1991912470 161
2034853916 119
2040735391 78
2054922385 94
2070794468 102
2071342302 168
2088744826 46
2180276089 26
2191007551 131
2245017434 139
2302936662 67
2321067875 68
2335376072 20
2337471812 150
2338681792 5
2352408356 58
2386566304 158
2420023489 145
2493197103 118
2523580740 103
2533558194 155
2563637387 55
2564901090 28
2590626395 65
2612076060 177
2663355169 32
2675243293 75
2677761041 61
2680647675 99
2689742369 49
2714344193 60
2736746253 163
2739454820 140
2751470307 173
2752981434 116
2759781031 31
2819042102 54
2820570352 90
2877103839 107
2878053286 85
2881898293 33
2931281920 157
2946051437 113
2947745968 17
2947818890 41
2975899179 71
2976264608 7
2979186596 4
3052336121 146
3109774447 10
3118895249 59
3134364972 84
3159294203 114
3197165266 130
3210776703 34
3224180642 48
3236016622 44
3252655057 120
3279979113 142
3305405241 25
3310504013 172
3311786556 51
3326957411 81
3332444146 123
3345103274 70
3346435016 89
3369397036 143
3415828832 153
3419165889 106
3421043283 53
3475802041 137
3576346154 127
3611753873 36
3637528652 18
3640665415 50
3644108658 133
3650994493 97
3682404586 52
3705166655 42
3794242346 82
3813827420 92
3825964894 179
3834047911 175
3846291404 124
3863463209 101
3880856117 77
3896729982 91
3897441493 45
3930536579 14
3934144507 24
3954570302 76
3978014586 149
3985338750 96
4012176614 165
4020817277 141
4028575057 23
4106514720 63
4120563849 121
4136759817 171
4162517235 169
4168711638 135
4173604952 166
4231238145 154
4269563040 170
4277558944 38
