1800764 78
87484882 99
125896844 87
132851176 58
158100332 157
197722022 150
212966424 136
268465553 76
277378561 85
346763723 100
347327944 86
386235461 1
391851701 39
409984302 25
435153685 107
442087175 123
456854657 6
465915581 96
482554758 79
521460429 26
582418999 118
600757238 55
646992379 175
677338192 82
680353138 121
723386437 110
755509855 132
833957915 31
882923786 166
934031291 74
984515489 113
1029684725 147
1039775941 133
1061459597 178
1061673189 35
1102138352 163
1119750476 137
1145535496 111
1163785346 174
1165500044 160
1171145260 13
1187002154 22
1199928407 49
1302911819 44
1315240339 11
1324646409 0
1353077104 48
1399969279 24
1404395783 114
1411244463 14
1423943361 126
1433784421 102
1462563128 9
1473496205 29
1481700130 38
1490182304 28
1497564029 12
1506500056 16
1540789971 148
1565581772 61
1583240062 108
1593335970 146
1703074003 75
1723374255 103
1755211868 94
1780965381 144
1817977319 19
1832923198 20
1836837436 70
1854296563 112
1880656059 138
1902819574 177
1957456795 139
1965817051 23
1966862849 51
1967912122 120
1987706045 89
1991912470 161
2034853916 105
2040735391 64
2054922385 117
2070794468 93
2071342302 168
2088744826 27
2180276089 8
2191007551 159
2245017434 125
2302936662 53
2321067875 54
2337471812 134
2352408356 45
2386566304 152
2420023489 158
2493197103 122
2523580740 84
2533558194 156
2563637387 36
2564901090 17
2590626395 67
2612076060 176
2623420502 7
2663355169 42
2675243293 59
2677761041 98
2680647675 91
2689742369 40
2714344193 60
2736746253 162
2739454820 129
2751470307 172
2752981434 127
2759781031 10
2819042102 41
2820570352 116
2877103839 101
2878053286 95
2881898293 37
2931281920 149
2940397723 3
2946051437 97
2947745968 5
2947818890 32
2975899179 73
3052336121 128
3118895249 63
3134364972 77
3159294203 135
3197165266 141
3210776703 30
3224180642 33
3236016622 34
3252655057 142
3279979113 145
3305405241 50
3310504013 171
3311786556 57
3326957411 72
3332444146 143
3345103274 71
3346435016 88
3369397036 131
3415828832 154
3419165889 92
3421043283 68
3453834671 2
3475802041 124
3576346154 153
3611753873 52
3640665415 56
3644108658 119
3650994493 80
3682404586 104
3705166655 18
3794242346 65
3813827420 90
3825964894 179
3834047911 173
3846291404 109
3863463209 81
3880856117 69
3896729982 83
3897441493 21
3930536579 15
3934144507 46
3954570302 66
3978014586 155
3985338750 115
4012176614 164
4020817277 130
4025582691 4
4028575057 47
4106514720 62
4120563849 106
4136759817 170
4162517235 165
4168711638 151
4173604952 167
4231238145 140
4269563040 169
4277558944 43
