1800764 154
87484882 127
97068523 77
125896844 5
132851176 113
158100332 143
197722022 169
212966424 153
268465553 155
277378561 100
346763723 68
347327944 110
386235461 92
391851701 93
409984302 89
435153685 65
442087175 106
465915581 148
482554758 43
548834259 6
582418999 32
646992379 176
677338192 142
680353138 88
715741596 61
723386437 1
725606561 37
755509855 36
777434108 87
789663515 76
795357209 23
833957915 33
849924382 75
882923786 167
905458755 54
934031291 116
960241349 3
984515489 15
1029684725 161
1039775941 79
1102138352 168
1119750476 115
1145535496 134
1163785346 170
1165500044 171
1171145260 57
1187002154 105
1199928407 45
1303866932 21
1315240339 96
1324646409 0
1378626860 18
1404395783 9
1411244463 67
1423943361 132
1433784421 150
1481700130 107
1506500056 7
1540789971 83
1565581772 128
1583240062 151
1593335970 109
1648888063 72
1687077153 16
1703074003 147
1723374255 11
1755211868 111
1780965381 112
1817977319 63
1836837436 34
1854296563 133
1878223483 22
1880656059 144
1957456795 58
1967912122 8
1979915395 35
1987706045 124
1991912470 163
2034853916 139
2040735391 120
2054922385 24
2070794468 149
2071342302 166
2088744826 62
2180276089 70
2191007551 60
2245017434 156
2302936662 84
2321067875 85
2335376072 48
2337471812 137
2352408356 78
2386566304 152
2420023489 99
2493197103 66
2523580740 102
2533558194 145
2563637387 81
2590626395 141
2612076060 178
2623420502 97
2663355169 117
2675243293 69
2680647675 146
2689742369 27
2714344193 129
2727339584 17
2736746253 165
2739454820 119
2751470307 174
2752981434 52
2759781031 49
2819042102 41
2820570352 10
2877103839 74
2878053286 26
2881898293 108
2931281920 158
2939038785 29
2940397723 94
2946051437 98
2947745968 82
2947818890 13
2975899179 28
2976264608 86
3052336121 159
3109774447 71
3118895249 136
3134364972 46
3159294203 40
3162794093 20
3197165266 64
3210776703 4
3224180642 95
3236016622 19
3252655057 51
3255384253 12
3279979113 101
3310504013 177
3326957411 140
3332444146 53
3345103274 31
3346435016 38
3369397036 121
3415828832 125
3419165889 90
3439938365 91
3475802041 138
3576346154 55
3576952995 47
3637528652 14
3640665415 130
3644108658 157
3650994493 135
3705166655 59
3794242346 123
3813827420 56
3825964894 179
3846291404 118
3863463209 104
3880856117 44
3896729982 50
3897441493 73
3934144507 126
3954570302 131
3978014586 103
3985338750 39
4012176614 173
4020817277 122
4074327253 30
4088869787 25
4106514720 42
4120563849 114
4123558703 2
4136759817 172
4162517235 175
4168711638 80
4173604952 164
4231238145 160
4269563040 162
