1800764 131
87484882 119
97068523 29
125896844 40
132851176 90
158100332 153
197722022 161
212966424 152
268465553 130
277378561 92
346763723 79
347327944 105
386235461 53
391851701 73
409984302 65
435153685 80
442087175 124
465915581 133
482554758 59
582418999 77
600757238 2
646992379 175
677338192 121
680353138 106
715741596 16
723386437 49
725606561 12
755509855 86
777434108 47
789663515 26
795357209 8
833957915 24
849924382 28
882923786 166
905458755 11
934031291 99
984515489 63
1029684725 159
1039775941 111
1102138352 163
1119750476 141
1145535496 127
1163785346 172
1165500044 167
1171145260 30
1187002154 78
1199928407 38
1315240339 66
1324646409 0
1404395783 61
1411244463 35
1423943361 142
1433784421 134
1481700130 81
1506500056 7
1540789971 125
1565581772 100
1583240062 136
1593335970 145
1648888063 21
1703074003 123
1723374255 52
1755211868 107
1780965381 146
1817977319 36
1832923198 6
1836837436 48
1854296563 129
1880656059 151
1902819574 178
1957456795 102
1965817051 3
1967912122 69
1979915395 15
1987706045 113
1991912470 160
2034853916 126
2040735391 96
2054922385 75
2070794468 132
2071342302 168
2088744826 39
2180276089 34
2191007551 117
2245017434 150
2302936662 72
2321067875 74
2335376072 19
2337471812 148
2352408356 55
2386566304 156
2420023489 139
2493197103 88
2523580740 93
2533558194 154
2563637387 57
2564901090 5
2590626395 114
2612076060 177
2623420502 64
2663355169 85
2675243293 62
2677761041 37
2680647675 128
2689742369 25
2714344193 104
2736746253 162
2739454820 137
2751470307 173
2752981434 87
2759781031 23
2819042102 31
2820570352 68
2877103839 82
2878053286 56
2881898293 83
2931281920 157
2940397723 54
2946051437 94
2947745968 42
2947818890 17
2975899179 45
2976264608 46
3052336121 155
3109774447 27
3118895249 110
3134364972 58
3159294203 89
3197165266 108
3210776703 14
3224180642 70
3236016622 18
3252655057 98
3279979113 135
3305405241 1
3310504013 174
3311786556 20
3326957411 115
3332444146 101
3345103274 43
3346435016 60
3369397036 140
3415828832 149
3419165889 84
3421043283 22
3439938365 51
3475802041 144
3576346154 112
3576952995 10
3611753873 9
3637528652 4
3640665415 103
3644108658 147
3650994493 118
3682404586 32
3705166655 33
3794242346 97
3813827420 71
3825964894 179
3834047911 176
3846291404 120
3863463209 95
3880856117 50
3896729982 67
3897441493 41
3934144507 91
3954570302 109
3978014586 143
3985338750 76
4012176614 169
4020817277 138
4106514720 44
4120563849 116
4136759817 171
4162517235 170
4168711638 122
4173604952 164
4231238145 158
4269563040 165
4277558944 13
