1800764 148
87484882 119
97068523 61
125896844 18
132851176 103
158100332 150
197722022 164
212966424 154
268465553 149
277378561 96
346763723 69
347327944 104
386235461 82
391851701 83
409984302 78
435153685 68
442087175 109
465915581 143
482554758 45
582418999 57
646992379 174
677338192 136
680353138 93
715741596 44
723386437 21
725606561 19
755509855 64
777434108 73
789663515 60
795357209 13
833957915 23
849924382 58
882923786 167
905458755 34
934031291 107
984515489 32
1029684725 159
1039775941 92
1102138352 165
1119750476 124
1145535496 131
1163785346 169
1165500044 168
1171145260 40
1187002154 100
1199928407 35
1303866932 8
1315240339 88
1324646409 0
1404395783 29
1411244463 53
1423943361 137
1433784421 145
1481700130 98
1506500056 2
1540789971 99
1565581772 116
1583240062 146
1593335970 123
1648888063 49
1703074003 141
1723374255 25
1755211868 106
1780965381 127
1817977319 50
1836837436 37
1854296563 133
1878223483 5
1880656059 147
1902819574 178
1957456795 80
1967912122 33
1979915395 20
1987706045 115
1991912470 160
2034853916 135
2040735391 108
2054922385 47
2070794468 142
2071342302 166
2088744826 51
2180276089 52
2191007551 89
2245017434 153
2302936662 74
2321067875 77
2335376072 26
2337471812 144
2352408356 63
2386566304 155
2420023489 113
2493197103 75
2523580740 97
2533558194 151
2563637387 67
2590626395 134
2612076060 176
2623420502 90
2663355169 105
2675243293 62
2677761041 17
2680647675 140
2689742369 22
2714344193 120
2727339584 1
2736746253 162
2739454820 125
2751470307 173
2752981434 70
2759781031 28
2819042102 27
2820570352 36
2877103839 71
2878053286 38
2881898293 102
2931281920 156
2939038785 14
2940397723 84
2946051437 94
2947745968 65
2947818890 11
2975899179 30
2976264608 72
3052336121 157
3109774447 48
3118895249 129
3134364972 46
3159294203 66
3162794093 3
3197165266 87
3210776703 4
3224180642 85
3236016622 16
3252655057 76
3279979113 112
3310504013 175
3311786556 10
3326957411 132
3332444146 79
3345103274 31
3346435016 42
3369397036 130
3415828832 138
3419165889 91
3421043283 7
3439938365 81
3475802041 139
3576346154 86
3576952995 24
3637528652 6
3640665415 122
3644108658 152
3650994493 126
3682404586 9
3705166655 43
3794242346 110
3813827420 59
3825964894 179
3834047911 177
3846291404 114
3863463209 101
3880856117 41
3896729982 54
3897441493 56
3934144507 117
3954570302 121
3978014586 118
3985338750 55
4012176614 170
4020817277 128
4074327253 15
4088869787 12
4106514720 39
4120563849 111
4136759817 171
4162517235 172
4168711638 95
4173604952 163
4231238145 158
4269563040 161
