1800764 149
87484882 120
97068523 62
125896844 19
132851176 104
158100332 150
197722022 167
212966424 155
268465553 151
277378561 98
346763723 69
347327944 105
386235461 86
391851701 88
409984302 82
435153685 68
442087175 108
465915581 145
482554758 45
582418999 49
646992379 175
677338192 137
680353138 95
715741596 46
723386437 20
725606561 21
755509855 63
777434108 78
789663515 61
795357209 15
833957915 25
849924382 60
882923786 168
905458755 38
934031291 109
984515489 29
1029684725 160
1039775941 90
1102138352 165
1119750476 123
1145535496 132
1163785346 170
1165500044 169
1171145260 43
1187002154 100
1199928407 39
1303866932 11
1315240339 91
1324646409 0
1378626860 1
1404395783 26
1411244463 57
1423943361 139
1433784421 146
1481700130 101
1506500056 3
1540789971 96
1565581772 119
1583240062 147
1593335970 121
1648888063 52
1687077153 2
1703074003 142
1723374255 24
1755211868 107
1780965381 125
1817977319 53
1836837436 37
1854296563 133
1878223483 10
1880656059 148
1957456795 77
1967912122 28
1979915395 22
1987706045 118
1991912470 161
2034853916 136
2040735391 112
2054922385 44
2070794468 144
2071342302 166
2088744826 55
2180276089 56
2191007551 84
2245017434 154
2302936662 79
2321067875 81
2335376072 33
2337471812 143
2352408356 66
2386566304 156
2420023489 111
2493197103 75
2523580740 99
2533558194 152
2563637387 71
2590626395 135
2612076060 177
2623420502 92
2663355169 106
2675243293 64
2677761041 13
2680647675 141
2689742369 23
2714344193 122
2727339584 4
2736746253 163
2739454820 127
2751470307 174
2752981434 67
2759781031 35
2819042102 34
2820570352 30
2877103839 73
2878053286 36
2881898293 103
2931281920 157
2939038785 16
2940397723 87
2946051437 97
2947745968 70
2947818890 12
2975899179 31
2976264608 76
3052336121 158
3109774447 54
3118895249 131
3134364972 48
3159294203 65
3162794093 7
3197165266 83
3210776703 6
3224180642 89
3236016622 17
3252655057 72
3279979113 110
3310504013 176
3311786556 8
3326957411 134
3332444146 74
3345103274 32
3346435016 41
3369397036 129
3415828832 138
3419165889 93
3421043283 5
3439938365 85
3475802041 140
3576346154 80
3576952995 27
3637528652 9
3640665415 124
3644108658 153
3650994493 130
3705166655 47
3794242346 113
3813827420 59
3825964894 179
3834047911 178
3846291404 116
3863463209 102
3880856117 42
3896729982 51
3897441493 58
3934144507 117
3954570302 126
3978014586 115
3985338750 50
4012176614 171
4020817277 128
4074327253 18
4088869787 14
4106514720 40
4120563849 114
4136759817 172
4162517235 173
4168711638 94
4173604952 164
4231238145 159
4269563040 162
