1800764 114
87484882 122
97068523 12
125896844 44
132851176 89
158100332 154
197722022 160
212966424 152
268465553 109
277378561 106
346763723 86
347327944 115
386235461 24
391851701 74
409984302 56
435153685 87
442087175 133
465915581 127
482554758 69
582418999 81
646992379 175
677338192 121
680353138 120
723386437 47
725606561 11
755509855 83
777434108 29
789663515 3
795357209 13
833957915 37
849924382 17
882923786 167
934031291 104
984515489 60
1029684725 159
1039775941 116
1102138352 163
1119750476 142
1145535496 131
1163785346 172
1165500044 164
1171145260 39
1187002154 48
1199928407 51
1303866932 5
1315240339 41
1324646409 0
1399969279 6
1404395783 55
1411244463 43
1423943361 143
1433784421 132
1481700130 72
1506500056 16
1540789971 129
1565581772 93
1583240062 135
1593335970 145
1648888063 7
1703074003 113
1723374255 52
1755211868 117
1780965381 147
1817977319 46
1832923198 15
1836837436 59
1854296563 134
1880656059 151
1902819574 178
1957456795 102
1965817051 8
1967912122 57
1979915395 21
1987706045 119
1991912470 161
2034853916 130
2040735391 94
2054922385 76
2070794468 126
2071342302 168
2088744826 49
2180276089 35
2191007551 110
2245017434 148
2302936662 78
2321067875 82
2335376072 25
2337471812 149
2352408356 66
2386566304 156
2420023489 137
2493197103 97
2523580740 108
2533558194 155
2563637387 62
2564901090 14
2590626395 100
2612076060 177
2623420502 28
2663355169 71
2675243293 75
2677761041 38
2680647675 124
2689742369 40
2714344193 90
2736746253 162
2739454820 139
2751470307 173
2752981434 91
2759781031 34
2819042102 45
2820570352 61
2877103839 88
2878053286 64
2881898293 68
2931281920 158
2940397723 26
2946051437 111
2947745968 36
2947818890 27
2975899179 54
2976264608 33
3052336121 153
3109774447 22
3118895249 92
3134364972 70
3159294203 85
3197165266 112
3210776703 20
3224180642 65
3236016622 31
3252655057 95
3279979113 136
3305405241 1
3310504013 174
3311786556 32
3326957411 105
3332444146 98
3345103274 53
3346435016 67
3369397036 141
3415828832 150
3419165889 99
3421043283 30
3439938365 18
3475802041 146
3576346154 103
3576952995 4
3611753873 9
3637528652 10
3640665415 84
3644108658 144
3650994493 118
3682404586 23
3705166655 42
3794242346 96
3813827420 80
3825964894 179
3834047911 176
3846291404 128
3863463209 107
3880856117 63
3896729982 77
3897441493 50
3934144507 73
3954570302 101
3978014586 138
3985338750 79
4012176614 169
4020817277 140
4028575057 2
4106514720 58
4120563849 125
4136759817 171
4162517235 170
4168711638 123
4173604952 165
4231238145 157
4269563040 166
4277558944 19
