1800764 71
87484882 93
125896844 99
132851176 51
158100332 152
197722022 140
212966424 132
268465553 70
277378561 87
346763723 103
347327944 85
391851701 31
409984302 13
435153685 109
442087175 123
456854657 20
465915581 88
480126874 10
482554758 90
521460429 39
582418999 119
600757238 65
646992379 175
677338192 74
680353138 117
723386437 113
755509855 138
833957915 32
882923786 166
934031291 72
976519997 5
984515489 114
1029684725 139
1039775941 137
1061459597 178
1061673189 44
1102138352 163
1119750476 136
1145535496 104
1163785346 174
1165500044 158
1171145260 7
1187002154 8
1199928407 49
1302911819 55
1315240339 1
1324646409 0
1353077104 60
1399969279 33
1402099477 9
1404395783 116
1411244463 6
1423943361 125
1433784421 97
1462563128 17
1473496205 43
1481700130 24
1490182304 40
1497564029 27
1506500056 18
1540789971 154
1565581772 53
1583240062 100
1593335970 145
1703074003 69
1723374255 110
1755211868 89
1780965381 141
1817977319 14
1832923198 25
1836837436 76
1854296563 107
1880656059 135
1902819574 177
1957456795 146
1965817051 28
1966862849 67
1967912122 124
1987706045 82
1991912470 160
2034853916 98
2040735391 54
2054922385 121
2070794468 83
2071342302 168
2088744826 19
2115991866 2
2137655290 4
2191007551 161
2245017434 120
2302936662 47
2321067875 48
2337471812 133
2352408356 41
2386566304 148
2420023489 156
2493197103 126
2523580740 86
2533558194 151
2563637387 29
2564901090 21
2590626395 58
2612076060 176
2663355169 30
2675243293 63
2677761041 108
2680647675 81
2689742369 42
2714344193 50
2736746253 162
2739454820 128
2751470307 172
2752981434 130
2759781031 3
2819042102 38
2820570352 118
2877103839 106
2878053286 101
2881898293 23
2931281920 143
2946051437 94
2947818890 36
2975899179 80
3052336121 127
3118895249 52
3134364972 84
3159294203 142
3197165266 147
3210776703 34
3224180642 22
3236016622 37
3252655057 149
3279979113 144
3305405241 61
3310504013 170
3311786556 68
3326957411 64
3332444146 150
3345103274 77
3346435016 96
3369397036 131
3415828832 153
3419165889 91
3421043283 78
3453834671 12
3475802041 122
3576346154 159
3611753873 62
3640665415 45
3644108658 111
3650994493 75
3682404586 112
3705166655 15
3794242346 57
3813827420 95
3825964894 179
3834047911 173
3846291404 105
3863463209 79
3880856117 73
3896729982 92
3897441493 16
3930536579 26
3934144507 35
3954570302 59
3978014586 155
3985338750 115
4012176614 164
4020817277 129
4025582691 11
4028575057 56
4106514720 66
4120563849 102
4136759817 169
4162517235 165
4168711638 157
4173604952 167
4231238145 134
4269563040 171
4277558944 46
