1800764 54
87484882 106
125896844 82
132851176 62
158100332 159
197722022 154
212966424 145
268465553 51
277378561 98
346763723 110
347327944 95
391851701 42
409984302 22
435153685 114
442087175 129
465915581 86
482554758 87
521460429 10
582418999 115
600757238 47
646992379 175
677338192 74
680353138 125
723386437 88
755509855 122
795357209 11
833957915 49
882923786 166
934031291 75
972543760 4
976519997 3
984515489 100
1029684725 153
1039775941 134
1061459597 178
1061673189 23
1102138352 163
1119750476 144
1145535496 117
1163785346 174
1165500044 160
1171145260 28
1199928407 65
1302911819 17
1324646409 0
1353077104 30
1399969279 34
1404395783 99
1411244463 26
1423943361 135
1433784421 101
1473496205 14
1481700130 20
1490182304 16
1506500056 31
1540789971 142
1565581772 56
1583240062 109
1593335970 150
1703074003 61
1723374255 93
1755211868 102
1780965381 149
1817977319 32
1832923198 38
1836837436 77
1854296563 119
1880656059 147
1902819574 177
1957456795 128
1965817051 37
1966862849 25
1967912122 103
1979915395 15
1987706045 92
1991912470 161
2034853916 108
2040735391 64
2054922385 113
2070794468 84
2071342302 168
2088744826 39
2137655290 7
2180276089 18
2191007551 136
2245017434 130
2302936662 68
2321067875 69
2335376072 13
2337471812 143
2338681792 8
2352408356 59
2386566304 157
2420023489 151
2493197103 121
2523580740 97
2533558194 158
2563637387 46
2564901090 33
2590626395 53
2612076060 176
2663355169 9
2675243293 72
2677761041 81
2680647675 83
2689742369 57
2714344193 43
2736746253 162
2739454820 138
2751470307 172
2752981434 123
2759781031 24
2819042102 58
2820570352 104
2877103839 111
2878053286 91
2881898293 12
2931281920 155
2946051437 107
2947745968 1
2947818890 48
2975899179 79
2979186596 5
3052336121 137
3118895249 40
3134364972 85
3159294203 124
3197165266 132
3210776703 41
3224180642 29
3236016622 50
3252655057 126
3279979113 146
3305405241 45
3310504013 171
3311786556 66
3326957411 63
3332444146 127
3345103274 76
3346435016 89
3369397036 140
3415828832 156
3419165889 105
3421043283 70
3475802041 131
3576346154 133
3611753873 55
3637528652 19
3640665415 27
3644108658 120
3650994493 80
3682404586 73
3705166655 35
3794242346 67
3813827420 96
3825964894 179
3834047911 173
3846291404 118
3863463209 94
3880856117 78
3896729982 90
3897441493 36
3930536579 21
3934144507 2
3954570302 60
3978014586 152
3985338750 112
4012176614 164
4020817277 139
4025582691 6
4028575057 44
4106514720 71
4120563849 116
4136759817 170
4162517235 165
4168711638 141
4173604952 167
4231238145 148
4269563040 169
4277558944 52
