1800764 127
87484882 122
97068523 28
125896844 25
132851176 98
158100332 152
197722022 161
212966424 154
268465553 124
277378561 101
346763723 81
347327944 114
386235461 49
391851701 78
409984302 73
435153685 82
442087175 126
465915581 134
482554758 63
582418999 66
646992379 175
677338192 125
680353138 106
715741596 10
723386437 27
725606561 17
755509855 75
777434108 47
789663515 22
795357209 15
833957915 32
849924382 29
882923786 166
905458755 3
934031291 111
984515489 40
1029684725 159
1039775941 97
1102138352 164
1119750476 141
1145535496 133
1163785346 172
1165500044 168
1171145260 35
1187002154 74
1199928407 46
1303866932 4
1315240339 65
1324646409 0
1404395783 38
1411244463 48
1423943361 145
1433784421 137
1481700130 86
1506500056 11
1540789971 112
1565581772 105
1583240062 144
1593335970 138
1648888063 24
1703074003 121
1723374255 34
1755211868 116
1780965381 143
1817977319 50
1832923198 7
1836837436 53
1854296563 136
1880656059 150
1902819574 178
1957456795 91
1965817051 2
1967912122 36
1979915395 20
1987706045 118
1991912470 160
2034853916 132
2040735391 103
2054922385 62
2070794468 131
2071342302 167
2088744826 56
2180276089 41
2191007551 94
2245017434 151
2302936662 79
2321067875 80
2335376072 26
2337471812 148
2352408356 69
2386566304 156
2420023489 129
2493197103 89
2523580740 102
2533558194 153
2563637387 70
2564901090 6
2590626395 115
2612076060 177
2623420502 58
2663355169 92
2675243293 71
2677761041 21
2680647675 130
2689742369 30
2714344193 107
2736746253 162
2739454820 139
2751470307 173
2752981434 83
2759781031 31
2819042102 37
2820570352 42
2877103839 87
2878053286 54
2881898293 85
2931281920 157
2940397723 52
2946051437 100
2947745968 57
2947818890 19
2975899179 44
2976264608 51
3052336121 155
3109774447 33
3118895249 110
3134364972 64
3159294203 76
3197165266 95
3210776703 13
3224180642 77
3236016622 23
3252655057 84
3279979113 128
3310504013 174
3311786556 18
3326957411 117
3332444146 88
3345103274 45
3346435016 61
3369397036 142
3415828832 147
3419165889 96
3421043283 16
3439938365 39
3475802041 146
3576346154 90
3576952995 14
3611753873 1
3637528652 12
3640665415 99
3644108658 149
3650994493 120
3682404586 9
3705166655 43
3794242346 109
3813827420 72
3825964894 179
3834047911 176
3846291404 123
3863463209 104
3880856117 60
3896729982 67
3897441493 59
3934144507 93
3954570302 113
3978014586 135
3985338750 68
4012176614 169
4020817277 140
4074327253 5
4106514720 55
4120563849 119
4136759817 171
4162517235 170
4168711638 108
4173604952 165
4231238145 158
4269563040 163
4277558944 8
