1800764 92
87484882 123
97068523 2
125896844 55
132851176 84
158100332 154
197722022 160
212966424 153
268465553 86
277378561 108
346763723 98
347327944 112
386235461 5
391851701 59
409984302 49
435153685 99
442087175 135
465915581 120
482554758 80
582418999 91
600757238 11
646992379 175
677338192 104
680353138 126
723386437 56
725606561 12
755509855 96
777434108 10
795357209 18
833957915 44
849924382 8
882923786 166
934031291 100
984515489 69
1029684725 159
1039775941 124
1102138352 164
1119750476 145
1145535496 131
1163785346 174
1165500044 163
1171145260 36
1187002154 20
1199928407 58
1303866932 9
1315240339 21
1324646409 0
1353077104 3
1399969279 17
1404395783 67
1411244463 39
1423943361 139
1433784421 125
1481700130 52
1506500056 27
1540789971 134
1565581772 81
1583240062 130
1593335970 147
1703074003 95
1723374255 64
1755211868 119
1780965381 148
1817977319 45
1832923198 26
1836837436 68
1854296563 133
1880656059 151
1902819574 178
1957456795 115
1965817051 22
1967912122 66
1979915395 23
1987706045 117
1991912470 161
2034853916 128
2040735391 88
2054922385 83
2070794468 118
2071342302 167
2088744826 50
2180276089 32
2191007551 121
2245017434 146
2302936662 74
2321067875 78
2335376072 28
2337471812 149
2352408356 60
2386566304 157
2420023489 140
2493197103 111
2523580740 109
2533558194 155
2563637387 57
2564901090 24
2590626395 85
2612076060 177
2623420502 4
2663355169 43
2675243293 75
2677761041 51
2680647675 116
2689742369 48
2714344193 76
2736746253 162
2739454820 141
2751470307 173
2752981434 102
2759781031 33
2819042102 53
2820570352 70
2877103839 101
2878053286 72
2881898293 46
2931281920 158
2940397723 7
2946051437 114
2947745968 29
2947818890 35
2975899179 65
2976264608 15
2979186596 1
3052336121 150
3109774447 16
3118895249 73
3134364972 79
3159294203 97
3197165266 122
3210776703 31
3224180642 54
3236016622 37
3252655057 106
3279979113 137
3305405241 13
3310504013 172
3311786556 41
3326957411 94
3332444146 110
3345103274 63
3346435016 77
3369397036 143
3415828832 152
3419165889 103
3421043283 40
3475802041 138
3576346154 113
3611753873 25
3637528652 19
3640665415 61
3644108658 136
3650994493 107
3682404586 34
3705166655 42
3794242346 93
3813827420 87
3825964894 179
3834047911 176
3846291404 129
3863463209 105
3880856117 71
3896729982 82
3897441493 47
3930536579 6
3934144507 38
3954570302 89
3978014586 144
3985338750 90
4012176614 169
4020817277 142
4028575057 14
4106514720 62
4120563849 127
4136759817 171
4162517235 170
4168711638 132
4173604952 165
4231238145 156
4269563040 168
4277558944 30
