1800764 61
87484882 80
125896844 109
132851176 38
158100332 146
197722022 133
212966424 120
268465553 60
277378561 74
346763723 105
347327944 71
366165566 20
391851701 10
435153685 108
442087175 117
456854657 56
465915581 72
480126874 36
482554758 97
521460429 64
582418999 129
600757238 92
646992379 174
677338192 59
680353138 116
723386437 119
755509855 155
833957915 15
882923786 161
934031291 54
976519997 16
984515489 121
1029684725 134
1039775941 147
1061459597 178
1061673189 66
1102138352 152
1119750476 136
1145535496 95
1163785346 175
1165500044 142
1187002154 7
1199928407 47
1302911819 93
1324646409 0
1353077104 89
1399969279 35
1402099477 28
1404395783 122
1423943361 112
1433784421 83
1462563128 48
1473496205 65
1481700130 9
1490182304 62
1497564029 55
1506500056 13
1540789971 157
1565581772 42
1583240062 91
1593335970 144
1703074003 57
1723374255 115
1755211868 77
1780965381 140
1817977319 1
1832923198 18
1836837436 82
1854296563 100
1880656059 131
1902819574 177
1957456795 159
1965817051 22
1966862849 102
1967912122 138
1987706045 68
1991912470 148
2023365118 30
2034853916 86
2040735391 44
2054922385 132
2070794468 70
2071342302 163
2088744826 4
2115991866 39
2137655290 12
2191007551 172
2245017434 110
2273076216 6
2302936662 32
2321067875 33
2337471812 127
2352408356 19
2386566304 139
2420023489 158
2455595861 34
2493197103 126
2523580740 73
2533558194 143
2563637387 8
2564901090 14
2590626395 50
2612076060 176
2618357298 21
2663355169 17
2675243293 52
2677761041 114
2680647675 69
2689742369 31
2714344193 43
2736746253 150
2739454820 123
2751470307 171
2752981434 141
2819042102 25
2820570352 135
2877103839 106
2878053286 107
2881898293 11
2931281920 137
2946051437 87
2947818890 26
2975899179 90
3052336121 113
3118895249 45
3134364972 88
3159294203 160
3197165266 156
3210776703 27
3224180642 5
3236016622 24
3252655057 165
3279979113 145
3305405241 81
3310504013 167
3311786556 79
3326957411 51
3332444146 164
3345103274 84
3346435016 103
3369397036 130
3415828832 149
3419165889 85
3421043283 99
3453834671 40
3475802041 111
3576346154 170
3611753873 75
3640665415 41
3644108658 104
3650994493 58
3682404586 128
3705166655 2
3794242346 46
3813827420 101
3825964894 179
3834047911 173
3846291404 96
3863463209 67
3880856117 78
3896729982 98
3897441493 3
3930536579 37
3934144507 29
3954570302 49
3978014586 154
3985338750 118
4012176614 151
4020817277 125
4025582691 23
4028575057 76
4106514720 63
4120563849 94
4136759817 168
4162517235 153
4168711638 166
4173604952 162
4231238145 124
4269563040 169
4277558944 53
