1800764 127
87484882 120
97068523 30
125896844 34
132851176 92
158100332 153
197722022 161
212966424 152
268465553 126
277378561 93
346763723 79
347327944 109
386235461 53
391851701 75
409984302 69
435153685 80
442087175 125
465915581 133
482554758 59
582418999 76
646992379 175
677338192 123
680353138 106
715741596 15
723386437 41
725606561 14
755509855 84
777434108 47
789663515 23
795357209 10
833957915 26
849924382 29
882923786 166
905458755 9
934031291 105
984515489 57
1029684725 159
1039775941 108
1102138352 163
1119750476 142
1145535496 129
1163785346 172
1165500044 168
1171145260 31
1187002154 78
1199928407 39
1303866932 1
1315240339 67
1324646409 0
1404395783 55
1411244463 37
1423943361 144
1433784421 135
1481700130 82
1506500056 8
1540789971 122
1565581772 101
1583240062 137
1593335970 143
1648888063 22
1703074003 124
1723374255 50
1755211868 112
1780965381 145
1817977319 38
1832923198 6
1836837436 48
1854296563 131
1880656059 151
1902819574 178
1957456795 97
1965817051 3
1967912122 61
1979915395 16
1987706045 114
1991912470 160
2034853916 128
2040735391 99
2054922385 71
2070794468 132
2071342302 167
2088744826 40
2180276089 36
2191007551 110
2245017434 150
2302936662 74
2321067875 77
2335376072 21
2337471812 148
2352408356 62
2386566304 156
2420023489 136
2493197103 88
2523580740 96
2533558194 154
2563637387 65
2564901090 4
2590626395 115
2612076060 177
2623420502 64
2663355169 87
2675243293 66
2677761041 32
2680647675 130
2689742369 27
2714344193 107
2736746253 162
2739454820 138
2751470307 173
2752981434 86
2759781031 24
2819042102 33
2820570352 63
2877103839 81
2878053286 54
2881898293 83
2931281920 157
2940397723 56
2946051437 95
2947745968 45
2947818890 17
2975899179 44
2976264608 49
3052336121 155
3109774447 28
3118895249 111
3134364972 60
3159294203 85
3197165266 103
3210776703 13
3224180642 72
3236016622 18
3252655057 91
3279979113 134
3310504013 174
3311786556 19
3326957411 116
3332444146 94
3345103274 43
3346435016 58
3369397036 141
3415828832 149
3419165889 89
3421043283 20
3439938365 51
3475802041 146
3576346154 102
3576952995 12
3611753873 7
3637528652 5
3640665415 104
3644108658 147
3650994493 118
3682404586 25
3705166655 35
3794242346 100
3813827420 70
3825964894 179
3834047911 176
3846291404 121
3863463209 98
3880856117 52
3896729982 68
3897441493 42
3934144507 90
3954570302 113
3978014586 140
3985338750 73
4012176614 169
4020817277 139
4074327253 2
4106514720 46
4120563849 117
4136759817 171
4162517235 170
4168711638 119
4173604952 165
4231238145 158
4269563040 164
4277558944 11
