1800764 88
87484882 113
125896844 64
132851176 71
158100332 156
197722022 160
212966424 152
268465553 85
277378561 101
346763723 95
347327944 105
386235461 4
391851701 54
409984302 43
435153685 104
442087175 132
465915581 112
482554758 75
582418999 106
600757238 31
646992379 176
677338192 98
680353138 125
723386437 76
725606561 2
755509855 119
777434108 9
795357209 10
833957915 41
882923786 167
934031291 91
984515489 90
1029684725 159
1039775941 129
1061673189 11
1102138352 164
1119750476 144
1145535496 122
1163785346 174
1165500044 162
1171145260 32
1187002154 27
1199928407 55
1302911819 3
1315240339 20
1324646409 0
1353077104 17
1399969279 18
1404395783 87
1411244463 33
1423943361 136
1433784421 114
1481700130 50
1490182304 1
1506500056 23
1540789971 139
1565581772 72
1583240062 121
1593335970 148
1703074003 89
1723374255 82
1755211868 110
1780965381 147
1817977319 38
1832923198 24
1836837436 65
1854296563 124
1880656059 151
1902819574 178
1957456795 128
1965817051 22
1966862849 14
1967912122 93
1979915395 15
1987706045 107
1991912470 161
2034853916 116
2040735391 74
2054922385 102
2070794468 111
2071342302 168
2088744826 42
2180276089 25
2191007551 134
2245017434 137
2302936662 60
2321067875 61
2335376072 16
2337471812 146
2352408356 56
2386566304 158
2420023489 149
2493197103 117
2523580740 100
2533558194 155
2563637387 51
2564901090 21
2590626395 77
2612076060 177
2623420502 6
2663355169 46
2675243293 63
2677761041 67
2680647675 109
2689742369 44
2714344193 69
2736746253 163
2739454820 140
2751470307 173
2752981434 120
2759781031 26
2819042102 48
2820570352 92
2877103839 103
2878053286 81
2881898293 45
2931281920 157
2940397723 5
2946051437 108
2947745968 19
2947818890 34
2975899179 66
2976264608 13
3052336121 145
3109774447 7
3118895249 70
3134364972 73
3159294203 123
3197165266 130
3210776703 30
3224180642 49
3236016622 39
3252655057 126
3279979113 143
3305405241 29
3310504013 172
3311786556 52
3326957411 84
3332444146 127
3345103274 62
3346435016 78
3369397036 142
3415828832 153
3419165889 99
3421043283 53
3475802041 135
3576346154 133
3611753873 37
3637528652 12
3640665415 58
3644108658 131
3650994493 97
3682404586 59
3705166655 36
3794242346 80
3813827420 86
3825964894 179
3834047911 175
3846291404 118
3863463209 94
3880856117 68
3896729982 83
3897441493 40
3930536579 8
3934144507 47
3954570302 79
3978014586 150
3985338750 96
4012176614 166
4020817277 141
4028575057 28
4106514720 57
4120563849 115
4136759817 171
4162517235 169
4168711638 138
4173604952 165
4231238145 154
4269563040 170
4277558944 35
