1800764 12
87484882 70
125896844 112
132851176 19
143419484 18
158100332 148
197722022 118
212966424 120
268465553 4
277378561 74
346763723 106
347327944 64
366165566 34
435153685 111
442087175 115
456854657 65
465915581 45
480126874 55
482554758 100
521460429 77
582418999 133
600757238 97
646992379 174
677338192 30
680353138 117
723386437 124
755509855 156
833957915 31
882923786 154
934031291 40
972543760 10
976519997 42
984515489 127
1029684725 122
1039775941 152
1061459597 177
1061673189 79
1102138352 150
1119750476 138
1145535496 80
1163785346 176
1165500044 137
1199928407 59
1302911819 95
1324646409 0
1353077104 94
1399969279 57
1402099477 53
1404395783 129
1423943361 113
1433784421 61
1462563128 62
1473496205 78
1490182304 75
1497564029 68
1506500056 28
1540789971 163
1565581772 6
1567831198 24
1583240062 67
1593335970 149
1703074003 17
1721069724 8
1723374255 119
1755211868 69
1780965381 142
1832923198 43
1836837436 92
1854296563 81
1880656059 130
1902819574 178
1957456795 162
1965817051 50
1966862849 99
1967912122 140
1987706045 60
1991912470 143
2023365118 41
2034853916 72
2040735391 22
2054922385 135
2070794468 39
2071342302 158
2088744826 14
2115991866 49
2137655290 33
2191007551 173
2245017434 104
2273076216 27
2302936662 32
2321067875 29
2335932329 7
2337471812 123
2338681792 21
2352408356 26
2386566304 139
2420023489 164
2455595861 46
2493197103 132
2523580740 73
2533558194 145
2563637387 13
2564901090 35
2590626395 2
2612076060 175
2618357298 38
2654090424 23
2675243293 63
2677761041 114
2680647675 37
2689742369 54
2736746253 147
2739454820 125
2751470307 170
2752981434 144
2819042102 44
2820570352 136
2877103839 107
2878053286 110
2931281920 134
2946051437 83
2947818890 48
2975899179 98
2979186596 3
3052336121 108
3134364972 96
3159294203 160
3197165266 161
3210776703 52
3236016622 47
3252655057 167
3279979113 151
3305405241 91
3310504013 157
3311786556 90
3326957411 20
3332444146 166
3345103274 93
3346435016 105
3369397036 131
3415828832 153
3419165889 86
3421043283 102
3453834671 56
3475802041 109
3570828790 11
3576346154 172
3611753873 85
3637528652 1
3644108658 82
3650994493 36
3682404586 128
3705166655 5
3794242346 25
3813827420 103
3825964894 179
3834047911 169
3846291404 89
3863463209 66
3880856117 88
3896729982 101
3930536579 58
3954570302 15
3978014586 159
3985338750 121
4012176614 141
4020817277 126
4025582691 51
4028575057 84
4071585141 16
4084769632 9
4106514720 76
4120563849 87
4136759817 165
4162517235 146
4168711638 168
4173604952 155
4231238145 116
4269563040 171
4277558944 71
