1800764 108
87484882 89
97068523 1
125896844 94
132851176 57
158100332 146
197722022 145
212966424 132
268465553 110
277378561 70
346763723 90
347327944 75
386235461 40
391851701 32
409984302 24
435153685 99
442087175 116
456854657 28
465915581 102
480126874 6
482554758 71
521460429 37
582418999 123
600757238 55
646992379 175
677338192 91
680353138 112
723386437 114
755509855 148
777434108 25
789663515 15
833957915 12
882923786 163
934031291 65
984515489 115
1029684725 141
1039775941 138
1061459597 178
1061673189 39
1102138352 161
1119750476 134
1145535496 103
1163785346 174
1165500044 157
1187002154 60
1199928407 31
1302911819 58
1315240339 35
1324646409 0
1353077104 53
1399969279 16
1404395783 117
1423943361 119
1433784421 105
1462563128 19
1473496205 38
1481700130 47
1490182304 33
1497564029 27
1540789971 153
1565581772 69
1583240062 106
1593335970 142
1703074003 101
1723374255 109
1755211868 79
1780965381 137
1817977319 2
1836837436 54
1854296563 104
1880656059 133
1902819574 177
1957456795 151
1965817051 3
1966862849 72
1967912122 130
1987706045 82
1991912470 155
2023365118 4
2034853916 98
2040735391 62
2054922385 124
2070794468 100
2071342302 166
2088744826 7
2115991866 14
2191007551 168
2245017434 121
2302936662 34
2321067875 36
2337471812 131
2352408356 26
2386566304 143
2420023489 154
2455595861 9
2493197103 122
2523580740 68
2533558194 144
2563637387 23
2590626395 88
2612076060 176
2623420502 49
2663355169 67
2675243293 42
2677761041 107
2680647675 97
2689742369 21
2714344193 77
2736746253 159
2739454820 126
2751470307 172
2752981434 135
2819042102 20
2820570352 125
2877103839 92
2878053286 93
2881898293 51
2931281920 139
2940397723 41
2946051437 80
2947745968 11
2947818890 17
2975899179 59
2976264608 22
3052336121 128
3118895249 85
3134364972 61
3159294203 152
3197165266 149
3210776703 13
3224180642 30
3236016622 18
3252655057 158
3279979113 140
3305405241 48
3310504013 171
3311786556 50
3326957411 86
3332444146 156
3345103274 56
3346435016 81
3369397036 129
3415828832 147
3419165889 74
3421043283 64
3439938365 46
3453834671 8
3475802041 118
3576346154 167
3611753873 45
3640665415 84
3644108658 113
3650994493 83
3682404586 120
3794242346 63
3813827420 76
3825964894 179
3834047911 173
3846291404 96
3863463209 66
3880856117 52
3896729982 73
3897441493 5
3930536579 10
3934144507 87
3954570302 78
3978014586 150
3985338750 111
4012176614 162
4020817277 127
4028575057 44
4106514720 43
4120563849 95
4136759817 169
4162517235 165
4168711638 160
4173604952 164
4231238145 136
4269563040 170
4277558944 29
