1800764 112
87484882 125
97068523 10
125896844 37
132851176 95
158100332 154
197722022 160
212966424 152
268465553 107
277378561 109
346763723 86
347327944 116
386235461 22
391851701 75
409984302 61
435153685 87
442087175 131
465915581 128
482554758 68
582418999 77
646992379 175
677338192 121
680353138 117
723386437 38
725606561 15
755509855 81
777434108 29
789663515 3
795357209 17
833957915 40
849924382 20
882923786 167
934031291 108
984515489 55
1029684725 159
1039775941 115
1102138352 163
1119750476 143
1145535496 133
1163785346 172
1165500044 164
1171145260 43
1187002154 44
1199928407 56
1303866932 6
1315240339 42
1324646409 0
1399969279 4
1404395783 52
1411244463 46
1423943361 145
1433784421 132
1481700130 74
1506500056 19
1540789971 123
1565581772 97
1583240062 135
1593335970 141
1648888063 7
1703074003 114
1723374255 50
1755211868 119
1780965381 144
1817977319 48
1832923198 16
1836837436 60
1854296563 134
1880656059 151
1902819574 178
1957456795 96
1965817051 9
1967912122 49
1979915395 23
1987706045 122
1991912470 161
2034853916 130
2040735391 99
2054922385 66
2070794468 126
2071342302 168
2088744826 51
2180276089 39
2191007551 100
2245017434 150
2302936662 82
2321067875 83
2335376072 31
2337471812 149
2352408356 69
2386566304 156
2420023489 137
2493197103 98
2523580740 110
2533558194 155
2563637387 64
2564901090 14
2590626395 102
2612076060 177
2623420502 24
2663355169 72
2675243293 78
2677761041 34
2680647675 124
2689742369 41
2714344193 92
2736746253 162
2739454820 139
2751470307 173
2752981434 88
2759781031 35
2819042102 47
2820570352 54
2877103839 90
2878053286 62
2881898293 71
2931281920 158
2940397723 25
2946051437 113
2947745968 36
2947818890 28
2975899179 58
2976264608 33
3052336121 153
3109774447 27
3118895249 94
3134364972 73
3159294203 84
3197165266 104
3210776703 21
3224180642 67
3236016622 32
3252655057 89
3279979113 136
3310504013 174
3311786556 30
3326957411 106
3332444146 91
3345103274 57
3346435016 65
3369397036 142
3415828832 148
3419165889 103
3421043283 26
3439938365 11
3475802041 146
3576346154 93
3576952995 5
3611753873 8
3637528652 13
3640665415 85
3644108658 147
3650994493 120
3682404586 12
3705166655 45
3794242346 101
3813827420 80
3825964894 179
3834047911 176
3846291404 129
3863463209 111
3880856117 63
3896729982 76
3897441493 53
3934144507 70
3954570302 105
3978014586 138
3985338750 79
4012176614 169
4020817277 140
4028575057 1
4074327253 2
4106514720 59
4120563849 127
4136759817 171
4162517235 170
4168711638 118
4173604952 166
4231238145 157
4269563040 165
4277558944 18
