1800764 121
87484882 111
97068523 25
125896844 49
132851176 86
158100332 155
197722022 160
212966424 152
268465553 120
277378561 89
346763723 80
347327944 98
386235461 43
391851701 61
409984302 53
435153685 82
442087175 129
465915581 126
482554758 62
582418999 84
600757238 13
646992379 175
677338192 113
680353138 109
715741596 9
723386437 67
725606561 4
755509855 107
777434108 40
789663515 22
795357209 2
833957915 26
849924382 24
882923786 166
905458755 1
934031291 95
984515489 73
1029684725 159
1039775941 122
1102138352 163
1119750476 143
1145535496 125
1163785346 174
1165500044 164
1171145260 27
1187002154 70
1199928407 41
1315240339 54
1324646409 0
1353077104 3
1404395783 72
1411244463 32
1423943361 136
1433784421 130
1481700130 74
1506500056 7
1540789971 134
1565581772 93
1583240062 132
1593335970 145
1648888063 17
1703074003 115
1723374255 68
1755211868 102
1780965381 144
1817977319 34
1832923198 8
1836837436 52
1854296563 128
1880656059 150
1902819574 178
1957456795 117
1965817051 5
1967912122 77
1979915395 11
1987706045 105
1991912470 161
2034853916 123
2040735391 88
2054922385 81
2070794468 124
2071342302 167
2088744826 36
2180276089 29
2191007551 133
2245017434 147
2302936662 63
2321067875 66
2335376072 16
2337471812 149
2352408356 47
2386566304 157
2420023489 146
2493197103 99
2523580740 90
2533558194 154
2563637387 46
2564901090 6
2590626395 104
2612076060 177
2623420502 51
2663355169 79
2675243293 58
2677761041 56
2680647675 119
2689742369 28
2714344193 97
2736746253 162
2739454820 137
2751470307 172
2752981434 103
2759781031 20
2819042102 33
2820570352 76
2877103839 83
2878053286 65
2881898293 75
2931281920 158
2940397723 44
2946051437 94
2947745968 38
2947818890 19
2975899179 50
2976264608 39
3052336121 153
3109774447 23
3118895249 101
3134364972 60
3159294203 110
3197165266 127
3210776703 14
3224180642 59
3236016622 21
3252655057 116
3279979113 140
3305405241 12
3310504013 173
3311786556 31
3326957411 106
3332444146 118
3345103274 48
3346435016 64
3369397036 141
3415828832 151
3419165889 85
3421043283 35
3439938365 42
3475802041 138
3576346154 131
3611753873 18
3640665415 96
3644108658 142
3650994493 108
3682404586 55
3705166655 30
3794242346 92
3813827420 71
3825964894 179
3834047911 176
3846291404 114
3863463209 91
3880856117 57
3896729982 69
3897441493 37
3934144507 87
3954570302 100
3978014586 148
3985338750 78
4012176614 169
4020817277 139
4028575057 10
4106514720 45
4120563849 112
4136759817 171
4162517235 170
4168711638 135
4173604952 165
4231238145 156
4269563040 168
4277558944 15
