1800764 148
87484882 126
97068523 67
125896844 11
132851176 109
158100332 151
197722022 169
212966424 155
268465553 147
277378561 101
346763723 75
347327944 112
386235461 85
391851701 94
409984302 90
435153685 73
442087175 110
465915581 146
482554758 50
548834259 1
582418999 38
646992379 176
677338192 138
680353138 97
715741596 42
723386437 8
725606561 28
755509855 41
777434108 80
789663515 57
795357209 25
833957915 34
849924382 65
882923786 168
905458755 35
934031291 114
984515489 23
1029684725 161
1039775941 84
1102138352 167
1119750476 125
1145535496 136
1163785346 171
1165500044 170
1171145260 52
1187002154 98
1199928407 46
1303866932 18
1315240339 92
1324646409 0
1378626860 7
1404395783 19
1411244463 68
1423943361 140
1433784421 150
1481700130 100
1506500056 9
1540789971 93
1565581772 119
1583240062 152
1593335970 118
1648888063 54
1703074003 141
1723374255 21
1755211868 113
1780965381 123
1817977319 63
1832923198 3
1836837436 37
1854296563 137
1878223483 13
1880656059 149
1957456795 69
1967912122 16
1979915395 30
1987706045 121
1991912470 163
2034853916 139
2040735391 115
2054922385 29
2070794468 145
2071342302 166
2088744826 64
2180276089 66
2191007551 71
2245017434 156
2302936662 87
2321067875 91
2335376072 43
2337471812 143
2352408356 77
2386566304 157
2420023489 105
2493197103 76
2523580740 103
2533558194 153
2563637387 83
2564901090 4
2590626395 132
2612076060 178
2623420502 89
2663355169 106
2675243293 72
2677761041 2
2680647675 144
2689742369 27
2714344193 124
2727339584 12
2736746253 164
2739454820 127
2751470307 175
2752981434 60
2759781031 47
2819042102 40
2820570352 20
2877103839 79
2878053286 31
2881898293 102
2931281920 158
2939038785 22
2940397723 86
2946051437 99
2947745968 78
2947818890 17
2975899179 32
2976264608 81
3052336121 159
3109774447 59
3118895249 131
3134364972 51
3159294203 48
3162794093 5
3197165266 74
3210776703 10
3224180642 95
3236016622 24
3252655057 56
3279979113 107
3310504013 177
3311786556 6
3326957411 135
3332444146 61
3345103274 33
3346435016 39
3369397036 130
3415828832 134
3419165889 96
3439938365 82
3475802041 142
3576346154 62
3576952995 36
3637528652 15
3640665415 122
3644108658 154
3650994493 133
3705166655 55
3794242346 116
3813827420 58
3825964894 179
3846291404 120
3863463209 104
3880856117 49
3896729982 53
3897441493 70
3934144507 111
3954570302 128
3978014586 108
3985338750 44
4012176614 173
4020817277 129
4074327253 26
4088869787 14
4106514720 45
4120563849 117
4136759817 172
4162517235 174
4168711638 88
4173604952 165
4231238145 160
4269563040 162
