1800764 28
87484882 86
125896844 104
132851176 37
158100332 154
197722022 134
212966424 128
268465553 19
277378561 85
346763723 108
347327944 81
391851701 20
409984302 1
435153685 112
442087175 126
456854657 24
465915581 68
480126874 22
482554758 96
521460429 48
582418999 123
600757238 75
646992379 174
677338192 60
680353138 124
723386437 113
755509855 138
833957915 45
882923786 166
934031291 65
972543760 6
976519997 21
984515489 114
1029684725 137
1039775941 141
1061459597 178
1061673189 59
1102138352 164
1119750476 139
1145535496 97
1163785346 175
1165500044 151
1171145260 13
1199928407 67
1302911819 61
1324646409 0
1353077104 69
1399969279 49
1402099477 26
1404395783 115
1411244463 8
1423943361 125
1433784421 78
1462563128 33
1473496205 53
1490182304 52
1497564029 36
1506500056 39
1540789971 153
1565581772 30
1583240062 84
1593335970 150
1703074003 34
1723374255 111
1755211868 82
1780965381 144
1817977319 16
1832923198 43
1836837436 88
1854296563 100
1880656059 136
1902819574 177
1957456795 143
1965817051 46
1966862849 70
1967912122 121
1979915395 2
1987706045 76
1991912470 159
2034853916 90
2040735391 40
2054922385 122
2070794468 66
2071342302 168
2088744826 29
2115991866 4
2137655290 23
2191007551 160
2245017434 116
2273076216 12
2302936662 57
2321067875 56
2337471812 133
2338681792 11
2352408356 47
2386566304 149
2420023489 162
2493197103 127
2523580740 83
2533558194 152
2563637387 31
2564901090 41
2590626395 25
2612076060 176
2675243293 73
2677761041 107
2680647675 63
2689742369 58
2714344193 15
2736746253 163
2739454820 131
2751470307 172
2752981434 129
2759781031 9
2819042102 55
2820570352 118
2877103839 109
2878053286 106
2931281920 142
2946051437 95
2947818890 51
2975899179 92
2979186596 5
3052336121 120
3118895249 14
3134364972 93
3159294203 140
3197165266 146
3210776703 50
3224180642 7
3236016622 54
3252655057 145
3279979113 148
3305405241 72
3310504013 169
3311786556 79
3326957411 38
3332444146 147
3345103274 91
3346435016 103
3369397036 135
3415828832 156
3419165889 94
3421043283 89
3453834671 27
3475802041 119
3576346154 155
3611753873 74
3637528652 10
3640665415 3
3644108658 105
3650994493 62
3682404586 110
3705166655 18
3794242346 44
3813827420 101
3825964894 179
3834047911 173
3846291404 102
3863463209 80
3880856117 87
3896729982 98
3897441493 17
3930536579 42
3954570302 35
3978014586 158
3985338750 117
4012176614 161
4020817277 132
4025582691 32
4028575057 71
4106514720 77
4120563849 99
4136759817 170
4162517235 165
4168711638 157
4173604952 167
4231238145 130
4269563040 171
4277558944 64
