1800764 94
87484882 120
97068523 3
125896844 57
132851176 83
158100332 155
197722022 160
212966424 153
268465553 92
277378561 103
346763723 95
347327944 110
386235461 8
391851701 58
409984302 47
435153685 97
442087175 134
465915581 118
482554758 76
582418999 91
600757238 15
646992379 175
677338192 107
680353138 124
723386437 60
725606561 7
755509855 101
777434108 13
795357209 11
833957915 39
849924382 6
882923786 166
934031291 99
984515489 73
1029684725 159
1039775941 129
1102138352 164
1119750476 144
1145535496 130
1163785346 174
1165500044 163
1171145260 36
1187002154 31
1199928407 55
1303866932 5
1315240339 27
1324646409 0
1353077104 4
1399969279 12
1404395783 70
1411244463 37
1423943361 139
1433784421 127
1481700130 54
1506500056 23
1540789971 135
1565581772 82
1583240062 131
1593335970 147
1703074003 96
1723374255 66
1755211868 113
1780965381 148
1817977319 41
1832923198 24
1836837436 64
1854296563 132
1880656059 151
1902819574 178
1957456795 119
1965817051 19
1967912122 74
1979915395 21
1987706045 112
1991912470 161
2034853916 128
2040735391 86
2054922385 85
2070794468 116
2071342302 167
2088744826 46
2180276089 33
2191007551 126
2245017434 145
2302936662 69
2321067875 71
2335376072 25
2337471812 149
2352408356 59
2386566304 157
2420023489 143
2493197103 111
2523580740 104
2533558194 154
2563637387 56
2564901090 22
2590626395 87
2612076060 177
2623420502 9
2663355169 50
2675243293 68
2677761041 53
2680647675 114
2689742369 44
2714344193 80
2736746253 162
2739454820 140
2751470307 173
2752981434 108
2759781031 32
2819042102 48
2820570352 78
2877103839 98
2878053286 72
2881898293 51
2931281920 158
2940397723 10
2946051437 109
2947745968 28
2947818890 34
2975899179 63
2976264608 20
3052336121 150
3109774447 16
3118895249 81
3134364972 75
3159294203 105
3197165266 123
3210776703 29
3224180642 52
3236016622 35
3252655057 115
3279979113 138
3305405241 18
3310504013 172
3311786556 40
3326957411 93
3332444146 117
3345103274 62
3346435016 77
3369397036 142
3415828832 152
3419165889 100
3421043283 42
3439938365 2
3475802041 137
3576346154 121
3611753873 26
3637528652 14
3640665415 67
3644108658 136
3650994493 106
3682404586 43
3705166655 38
3794242346 90
3813827420 84
3825964894 179
3834047911 176
3846291404 125
3863463209 102
3880856117 65
3896729982 79
3897441493 45
3930536579 1
3934144507 49
3954570302 89
3978014586 146
3985338750 88
4012176614 168
4020817277 141
4028575057 17
4106514720 61
4120563849 122
4136759817 171
4162517235 170
4168711638 133
4173604952 165
4231238145 156
4269563040 169
4277558944 30
