1800764 107
87484882 82
125896844 106
132851176 49
158100332 146
197722022 141
212966424 127
268465553 108
277378561 62
346763723 92
347327944 66
366165566 15
386235461 36
391851701 24
409984302 17
435153685 104
442087175 114
456854657 38
465915581 98
480126874 20
482554758 74
521460429 44
582418999 125
600757238 70
646992379 175
677338192 86
680353138 112
723386437 120
755509855 156
777434108 22
789663515 8
833957915 2
882923786 161
934031291 57
984515489 118
1029684725 135
1039775941 145
1061459597 178
1061673189 42
1102138352 153
1119750476 134
1145535496 99
1163785346 174
1165500044 149
1187002154 63
1199928407 26
1302911819 81
1315240339 33
1324646409 0
1353077104 69
1399969279 12
1402099477 9
1404395783 122
1423943361 115
1433784421 103
1462563128 29
1473496205 43
1481700130 41
1490182304 40
1497564029 35
1540789971 154
1565581772 65
1583240062 105
1593335970 142
1703074003 100
1723374255 110
1755211868 71
1780965381 138
1836837436 53
1854296563 101
1880656059 131
1902819574 177
1957456795 157
1965817051 3
1966862849 93
1967912122 137
1987706045 72
1991912470 148
2023365118 25
2034853916 94
2040735391 54
2054922385 129
2070794468 97
2071342302 164
2115991866 28
2191007551 171
2245017434 116
2302936662 30
2321067875 31
2337471812 128
2352408356 19
2386566304 140
2420023489 152
2455595861 27
2493197103 121
2523580740 60
2533558194 144
2563637387 10
2590626395 88
2612076060 176
2618357298 16
2623420502 48
2663355169 67
2675243293 34
2677761041 111
2680647675 96
2689742369 14
2714344193 76
2736746253 151
2739454820 123
2751470307 172
2752981434 139
2819042102 11
2820570352 132
2877103839 95
2878053286 102
2881898293 47
2931281920 136
2940397723 37
2946051437 75
2947745968 1
2947818890 6
2975899179 64
2976264608 18
3052336121 119
3118895249 84
3134364972 61
3159294203 159
3197165266 155
3210776703 5
3224180642 23
3236016622 7
3252655057 166
3279979113 143
3305405241 55
3310504013 168
3311786556 51
3326957411 83
3332444146 163
3345103274 58
3346435016 87
3369397036 126
3415828832 147
3419165889 68
3421043283 78
3439938365 45
3453834671 21
3475802041 113
3576346154 170
3611753873 46
3640665415 85
3644108658 109
3650994493 79
3682404586 130
3794242346 56
3813827420 80
3825964894 179
3834047911 173
3846291404 91
3863463209 59
3880856117 52
3896729982 77
3930536579 13
3934144507 90
3954570302 73
3978014586 150
3985338750 117
4012176614 158
4020817277 124
4025582691 4
4028575057 50
4106514720 39
4120563849 89
4136759817 167
4162517235 160
4168711638 165
4173604952 162
4231238145 133
4269563040 169
4277558944 32
