1800764 109
87484882 85
97068523 3
125896844 95
132851176 57
158100332 146
197722022 145
212966424 131
268465553 110
277378561 68
346763723 88
347327944 75
386235461 41
391851701 32
409984302 24
435153685 97
442087175 114
456854657 31
465915581 102
480126874 6
482554758 69
521460429 36
582418999 122
600757238 56
646992379 175
677338192 92
680353138 112
715741596 1
723386437 115
755509855 148
777434108 26
789663515 18
833957915 7
882923786 163
934031291 65
984515489 116
1029684725 140
1039775941 139
1061459597 178
1061673189 39
1102138352 161
1119750476 134
1145535496 101
1163785346 174
1165500044 156
1187002154 63
1199928407 29
1302911819 60
1315240339 38
1324646409 0
1353077104 53
1399969279 13
1404395783 118
1423943361 119
1433784421 105
1462563128 21
1473496205 37
1481700130 49
1490182304 34
1497564029 28
1540789971 152
1565581772 70
1583240062 106
1593335970 142
1703074003 103
1723374255 108
1755211868 78
1780965381 137
1836837436 52
1854296563 104
1880656059 133
1902819574 177
1957456795 151
1965817051 2
1966862849 74
1967912122 132
1987706045 80
1991912470 155
2023365118 8
2034853916 98
2040735391 61
2054922385 124
2070794468 100
2071342302 166
2088744826 5
2115991866 17
2191007551 168
2245017434 120
2302936662 33
2321067875 35
2337471812 130
2352408356 25
2386566304 143
2420023489 154
2455595861 16
2493197103 121
2523580740 67
2533558194 144
2563637387 22
2590626395 89
2612076060 176
2623420502 50
2663355169 73
2675243293 40
2677761041 107
2680647675 99
2689742369 20
2714344193 82
2736746253 159
2739454820 126
2751470307 172
2752981434 135
2819042102 19
2820570352 125
2877103839 90
2878053286 93
2881898293 54
2931281920 138
2940397723 43
2946051437 77
2947745968 14
2947818890 12
2975899179 58
2976264608 23
3052336121 128
3118895249 87
3134364972 59
3159294203 153
3197165266 150
3210776703 10
3224180642 30
3236016622 15
3252655057 158
3279979113 141
3305405241 48
3310504013 171
3311786556 46
3326957411 86
3332444146 157
3345103274 55
3346435016 79
3369397036 129
3415828832 147
3419165889 71
3421043283 64
3439938365 47
3453834671 11
3475802041 117
3576346154 167
3611753873 45
3640665415 84
3644108658 113
3650994493 83
3682404586 123
3794242346 62
3813827420 76
3825964894 179
3834047911 173
3846291404 96
3863463209 66
3880856117 51
3896729982 72
3897441493 4
3930536579 9
3934144507 91
3954570302 81
3978014586 149
3985338750 111
4012176614 162
4020817277 127
4028575057 44
4106514720 42
4120563849 94
4136759817 169
4162517235 165
4168711638 160
4173604952 164
4231238145 136
4269563040 170
4277558944 27
