1800764 85
87484882 121
125896844 59
132851176 82
158100332 156
197722022 160
212966424 152
268465553 80
277378561 107
346763723 97
347327944 110
391851701 57
409984302 44
435153685 99
442087175 135
465915581 114
482554758 84
582418999 95
600757238 17
646992379 175
677338192 100
680353138 129
723386437 61
725606561 12
755509855 98
777434108 7
795357209 16
833957915 45
849924382 6
882923786 166
934031291 96
984515489 74
1029684725 159
1039775941 130
1061673189 4
1102138352 164
1119750476 145
1145535496 131
1163785346 174
1165500044 162
1171145260 35
1187002154 14
1199928407 58
1303866932 9
1315240339 15
1324646409 0
1353077104 8
1399969279 20
1404395783 70
1411244463 38
1423943361 138
1433784421 122
1481700130 48
1506500056 27
1540789971 134
1565581772 76
1583240062 128
1593335970 147
1703074003 90
1723374255 68
1755211868 115
1780965381 148
1817977319 43
1832923198 28
1836837436 67
1854296563 132
1880656059 151
1902819574 178
1957456795 119
1965817051 25
1967912122 72
1979915395 23
1987706045 112
1991912470 161
2034853916 125
2040735391 86
2054922385 92
2070794468 109
2071342302 168
2088744826 50
2180276089 30
2191007551 123
2245017434 142
2302936662 71
2321067875 73
2335376072 24
2337471812 149
2338681792 5
2352408356 60
2386566304 158
2420023489 144
2493197103 117
2523580740 106
2533558194 155
2563637387 55
2564901090 26
2590626395 79
2612076060 177
2663355169 36
2675243293 75
2677761041 54
2680647675 108
2689742369 51
2714344193 66
2736746253 163
2739454820 140
2751470307 173
2752981434 111
2759781031 31
2819042102 53
2820570352 77
2877103839 101
2878053286 78
2881898293 39
2931281920 157
2940397723 2
2946051437 113
2947745968 22
2947818890 37
2975899179 65
2976264608 11
2979186596 3
3052336121 150
3109774447 13
3118895249 64
3134364972 81
3159294203 103
3197165266 124
3210776703 32
3224180642 52
3236016622 40
3252655057 116
3279979113 139
3305405241 21
3310504013 172
3311786556 49
3326957411 91
3332444146 118
3345103274 63
3346435016 83
3369397036 143
3415828832 153
3419165889 105
3421043283 47
3475802041 137
3516413806 1
3576346154 120
3611753873 29
3637528652 18
3640665415 56
3644108658 136
3650994493 102
3682404586 41
3705166655 42
3794242346 89
3813827420 93
3825964894 179
3834047911 176
3846291404 127
3863463209 104
3880856117 69
3896729982 88
3897441493 46
3930536579 10
3934144507 34
3954570302 87
3978014586 146
3985338750 94
4012176614 167
4020817277 141
4028575057 19
4106514720 62
4120563849 126
4136759817 171
4162517235 170
4168711638 133
4173604952 165
4231238145 154
4269563040 169
4277558944 33
