1800764 7
87484882 77
125896844 105
132851176 27
143419484 2
158100332 150
197722022 128
212966424 125
268465553 1
277378561 84
346763723 106
347327944 71
366165566 16
391851701 12
435153685 110
442087175 122
456854657 42
465915581 60
480126874 34
482554758 101
521460429 62
582418999 124
600757238 86
646992379 174
677338192 43
680353138 121
723386437 117
755509855 144
833957915 41
882923786 164
934031291 58
972543760 10
976519997 33
984515489 119
1029684725 132
1039775941 143
1061459597 178
1061673189 69
1102138352 158
1119750476 139
1145535496 89
1163785346 175
1165500044 140
1171145260 6
1199928407 64
1302911819 73
1324646409 0
1353077104 80
1399969279 59
1402099477 36
1404395783 120
1423943361 116
1433784421 66
1462563128 46
1473496205 65
1490182304 63
1497564029 56
1506500056 35
1540789971 160
1565581772 15
1567831198 4
1583240062 74
1593335970 146
1703074003 20
1723374255 113
1755211868 75
1780965381 142
1817977319 13
1832923198 44
1836837436 90
1854296563 94
1880656059 136
1902819574 177
1957456795 152
1965817051 48
1966862849 85
1967912122 129
1987706045 68
1991912470 151
2023365118 17
2034853916 78
2040735391 30
2054922385 127
2070794468 50
2071342302 167
2088744826 24
2115991866 28
2137655290 32
2191007551 168
2245017434 109
2273076216 29
2302936662 47
2321067875 45
2337471812 133
2338681792 19
2352408356 37
2386566304 141
2420023489 162
2455595861 25
2493197103 130
2523580740 81
2533558194 149
2563637387 23
2564901090 40
2590626395 8
2612076060 176
2618357298 22
2654090424 11
2675243293 70
2677761041 111
2680647675 49
2689742369 61
2736746253 153
2739454820 131
2751470307 173
2752981434 138
2819042102 52
2820570352 123
2877103839 107
2878053286 108
2931281920 137
2946051437 93
2947818890 55
2975899179 97
2979186596 5
3052336121 112
3134364972 98
3159294203 148
3197165266 155
3210776703 57
3236016622 53
3252655057 157
3279979113 145
3305405241 83
3310504013 169
3311786556 87
3326957411 26
3332444146 159
3345103274 91
3346435016 104
3369397036 135
3415828832 156
3419165889 92
3421043283 99
3453834671 39
3475802041 114
3576346154 165
3611753873 82
3637528652 9
3644108658 95
3650994493 51
3682404586 115
3705166655 18
3794242346 31
3813827420 103
3825964894 179
3834047911 171
3846291404 100
3863463209 72
3880856117 88
3896729982 102
3897441493 14
3930536579 54
3954570302 21
3978014586 161
3985338750 118
4012176614 147
4020817277 134
4025582691 38
4028575057 76
4084769632 3
4106514720 79
4120563849 96
4136759817 170
4162517235 154
4168711638 163
4173604952 166
4231238145 126
4269563040 172
4277558944 67
