87484882 75
125896844 108
132851176 22
143419484 14
158100332 149
197722022 121
212966424 123
277378561 78
346763723 106
347327944 66
366165566 26
391851701 3
435153685 111
442087175 117
456854657 58
465915581 49
480126874 46
482554758 101
521460429 67
582418999 127
600757238 90
646992379 174
677338192 34
680353138 118
723386437 119
755509855 153
833957915 37
882923786 161
934031291 47
972543760 15
976519997 36
984515489 124
1029684725 126
1039775941 147
1061459597 178
1061673189 76
1102138352 152
1119750476 139
1145535496 84
1163785346 175
1165500044 138
1171145260 2
1199928407 63
1302911819 81
1324646409 0
1353077104 85
1399969279 60
1402099477 44
1404395783 125
1423943361 114
1433784421 62
1462563128 56
1473496205 72
1490182304 68
1497564029 61
1506500056 35
1540789971 162
1565581772 4
1567831198 19
1583240062 69
1593335970 148
1703074003 10
1721069724 5
1723374255 115
1755211868 73
1780965381 143
1817977319 8
1832923198 48
1836837436 95
1854296563 88
1880656059 134
1902819574 177
1957456795 156
1965817051 52
1966862849 93
1967912122 136
1987706045 64
1991912470 144
2023365118 27
2034853916 74
2040735391 24
2054922385 132
2070794468 42
2071342302 166
2088744826 21
2115991866 31
2137655290 33
2191007551 170
2245017434 105
2273076216 29
2302936662 41
2321067875 38
2337471812 128
2338681792 23
2352408356 32
2386566304 141
2420023489 164
2455595861 30
2493197103 133
2523580740 77
2533558194 145
2563637387 18
2564901090 40
2612076060 176
2616533013 1
2618357298 28
2654090424 20
2675243293 65
2677761041 113
2680647675 39
2689742369 57
2736746253 150
2739454820 129
2751470307 172
2752981434 140
2819042102 51
2820570352 130
2877103839 107
2878053286 109
2931281920 137
2946051437 91
2947818890 54
2975899179 99
2979186596 11
3052336121 110
3134364972 98
3159294203 155
3197165266 157
3210776703 55
3236016622 53
3252655057 158
3279979113 151
3305405241 83
3310504013 165
3311786556 86
3326957411 17
3332444146 160
3345103274 97
3346435016 104
3369397036 135
3415828832 154
3419165889 92
3421043283 100
3453834671 50
3475802041 112
3576346154 169
3611753873 82
3637528652 9
3644108658 87
3650994493 43
3682404586 116
3705166655 16
3794242346 25
3813827420 103
3825964894 179
3834047911 171
3846291404 96
3863463209 71
3880856117 89
3896729982 102
3897441493 6
3930536579 59
3954570302 13
3978014586 159
3985338750 120
4012176614 142
4020817277 131
4025582691 45
4028575057 80
4071585141 7
4084769632 12
4106514720 79
4120563849 94
4136759817 168
4162517235 146
4168711638 167
4173604952 163
4231238145 122
4269563040 173
4277558944 70
