1800764 81
87484882 144
125896844 129
132851176 101
143419484 31
158100332 204
197722022 195
212966424 186
256620174 14
268465553 78
277378561 138
346763723 155
347327944 135
366165566 3
391851701 82
409984302 62
435153685 160
442087175 173
448554581 23
456854657 34
465915581 123
480126874 43
482554758 136
521460429 63
548834259 17
582418999 164
600757238 103
646992379 220
677338192 115
680353138 169
723386437 142
725606561 40
755509855 167
777434108 7
795357209 56
833957915 96
849924382 8
882923786 211
934031291 117
960241349 28
972543760 50
976519997 52
984515489 151
1029684725 197
1030179093 5
1039775941 179
1061459597 223
1061673189 76
1102138352 209
1119750476 190
1145535496 156
1163785346 219
1165500044 205
1171145260 71
1187002154 11
1199928407 113
1297835987 2
1302911819 69
1303866932 41
1315240339 21
1324646409 0
1353077104 91
1399969279 87
1402099477 49
1404395783 150
1411244463 68
1423943361 175
1433784421 134
1462563128 48
1473496205 65
1481700130 53
1490182304 67
1497564029 47
1506500056 83
1540789971 189
1565581772 92
1567831198 25
1583240062 146
1593335970 196
1703074003 93
1721069724 30
1723374255 145
1755211868 140
1780965381 194
1817977319 75
1832923198 89
1836837436 126
1854296563 161
1880656059 192
1902819574 222
1957456795 177
1965817051 88
1966862849 80
1967912122 154
1979915395 60
1987706045 131
1991912470 206
2034853916 148
2040735391 104
2054922385 163
2070794468 121
2071342302 213
2088744826 84
2115991866 16
2127417671 6
2137655290 59
2180276089 55
2191007551 182
2245017434 171
2273076216 46
2302936662 111
2321067875 112
2335376072 57
2337471812 187
2338681792 54
2352408356 106
2386566304 202
2420023489 198
2455595861 9
2493197103 166
2523580740 137
2533558194 203
2563637387 90
2564901090 85
2590626395 86
2612076060 221
2616533013 39
2618357298 15
2654090424 33
2663355169 36
2675243293 120
2677761041 130
2680647675 119
2689742369 108
2714344193 74
2727339584 22
2736746253 207
2739454820 183
2751470307 217
2752981434 168
2759781031 66
2779948080 10
2819042102 107
2820570352 153
2877103839 157
2878053286 143
2881898293 44
2931281920 199
2946051437 152
2947745968 35
2947818890 97
2975899179 128
2976264608 19
2979186596 51
3044575483 38
3052336121 178
3109774447 29
3118895249 72
3134364972 132
3159294203 170
3197165266 180
3210776703 94
3220657959 1
3224180642 70
3236016622 99
3238789951 27
3252655057 174
3279979113 193
3305405241 102
3310504013 214
3311786556 114
3326957411 98
3332444146 176
3345103274 125
3346435016 139
3369397036 185
3415828832 201
3419165889 149
3421043283 116
3453834671 45
3475802041 172
3516413806 37
3576346154 181
3576952995 12
3611753873 110
3637528652 64
3640665415 61
3644108658 165
3650994493 118
3682404586 124
3705166655 79
3794242346 109
3813827420 147
3825964894 224
3834047911 218
3846291404 159
3863463209 133
3880856117 127
3885860355 24
3896729982 141
3897441493 77
3930536579 73
3934144507 32
3934575285 13
3954570302 95
3978014586 200
3985338750 162
4012176614 208
4020817277 184
4025582691 58
4028575057 100
4056565709 26
4071585141 18
4074327253 20
4084769632 42
4106514720 122
4120563849 158
4136759817 215
4162517235 210
4168711638 188
4173604952 212
4231238145 191
4238147281 4
4269563040 216
4277558944 105
