1800764 72
87484882 100
125896844 83
132851176 60
158100332 159
197722022 152
212966424 136
268465553 70
277378561 91
346763723 103
347327944 90
391851701 42
409984302 22
435153685 108
442087175 123
456854657 2
465915581 93
482554758 81
521460429 19
582418999 119
600757238 54
646992379 175
677338192 79
680353138 121
723386437 106
755509855 129
833957915 38
882923786 166
934031291 76
984515489 112
1029684725 149
1039775941 134
1061459597 178
1061673189 35
1102138352 163
1119750476 139
1145535496 111
1163785346 174
1165500044 160
1171145260 14
1187002154 13
1199928407 53
1302911819 41
1315240339 8
1324646409 0
1353077104 46
1399969279 28
1404395783 113
1411244463 15
1423943361 127
1433784421 101
1462563128 9
1473496205 24
1481700130 32
1490182304 23
1497564029 11
1506500056 17
1540789971 147
1565581772 59
1583240062 107
1593335970 146
1703074003 71
1723374255 102
1755211868 94
1780965381 145
1817977319 21
1832923198 26
1836837436 74
1854296563 114
1880656059 142
1902819574 177
1957456795 137
1965817051 27
1966862849 48
1967912122 117
1979915395 4
1987706045 88
1991912470 161
2034853916 104
2040735391 62
2054922385 118
2070794468 87
2071342302 168
2088744826 29
2137655290 1
2180276089 10
2191007551 153
2245017434 124
2302936662 55
2321067875 56
2335376072 5
2337471812 135
2352408356 47
2386566304 155
2420023489 157
2493197103 122
2523580740 86
2533558194 158
2563637387 40
2564901090 18
2590626395 63
2612076060 176
2663355169 33
2675243293 64
2677761041 96
2680647675 85
2689742369 43
2714344193 57
2736746253 162
2739454820 130
2751470307 172
2752981434 126
2759781031 12
2819042102 44
2820570352 116
2877103839 105
2878053286 97
2881898293 30
2931281920 151
2946051437 98
2947745968 3
2947818890 37
2975899179 77
3052336121 128
3118895249 58
3134364972 78
3159294203 131
3197165266 140
3210776703 34
3224180642 31
3236016622 39
3252655057 138
3279979113 144
3305405241 50
3310504013 171
3311786556 61
3326957411 68
3332444146 141
3345103274 75
3346435016 89
3369397036 133
3415828832 156
3419165889 95
3421043283 69
3475802041 125
3576346154 148
3611753873 52
3637528652 6
3640665415 51
3644108658 120
3650994493 80
3682404586 99
3705166655 20
3794242346 67
3813827420 92
3825964894 179
3834047911 173
3846291404 110
3863463209 82
3880856117 73
3896729982 84
3897441493 25
3930536579 16
3934144507 36
3954570302 65
3978014586 154
3985338750 115
4012176614 164
4020817277 132
4025582691 7
4028575057 49
4106514720 66
4120563849 109
4136759817 170
4162517235 165
4168711638 150
4173604952 167
4231238145 143
4269563040 169
4277558944 45
