1800764 104
87484882 126
97068523 7
125896844 44
132851176 89
158100332 154
197722022 160
212966424 153
268465553 101
277378561 112
346763723 90
347327944 117
386235461 12
391851701 72
409984302 55
435153685 91
442087175 135
465915581 125
482554758 74
582418999 78
646992379 175
677338192 118
680353138 121
723386437 42
725606561 14
755509855 84
777434108 22
795357209 18
833957915 41
849924382 10
882923786 167
934031291 110
984515489 58
1029684725 159
1039775941 115
1102138352 163
1119750476 143
1145535496 132
1163785346 172
1165500044 164
1171145260 40
1187002154 34
1199928407 56
1303866932 8
1315240339 32
1324646409 0
1399969279 9
1404395783 53
1411244463 45
1423943361 145
1433784421 131
1481700130 65
1506500056 23
1540789971 127
1565581772 88
1583240062 134
1593335970 144
1648888063 4
1703074003 107
1723374255 52
1755211868 119
1780965381 147
1817977319 47
1832923198 21
1836837436 66
1854296563 133
1880656059 151
1902819574 178
1957456795 102
1965817051 15
1967912122 51
1979915395 27
1987706045 120
1991912470 161
2034853916 130
2040735391 94
2054922385 73
2070794468 124
2071342302 168
2088744826 50
2180276089 39
2191007551 106
2245017434 148
2302936662 80
2321067875 82
2335376072 29
2337471812 149
2352408356 70
2386566304 156
2420023489 137
2493197103 103
2523580740 113
2533558194 155
2563637387 67
2564901090 20
2590626395 95
2612076060 177
2623420502 11
2663355169 59
2675243293 76
2677761041 38
2680647675 123
2689742369 43
2714344193 86
2736746253 162
2739454820 139
2751470307 173
2752981434 92
2759781031 37
2819042102 48
2820570352 57
2877103839 96
2878053286 68
2881898293 60
2931281920 158
2940397723 16
2946051437 114
2947745968 35
2947818890 31
2975899179 62
2976264608 28
3052336121 152
3109774447 25
3118895249 87
3134364972 75
3159294203 85
3197165266 109
3210776703 26
3224180642 64
3236016622 36
3252655057 93
3279979113 136
3305405241 2
3310504013 174
3311786556 33
3326957411 105
3332444146 97
3345103274 61
3346435016 71
3369397036 142
3415828832 150
3419165889 108
3421043283 30
3439938365 6
3475802041 146
3576346154 99
3576952995 3
3611753873 13
3637528652 17
3640665415 81
3644108658 140
3650994493 116
3682404586 19
3705166655 46
3794242346 100
3813827420 83
3825964894 179
3834047911 176
3846291404 129
3863463209 111
3880856117 69
3896729982 77
3897441493 49
3934144507 54
3954570302 98
3978014586 138
3985338750 79
4012176614 169
4020817277 141
4028575057 5
4074327253 1
4106514720 63
4120563849 128
4136759817 171
4162517235 170
4168711638 122
4173604952 165
4231238145 157
4269563040 166
4277558944 24
