1800764 109
87484882 88
97068523 6
125896844 92
132851176 59
158100332 145
197722022 147
212966424 132
268465553 110
277378561 70
346763723 85
347327944 76
386235461 41
391851701 32
409984302 25
435153685 97
442087175 117
456854657 26
465915581 101
480126874 2
482554758 68
521460429 34
582418999 121
600757238 54
646992379 175
677338192 94
680353138 112
715741596 1
723386437 113
755509855 148
777434108 28
789663515 18
833957915 13
882923786 163
934031291 66
984515489 115
1029684725 142
1039775941 138
1061459597 178
1061673189 36
1102138352 161
1119750476 133
1145535496 102
1163785346 174
1165500044 158
1187002154 62
1199928407 30
1302911819 57
1315240339 39
1324646409 0
1353077104 51
1399969279 14
1404395783 116
1423943361 120
1433784421 105
1462563128 19
1473496205 35
1481700130 49
1490182304 33
1497564029 24
1540789971 153
1565581772 73
1583240062 107
1593335970 141
1703074003 103
1723374255 108
1755211868 79
1780965381 137
1817977319 4
1836837436 53
1854296563 104
1880656059 134
1902819574 177
1957456795 152
1965817051 3
1966862849 65
1967912122 130
1987706045 82
1991912470 157
2034853916 98
2040735391 63
2054922385 124
2070794468 100
2071342302 167
2088744826 11
2115991866 9
2191007551 168
2245017434 123
2302936662 37
2321067875 38
2337471812 131
2352408356 27
2386566304 143
2420023489 154
2455595861 5
2493197103 122
2523580740 69
2533558194 144
2563637387 22
2590626395 93
2612076060 176
2623420502 50
2663355169 72
2675243293 40
2677761041 106
2680647675 99
2689742369 21
2714344193 80
2736746253 160
2739454820 126
2751470307 172
2752981434 135
2819042102 20
2820570352 125
2877103839 91
2878053286 90
2881898293 55
2931281920 140
2940397723 42
2946051437 78
2947745968 17
2947818890 15
2975899179 58
2976264608 23
3052336121 128
3118895249 86
3134364972 60
3159294203 151
3197165266 149
3210776703 12
3224180642 31
3236016622 16
3252655057 156
3279979113 139
3305405241 46
3310504013 171
3311786556 48
3326957411 87
3332444146 155
3345103274 56
3346435016 77
3369397036 129
3415828832 146
3419165889 74
3421043283 61
3439938365 47
3453834671 7
3475802041 118
3576346154 165
3611753873 45
3640665415 84
3644108658 114
3650994493 83
3682404586 119
3794242346 64
3813827420 75
3825964894 179
3834047911 173
3846291404 96
3863463209 67
3880856117 52
3896729982 71
3897441493 10
3930536579 8
3934144507 89
3954570302 81
3978014586 150
3985338750 111
4012176614 162
4020817277 127
4028575057 43
4106514720 44
4120563849 95
4136759817 170
4162517235 166
4168711638 159
4173604952 164
4231238145 136
4269563040 169
4277558944 29
