1800764 126
87484882 121
97068523 25
125896844 32
132851176 94
158100332 153
197722022 161
212966424 152
268465553 125
277378561 97
346763723 81
347327944 112
386235461 46
391851701 76
409984302 67
435153685 82
442087175 127
465915581 131
482554758 63
582418999 75
646992379 175
677338192 123
680353138 110
715741596 9
723386437 37
725606561 15
755509855 83
777434108 41
789663515 21
795357209 13
833957915 29
849924382 26
882923786 166
905458755 1
934031291 108
984515489 56
1029684725 159
1039775941 107
1102138352 163
1119750476 142
1145535496 132
1163785346 172
1165500044 168
1171145260 33
1187002154 72
1199928407 42
1303866932 3
1315240339 61
1324646409 0
1404395783 55
1411244463 39
1423943361 145
1433784421 135
1481700130 79
1506500056 10
1540789971 119
1565581772 103
1583240062 137
1593335970 143
1648888063 20
1703074003 122
1723374255 51
1755211868 114
1780965381 144
1817977319 40
1832923198 8
1836837436 53
1854296563 133
1880656059 151
1902819574 178
1957456795 93
1965817051 4
1967912122 57
1979915395 16
1987706045 116
1991912470 160
2034853916 130
2040735391 98
2054922385 70
2070794468 129
2071342302 167
2088744826 44
2180276089 35
2191007551 105
2245017434 150
2302936662 77
2321067875 78
2335376072 24
2337471812 149
2352408356 65
2386566304 156
2420023489 136
2493197103 89
2523580740 100
2533558194 154
2563637387 66
2564901090 6
2590626395 113
2612076060 177
2623420502 54
2663355169 86
2675243293 69
2677761041 31
2680647675 128
2689742369 30
2714344193 106
2736746253 162
2739454820 139
2751470307 173
2752981434 87
2759781031 27
2819042102 34
2820570352 60
2877103839 85
2878053286 59
2881898293 80
2931281920 157
2940397723 50
2946051437 101
2947745968 45
2947818890 17
2975899179 49
2976264608 43
3052336121 155
3109774447 28
3118895249 109
3134364972 64
3159294203 84
3197165266 99
3210776703 14
3224180642 74
3236016622 23
3252655057 90
3279979113 134
3310504013 174
3311786556 22
3326957411 115
3332444146 92
3345103274 48
3346435016 62
3369397036 141
3415828832 148
3419165889 91
3421043283 18
3439938365 38
3475802041 146
3576346154 95
3576952995 11
3611753873 5
3637528652 7
3640665415 96
3644108658 147
3650994493 118
3682404586 19
3705166655 36
3794242346 104
3813827420 71
3825964894 179
3834047911 176
3846291404 124
3863463209 102
3880856117 58
3896729982 68
3897441493 47
3934144507 88
3954570302 111
3978014586 138
3985338750 73
4012176614 169
4020817277 140
4074327253 2
4106514720 52
4120563849 120
4136759817 171
4162517235 170
4168711638 117
4173604952 165
4231238145 158
4269563040 164
4277558944 12
