1800764 45
87484882 92
125896844 93
132851176 51
158100332 159
197722022 144
212966424 133
268465553 40
277378561 89
346763723 109
347327944 85
391851701 29
409984302 13
435153685 112
442087175 125
456854657 5
465915581 77
480126874 7
482554758 91
521460429 27
582418999 120
600757238 66
646992379 175
677338192 69
680353138 122
723386437 107
755509855 129
833957915 46
882923786 166
934031291 70
976519997 10
984515489 115
1029684725 145
1039775941 135
1061459597 178
1061673189 44
1102138352 164
1119750476 143
1145535496 104
1163785346 174
1165500044 160
1171145260 22
1199928407 67
1302911819 42
1324646409 0
1353077104 59
1399969279 39
1402099477 11
1404395783 114
1411244463 18
1423943361 126
1433784421 86
1462563128 15
1473496205 33
1481700130 8
1490182304 34
1497564029 19
1506500056 31
1540789971 149
1565581772 43
1583240062 95
1593335970 151
1703074003 52
1723374255 106
1755211868 90
1780965381 148
1817977319 23
1832923198 37
1836837436 80
1854296563 110
1880656059 142
1902819574 177
1957456795 138
1965817051 38
1966862849 57
1967912122 118
1979915395 4
1987706045 82
1991912470 161
2034853916 96
2040735391 54
2054922385 119
2070794468 75
2071342302 168
2088744826 26
2137655290 14
2180276089 2
2191007551 152
2245017434 121
2273076216 3
2302936662 63
2321067875 64
2335376072 1
2337471812 136
2338681792 6
2352408356 53
2386566304 154
2420023489 158
2493197103 123
2523580740 88
2533558194 156
2563637387 36
2564901090 35
2590626395 41
2612076060 176
2675243293 71
2677761041 99
2680647675 74
2689742369 58
2714344193 32
2736746253 162
2739454820 131
2751470307 172
2752981434 128
2759781031 16
2819042102 56
2820570352 116
2877103839 111
2878053286 103
2931281920 150
2946051437 102
2947818890 48
2975899179 84
3052336121 127
3118895249 28
3134364972 87
3159294203 130
3197165266 141
3210776703 47
3224180642 21
3236016622 49
3252655057 137
3279979113 147
3305405241 65
3310504013 169
3311786556 72
3326957411 55
3332444146 140
3345103274 81
3346435016 97
3369397036 134
3415828832 157
3419165889 98
3421043283 78
3453834671 9
3475802041 124
3576346154 146
3611753873 68
3637528652 12
3640665415 20
3644108658 113
3650994493 73
3682404586 100
3705166655 25
3794242346 60
3813827420 101
3825964894 179
3834047911 173
3846291404 108
3863463209 83
3880856117 79
3896729982 94
3897441493 24
3930536579 30
3954570302 50
3978014586 155
3985338750 117
4012176614 163
4020817277 132
4025582691 17
4028575057 62
4106514720 76
4120563849 105
4136759817 170
4162517235 165
4168711638 153
4173604952 167
4231238145 139
4269563040 171
4277558944 61
