1800764 58
87484882 106
125896844 79
132851176 61
158100332 159
197722022 154
212966424 146
268465553 54
277378561 100
346763723 107
347327944 97
391851701 45
409984302 25
435153685 114
442087175 129
465915581 88
482554758 86
521460429 9
582418999 115
600757238 43
646992379 175
677338192 80
680353138 125
723386437 87
725606561 1
755509855 121
795357209 10
833957915 49
882923786 166
934031291 81
972543760 2
984515489 98
1029684725 153
1039775941 133
1061459597 178
1061673189 21
1102138352 163
1119750476 143
1145535496 117
1163785346 174
1165500044 160
1171145260 27
1199928407 64
1302911819 14
1324646409 0
1353077104 28
1399969279 29
1404395783 96
1411244463 26
1423943361 135
1433784421 104
1473496205 11
1481700130 22
1490182304 13
1506500056 30
1540789971 141
1565581772 57
1583240062 113
1593335970 149
1703074003 62
1723374255 92
1755211868 103
1780965381 148
1817977319 35
1832923198 36
1836837436 75
1854296563 119
1880656059 147
1902819574 177
1957456795 128
1965817051 34
1966862849 23
1967912122 101
1979915395 16
1987706045 94
1991912470 161
2034853916 112
2040735391 65
2054922385 111
2070794468 85
2071342302 168
2088744826 39
2137655290 6
2180276089 18
2191007551 136
2245017434 130
2302936662 67
2321067875 69
2335376072 15
2337471812 144
2338681792 7
2352408356 59
2386566304 157
2420023489 151
2493197103 120
2523580740 99
2533558194 158
2563637387 47
2564901090 31
2590626395 56
2612076060 176
2663355169 12
2675243293 73
2677761041 78
2680647675 84
2689742369 53
2714344193 51
2736746253 162
2739454820 138
2751470307 172
2752981434 123
2759781031 24
2819042102 55
2820570352 102
2877103839 110
2878053286 90
2881898293 17
2931281920 156
2946051437 108
2947745968 4
2947818890 44
2975899179 76
2979186596 3
3052336121 137
3118895249 46
3134364972 83
3159294203 124
3197165266 131
3210776703 40
3224180642 33
3236016622 48
3252655057 126
3279979113 145
3305405241 42
3310504013 171
3311786556 63
3326957411 66
3332444146 127
3345103274 74
3346435016 89
3369397036 142
3415828832 155
3419165889 105
3421043283 68
3475802041 134
3576346154 132
3611753873 52
3637528652 19
3640665415 32
3644108658 122
3650994493 82
3682404586 72
3705166655 37
3794242346 70
3813827420 95
3825964894 179
3834047911 173
3846291404 118
3863463209 93
3880856117 77
3896729982 91
3897441493 38
3930536579 20
3934144507 8
3954570302 60
3978014586 152
3985338750 109
4012176614 164
4020817277 139
4025582691 5
4028575057 41
4106514720 71
4120563849 116
4136759817 170
4162517235 165
4168711638 140
4173604952 167
4231238145 150
4269563040 169
4277558944 50
