1800764 122
87484882 115
97068523 21
125896844 47
132851176 86
158100332 154
197722022 160
212966424 152
268465553 120
277378561 92
346763723 82
347327944 104
386235461 42
391851701 65
409984302 56
435153685 84
442087175 131
465915581 126
482554758 64
582418999 81
600757238 10
646992379 175
677338192 116
680353138 109
715741596 2
723386437 58
725606561 6
755509855 100
777434108 37
789663515 18
795357209 4
833957915 26
849924382 22
882923786 166
934031291 97
984515489 72
1029684725 159
1039775941 121
1102138352 163
1119750476 142
1145535496 128
1163785346 173
1165500044 164
1171145260 28
1187002154 67
1199928407 43
1315240339 50
1324646409 0
1404395783 70
1411244463 33
1423943361 138
1433784421 132
1481700130 75
1506500056 12
1540789971 135
1565581772 91
1583240062 134
1593335970 145
1648888063 15
1703074003 114
1723374255 62
1755211868 106
1780965381 146
1817977319 35
1832923198 11
1836837436 54
1854296563 130
1880656059 150
1902819574 178
1957456795 112
1965817051 5
1967912122 76
1979915395 13
1987706045 108
1991912470 161
2034853916 127
2040735391 88
2054922385 80
2070794468 125
2071342302 167
2088744826 39
2180276089 30
2191007551 129
2245017434 148
2302936662 68
2321067875 71
2335376072 19
2337471812 149
2352408356 55
2386566304 156
2420023489 144
2493197103 98
2523580740 93
2533558194 155
2563637387 53
2564901090 8
2590626395 105
2612076060 177
2623420502 46
2663355169 78
2675243293 60
2677761041 48
2680647675 124
2689742369 29
2714344193 95
2736746253 162
2739454820 137
2751470307 172
2752981434 101
2759781031 25
2819042102 34
2820570352 74
2877103839 85
2878053286 63
2881898293 77
2931281920 158
2940397723 44
2946051437 96
2947745968 36
2947818890 20
2975899179 52
2976264608 38
3052336121 153
3109774447 23
3118895249 99
3134364972 61
3159294203 103
3197165266 119
3210776703 14
3224180642 59
3236016622 24
3252655057 111
3279979113 136
3305405241 9
3310504013 174
3311786556 27
3326957411 107
3332444146 113
3345103274 51
3346435016 66
3369397036 141
3415828832 151
3419165889 87
3421043283 31
3439938365 40
3475802041 140
3576346154 123
3576952995 1
3611753873 16
3637528652 3
3640665415 89
3644108658 143
3650994493 110
3682404586 45
3705166655 32
3794242346 90
3813827420 73
3825964894 179
3834047911 176
3846291404 118
3863463209 94
3880856117 57
3896729982 69
3897441493 41
3934144507 83
3954570302 102
3978014586 147
3985338750 79
4012176614 169
4020817277 139
4028575057 7
4106514720 49
4120563849 117
4136759817 171
4162517235 170
4168711638 133
4173604952 165
4231238145 157
4269563040 168
4277558944 17
