1800764 84
87484882 113
125896844 71
132851176 69
158100332 157
197722022 160
212966424 148
268465553 80
277378561 96
346763723 99
347327944 101
386235461 1
391851701 52
409984302 40
435153685 107
442087175 128
465915581 111
482554758 78
582418999 112
600757238 36
646992379 176
677338192 94
680353138 124
723386437 86
755509855 123
777434108 6
795357209 8
833957915 42
882923786 167
934031291 89
984515489 91
1029684725 158
1039775941 131
1061673189 14
1102138352 164
1119750476 144
1145535496 119
1163785346 174
1165500044 162
1171145260 28
1187002154 25
1199928407 55
1302911819 11
1315240339 17
1324646409 0
1353077104 26
1399969279 19
1404395783 90
1411244463 29
1423943361 135
1433784421 114
1473496205 5
1481700130 49
1490182304 7
1506500056 23
1540789971 141
1565581772 68
1583240062 118
1593335970 149
1703074003 85
1723374255 87
1755211868 108
1780965381 147
1817977319 34
1832923198 27
1836837436 65
1854296563 121
1880656059 150
1902819574 178
1957456795 129
1965817051 24
1966862849 18
1967912122 100
1979915395 13
1987706045 102
1991912470 161
2034853916 115
2040735391 72
2054922385 110
2070794468 106
2071342302 168
2088744826 41
2180276089 20
2191007551 137
2245017434 136
2302936662 58
2321067875 60
2335376072 15
2337471812 146
2352408356 54
2386566304 159
2420023489 151
2493197103 120
2523580740 95
2533558194 156
2563637387 51
2564901090 21
2590626395 74
2612076060 177
2623420502 4
2663355169 45
2675243293 61
2677761041 73
2680647675 104
2689742369 46
2714344193 62
2736746253 163
2739454820 138
2751470307 173
2752981434 122
2759781031 22
2819042102 50
2820570352 97
2877103839 103
2878053286 83
2881898293 44
2931281920 155
2940397723 2
2946051437 109
2947745968 16
2947818890 35
2975899179 66
2976264608 9
3052336121 143
3109774447 3
3118895249 63
3134364972 77
3159294203 125
3197165266 132
3210776703 30
3224180642 47
3236016622 39
3252655057 127
3279979113 145
3305405241 33
3310504013 172
3311786556 53
3326957411 79
3332444146 130
3345103274 64
3346435016 81
3369397036 140
3415828832 154
3419165889 98
3421043283 56
3475802041 133
3576346154 134
3611753873 43
3637528652 10
3640665415 57
3644108658 126
3650994493 93
3682404586 70
3705166655 32
3794242346 76
3813827420 88
3825964894 179
3834047911 175
3846291404 117
3863463209 92
3880856117 67
3896729982 82
3897441493 37
3930536579 12
3934144507 48
3954570302 75
3978014586 152
3985338750 105
4012176614 165
4020817277 139
4028575057 31
4106514720 59
4120563849 116
4136759817 171
4162517235 169
4168711638 142
4173604952 166
4231238145 153
4269563040 170
4277558944 38
