1800764 64
87484882 114
125896844 73
132851176 65
158100332 157
197722022 160
212966424 151
268465553 61
277378561 104
346763723 107
347327944 105
391851701 52
409984302 37
435153685 111
442087175 134
465915581 100
482554758 84
582418999 106
600757238 30
646992379 176
677338192 93
680353138 127
723386437 81
725606561 11
755509855 116
795357209 15
833957915 49
882923786 167
934031291 90
972543760 2
984515489 88
1029684725 158
1039775941 133
1061673189 13
1102138352 164
1119750476 145
1145535496 123
1163785346 174
1165500044 162
1171145260 35
1187002154 1
1199928407 60
1302911819 3
1303866932 7
1315240339 10
1324646409 0
1353077104 18
1399969279 24
1404395783 87
1411244463 34
1423943361 138
1433784421 113
1473496205 4
1481700130 36
1490182304 8
1506500056 29
1540789971 139
1565581772 62
1583240062 117
1593335970 149
1703074003 72
1723374255 83
1755211868 110
1780965381 148
1817977319 40
1832923198 32
1836837436 79
1854296563 124
1880656059 152
1902819574 178
1957456795 128
1965817051 28
1966862849 12
1967912122 91
1979915395 20
1987706045 103
1991912470 161
2034853916 115
2040735391 71
2054922385 98
2070794468 97
2071342302 169
2088744826 46
2180276089 22
2191007551 132
2245017434 137
2302936662 66
2321067875 68
2335376072 21
2337471812 146
2338681792 9
2352408356 59
2386566304 159
2420023489 147
2493197103 121
2523580740 102
2533558194 156
2563637387 50
2564901090 27
2590626395 63
2612076060 177
2663355169 23
2675243293 77
2677761041 69
2680647675 96
2689742369 51
2714344193 57
2736746253 163
2739454820 140
2751470307 173
2752981434 120
2759781031 26
2819042102 53
2820570352 92
2877103839 109
2878053286 85
2881898293 25
2931281920 155
2946051437 112
2947745968 14
2947818890 45
2975899179 78
2979186596 5
3052336121 143
3109774447 6
3118895249 55
3134364972 82
3159294203 118
3197165266 131
3210776703 38
3224180642 44
3236016622 47
3252655057 125
3279979113 144
3305405241 33
3310504013 172
3311786556 54
3326957411 74
3332444146 126
3345103274 76
3346435016 86
3369397036 142
3415828832 154
3419165889 108
3421043283 56
3475802041 136
3576346154 129
3611753873 42
3637528652 17
3640665415 48
3644108658 130
3650994493 95
3682404586 58
3705166655 39
3794242346 75
3813827420 94
3825964894 179
3834047911 175
3846291404 122
3863463209 99
3880856117 80
3896729982 89
3897441493 41
3930536579 16
3934144507 19
3954570302 67
3978014586 150
3985338750 101
4012176614 165
4020817277 141
4028575057 31
4106514720 70
4120563849 119
4136759817 171
4162517235 168
4168711638 135
4173604952 166
4231238145 153
4269563040 170
4277558944 43
