1800764 11
87484882 74
125896844 109
132851176 23
143419484 13
158100332 147
197722022 123
212966424 122
268465553 3
277378561 78
346763723 106
347327944 67
366165566 26
391851701 2
435153685 111
442087175 116
456854657 60
465915581 55
480126874 47
482554758 101
521460429 70
582418999 130
600757238 94
646992379 174
677338192 38
680353138 117
723386437 120
755509855 154
833957915 35
882923786 159
934031291 49
972543760 10
976519997 36
984515489 124
1029684725 126
1039775941 149
1061459597 178
1061673189 76
1102138352 152
1119750476 138
1145535496 84
1163785346 175
1165500044 139
1199928407 62
1302911819 82
1324646409 0
1353077104 85
1399969279 59
1402099477 42
1404395783 125
1423943361 113
1433784421 64
1462563128 58
1473496205 72
1490182304 69
1497564029 61
1506500056 33
1540789971 160
1565581772 12
1567831198 18
1583240062 71
1593335970 146
1703074003 19
1723374255 115
1755211868 73
1780965381 142
1817977319 4
1832923198 41
1836837436 92
1854296563 88
1880656059 134
1902819574 177
1957456795 156
1965817051 50
1966862849 97
1967912122 136
1987706045 63
1991912470 145
2023365118 28
2034853916 75
2040735391 24
2054922385 133
2070794468 46
2071342302 166
2088744826 17
2115991866 34
2137655290 32
2191007551 170
2245017434 105
2273076216 27
2302936662 40
2321067875 39
2337471812 127
2338681792 21
2352408356 30
2386566304 140
2420023489 164
2455595861 31
2493197103 131
2523580740 77
2533558194 144
2563637387 16
2564901090 37
2590626395 9
2612076060 176
2618357298 29
2654090424 15
2675243293 65
2677761041 114
2680647675 44
2689742369 56
2736746253 151
2739454820 128
2751470307 172
2752981434 141
2819042102 48
2820570352 132
2877103839 107
2878053286 108
2931281920 137
2946051437 89
2947818890 53
2975899179 99
2979186596 6
3052336121 110
3134364972 98
3159294203 155
3197165266 157
3210776703 54
3236016622 51
3252655057 162
3279979113 150
3305405241 83
3310504013 165
3311786556 86
3326957411 22
3332444146 163
3345103274 96
3346435016 104
3369397036 135
3415828832 153
3419165889 91
3421043283 100
3453834671 52
3475802041 112
3576346154 169
3611753873 81
3637528652 1
3644108658 90
3650994493 45
3682404586 118
3705166655 14
3794242346 25
3813827420 103
3825964894 179
3834047911 171
3846291404 95
3863463209 68
3880856117 87
3896729982 102
3897441493 5
3930536579 57
3954570302 20
3978014586 158
3985338750 119
4012176614 143
4020817277 129
4025582691 43
4028575057 80
4071585141 8
4084769632 7
4106514720 79
4120563849 93
4136759817 168
4162517235 148
4168711638 167
4173604952 161
4231238145 121
4269563040 173
4277558944 66
