1800764 57
87484882 90
125896844 104
132851176 44
158100332 150
197722022 136
212966424 128
268465553 55
277378561 84
346763723 106
347327944 80
391851701 22
409984302 3
435153685 110
442087175 123
456854657 29
465915581 77
480126874 20
482554758 96
521460429 51
582418999 124
600757238 74
646992379 175
677338192 66
680353138 119
723386437 113
755509855 142
833957915 31
882923786 166
934031291 63
976519997 17
984515489 116
1029684725 138
1039775941 140
1061459597 178
1061673189 59
1102138352 162
1119750476 137
1145535496 99
1163785346 174
1165500044 151
1171145260 8
1199928407 61
1302911819 64
1324646409 0
1353077104 69
1399969279 38
1402099477 19
1404395783 117
1411244463 2
1423943361 120
1433784421 87
1462563128 28
1473496205 54
1481700130 10
1490182304 52
1497564029 35
1506500056 25
1540789971 155
1565581772 42
1583240062 94
1593335970 146
1703074003 58
1723374255 111
1755211868 86
1780965381 141
1817977319 12
1832923198 30
1836837436 82
1854296563 103
1880656059 135
1902819574 177
1957456795 147
1965817051 32
1966862849 75
1967912122 127
1987706045 78
1991912470 157
2034853916 92
2040735391 47
2054922385 125
2070794468 73
2071342302 168
2088744826 18
2115991866 9
2137655290 15
2191007551 165
2245017434 114
2273076216 4
2302936662 49
2321067875 50
2337471812 133
2352408356 39
2386566304 144
2420023489 158
2455595861 5
2493197103 126
2523580740 83
2533558194 148
2563637387 24
2564901090 26
2590626395 45
2612076060 176
2663355169 7
2675243293 62
2677761041 109
2680647675 72
2689742369 46
2714344193 34
2736746253 159
2739454820 129
2751470307 172
2752981434 134
2759781031 1
2819042102 43
2820570352 122
2877103839 107
2878053286 105
2881898293 6
2931281920 139
2946051437 95
2947818890 40
2975899179 89
3052336121 121
3118895249 36
3134364972 91
3159294203 145
3197165266 149
3210776703 37
3224180642 13
3236016622 41
3252655057 152
3279979113 143
3305405241 70
3310504013 169
3311786556 76
3326957411 56
3332444146 153
3345103274 85
3346435016 101
3369397036 132
3415828832 154
3419165889 93
3421043283 88
3453834671 23
3475802041 118
3576346154 163
3611753873 68
3640665415 27
3644108658 108
3650994493 67
3682404586 112
3705166655 16
3794242346 53
3813827420 98
3825964894 179
3834047911 173
3846291404 102
3863463209 79
3880856117 81
3896729982 97
3897441493 14
3930536579 33
3934144507 11
3954570302 48
3978014586 156
3985338750 115
4012176614 161
4020817277 130
4025582691 21
4028575057 65
4106514720 71
4120563849 100
4136759817 170
4162517235 164
4168711638 160
4173604952 167
4231238145 131
4269563040 171
4277558944 60
