1800764 109
87484882 89
97068523 9
125896844 86
132851176 60
158100332 145
197722022 147
212966424 132
268465553 111
277378561 71
346763723 84
347327944 76
386235461 44
391851701 33
409984302 28
435153685 96
442087175 117
456854657 25
465915581 102
480126874 1
482554758 66
521460429 34
582418999 120
600757238 54
646992379 175
677338192 94
680353138 112
715741596 6
723386437 113
755509855 148
777434108 29
789663515 19
833957915 14
882923786 163
934031291 68
984515489 114
1029684725 142
1039775941 138
1061459597 178
1061673189 36
1102138352 161
1119750476 134
1145535496 100
1163785346 174
1165500044 159
1187002154 64
1199928407 30
1302911819 56
1315240339 39
1324646409 0
1353077104 49
1399969279 13
1404395783 116
1423943361 121
1433784421 106
1462563128 17
1473496205 35
1481700130 50
1490182304 31
1497564029 23
1540789971 153
1565581772 74
1583240062 108
1593335970 140
1703074003 103
1723374255 107
1755211868 79
1780965381 137
1817977319 4
1836837436 52
1854296563 104
1880656059 135
1902819574 177
1957456795 152
1965817051 2
1966862849 63
1967912122 128
1987706045 80
1991912470 157
2034853916 98
2040735391 62
2054922385 123
2070794468 101
2071342302 167
2088744826 12
2115991866 8
2191007551 168
2245017434 124
2302936662 37
2321067875 38
2337471812 131
2352408356 26
2386566304 143
2420023489 154
2455595861 3
2493197103 122
2523580740 70
2533558194 144
2563637387 22
2590626395 93
2612076060 176
2623420502 53
2663355169 73
2675243293 40
2677761041 105
2680647675 99
2689742369 21
2714344193 81
2736746253 160
2739454820 126
2751470307 172
2752981434 133
2819042102 20
2820570352 125
2877103839 87
2878053286 85
2881898293 57
2931281920 141
2940397723 45
2946051437 78
2947745968 18
2947818890 15
2975899179 58
2976264608 24
3052336121 129
3118895249 91
3134364972 59
3159294203 150
3197165266 149
3210776703 11
3224180642 32
3236016622 16
3252655057 156
3279979113 139
3305405241 46
3310504013 171
3311786556 47
3326957411 90
3332444146 155
3345103274 55
3346435016 77
3369397036 130
3415828832 146
3419165889 72
3421043283 61
3439938365 48
3453834671 5
3475802041 119
3576346154 165
3611753873 43
3640665415 88
3644108658 115
3650994493 83
3682404586 118
3794242346 65
3813827420 75
3825964894 179
3834047911 173
3846291404 97
3863463209 67
3880856117 51
3896729982 69
3897441493 10
3930536579 7
3934144507 92
3954570302 82
3978014586 151
3985338750 110
4012176614 162
4020817277 127
4028575057 41
4106514720 42
4120563849 95
4136759817 170
4162517235 166
4168711638 158
4173604952 164
4231238145 136
4269563040 169
4277558944 27
