1800764 84
87484882 123
125896844 55
132851176 85
158100332 154
197722022 160
212966424 153
268465553 76
277378561 111
346763723 98
347327944 116
391851701 60
409984302 45
435153685 100
442087175 135
465915581 118
482554758 82
582418999 92
600757238 13
646992379 175
677338192 102
680353138 128
723386437 56
725606561 14
755509855 96
777434108 8
795357209 20
833957915 48
849924382 7
882923786 166
934031291 99
972543760 2
984515489 70
1029684725 159
1039775941 125
1102138352 164
1119750476 146
1145535496 132
1163785346 174
1165500044 162
1171145260 38
1187002154 12
1199928407 59
1303866932 10
1315240339 17
1324646409 0
1353077104 3
1399969279 19
1404395783 64
1411244463 40
1423943361 140
1433784421 124
1481700130 47
1506500056 29
1540789971 134
1565581772 78
1583240062 130
1593335970 147
1703074003 90
1723374255 63
1755211868 121
1780965381 148
1817977319 46
1832923198 28
1836837436 72
1854296563 133
1880656059 151
1902819574 178
1957456795 115
1965817051 23
1967912122 61
1979915395 24
1987706045 117
1991912470 161
2034853916 126
2040735391 89
2054922385 86
2070794468 113
2071342302 167
2088744826 52
2180276089 33
2191007551 120
2245017434 145
2302936662 75
2321067875 77
2335376072 27
2337471812 149
2338681792 5
2352408356 62
2386566304 157
2420023489 138
2493197103 114
2523580740 110
2533558194 155
2563637387 58
2564901090 26
2590626395 81
2612076060 177
2663355169 36
2675243293 79
2677761041 50
2680647675 112
2689742369 51
2714344193 71
2736746253 163
2739454820 141
2751470307 173
2752981434 103
2759781031 35
2819042102 54
2820570352 68
2877103839 101
2878053286 74
2881898293 39
2931281920 158
2946051437 119
2947745968 22
2947818890 37
2975899179 67
2976264608 11
2979186596 6
3052336121 150
3109774447 15
3118895249 69
3134364972 83
3159294203 97
3197165266 122
3210776703 34
3224180642 53
3236016622 41
3252655057 104
3279979113 137
3305405241 16
3310504013 172
3311786556 43
3326957411 91
3332444146 108
3345103274 65
3346435016 80
3369397036 143
3415828832 152
3419165889 106
3421043283 42
3475802041 139
3516413806 4
3576346154 109
3611753873 25
3637528652 21
3640665415 57
3644108658 136
3650994493 105
3682404586 31
3705166655 44
3794242346 93
3813827420 95
3825964894 179
3834047911 176
3846291404 129
3863463209 107
3880856117 73
3896729982 88
3897441493 49
3930536579 9
3934144507 30
3954570302 87
3978014586 144
3985338750 94
4012176614 168
4020817277 142
4028575057 18
4074327253 1
4106514720 66
4120563849 127
4136759817 171
4162517235 170
4168711638 131
4173604952 165
4231238145 156
4269563040 169
4277558944 32
