1800764 146
87484882 121
97068523 59
125896844 17
132851176 104
158100332 150
197722022 164
212966424 154
268465553 147
277378561 99
346763723 69
347327944 105
386235461 81
391851701 89
409984302 83
435153685 68
442087175 110
465915581 143
482554758 45
582418999 49
646992379 174
677338192 135
680353138 94
715741596 37
723386437 19
725606561 20
755509855 62
777434108 73
789663515 56
795357209 15
833957915 27
849924382 58
882923786 167
905458755 30
934031291 106
984515489 28
1029684725 159
1039775941 91
1102138352 165
1119750476 125
1145535496 133
1163785346 169
1165500044 168
1171145260 44
1187002154 95
1199928407 39
1303866932 11
1315240339 88
1324646409 0
1404395783 25
1411244463 57
1423943361 138
1433784421 145
1481700130 98
1506500056 4
1540789971 96
1565581772 115
1583240062 148
1593335970 123
1648888063 47
1703074003 139
1723374255 23
1755211868 107
1780965381 126
1817977319 52
1832923198 2
1836837436 38
1854296563 134
1878223483 6
1880656059 149
1902819574 178
1957456795 77
1967912122 26
1979915395 21
1987706045 117
1991912470 160
2034853916 136
2040735391 108
2054922385 42
2070794468 142
2071342302 166
2088744826 54
2180276089 55
2191007551 85
2245017434 153
2302936662 80
2321067875 84
2335376072 31
2337471812 144
2352408356 65
2386566304 155
2420023489 113
2493197103 76
2523580740 100
2533558194 151
2563637387 71
2564901090 1
2590626395 131
2612076060 176
2623420502 87
2663355169 103
2675243293 64
2677761041 12
2680647675 140
2689742369 22
2714344193 119
2727339584 3
2736746253 162
2739454820 128
2751470307 173
2752981434 67
2759781031 35
2819042102 34
2820570352 29
2877103839 75
2878053286 36
2881898293 101
2931281920 156
2939038785 13
2940397723 82
2946051437 97
2947745968 66
2947818890 14
2975899179 32
2976264608 72
3052336121 157
3109774447 50
3118895249 124
3134364972 48
3159294203 63
3197165266 86
3210776703 7
3224180642 90
3236016622 18
3252655057 70
3279979113 112
3310504013 175
3311786556 8
3326957411 132
3332444146 74
3345103274 33
3346435016 41
3369397036 130
3415828832 137
3419165889 92
3421043283 5
3439938365 79
3475802041 141
3576346154 78
3576952995 24
3637528652 9
3640665415 120
3644108658 152
3650994493 127
3705166655 46
3794242346 111
3813827420 61
3825964894 179
3834047911 177
3846291404 118
3863463209 102
3880856117 43
3896729982 53
3897441493 60
3934144507 109
3954570302 122
3978014586 116
3985338750 51
4012176614 170
4020817277 129
4074327253 16
4088869787 10
4106514720 40
4120563849 114
4136759817 171
4162517235 172
4168711638 93
4173604952 163
4231238145 158
4269563040 161
