1800764 90
87484882 117
125896844 59
132851176 82
158100332 156
197722022 160
212966424 152
268465553 87
277378561 105
346763723 97
347327944 107
386235461 5
391851701 57
409984302 44
435153685 98
442087175 134
465915581 115
482554758 77
582418999 95
600757238 17
646992379 175
677338192 102
680353138 126
723386437 62
725606561 10
755509855 106
777434108 11
795357209 14
833957915 41
849924382 3
882923786 166
934031291 96
984515489 76
1029684725 159
1039775941 131
1061673189 2
1102138352 164
1119750476 144
1145535496 129
1163785346 174
1165500044 162
1171145260 35
1187002154 22
1199928407 55
1303866932 6
1315240339 21
1324646409 0
1353077104 9
1399969279 16
1404395783 73
1411244463 36
1423943361 138
1433784421 121
1481700130 51
1506500056 27
1540789971 135
1565581772 80
1583240062 128
1593335970 148
1703074003 93
1723374255 70
1755211868 113
1780965381 147
1817977319 39
1832923198 28
1836837436 65
1854296563 132
1880656059 151
1902819574 178
1957456795 120
1965817051 23
1966862849 1
1967912122 78
1979915395 20
1987706045 110
1991912470 161
2034853916 123
2040735391 85
2054922385 92
2070794468 112
2071342302 167
2088744826 45
2180276089 29
2191007551 130
2245017434 142
2302936662 67
2321067875 68
2335376072 24
2337471812 149
2352408356 58
2386566304 158
2420023489 145
2493197103 116
2523580740 104
2533558194 155
2563637387 54
2564901090 25
2590626395 83
2612076060 177
2623420502 4
2663355169 43
2675243293 69
2677761041 56
2680647675 109
2689742369 48
2714344193 72
2736746253 163
2739454820 140
2751470307 173
2752981434 114
2759781031 31
2819042102 52
2820570352 81
2877103839 99
2878053286 74
2881898293 46
2931281920 157
2940397723 7
2946051437 111
2947745968 26
2947818890 34
2975899179 64
2976264608 13
3052336121 150
3109774447 12
3118895249 71
3134364972 75
3159294203 108
3197165266 127
3210776703 32
3224180642 53
3236016622 37
3252655057 118
3279979113 139
3305405241 19
3310504013 172
3311786556 47
3326957411 91
3332444146 119
3345103274 63
3346435016 79
3369397036 143
3415828832 153
3419165889 101
3421043283 49
3475802041 137
3576346154 124
3611753873 30
3637528652 15
3640665415 60
3644108658 136
3650994493 103
3682404586 50
3705166655 38
3794242346 88
3813827420 89
3825964894 179
3834047911 176
3846291404 125
3863463209 100
3880856117 66
3896729982 84
3897441493 42
3930536579 8
3934144507 40
3954570302 86
3978014586 146
3985338750 94
4012176614 168
4020817277 141
4028575057 18
4106514720 61
4120563849 122
4136759817 171
4162517235 170
4168711638 133
4173604952 165
4231238145 154
4269563040 169
4277558944 33
