1800764 118
87484882 122
97068523 19
125896844 47
132851176 86
158100332 154
197722022 160
212966424 152
268465553 117
277378561 98
346763723 83
347327944 108
386235461 35
391851701 69
409984302 55
435153685 84
442087175 132
465915581 127
482554758 67
582418999 82
600757238 3
646992379 175
677338192 119
680353138 116
723386437 52
725606561 8
755509855 88
777434108 32
789663515 12
795357209 9
833957915 29
849924382 20
882923786 166
934031291 102
984515489 64
1029684725 159
1039775941 120
1102138352 163
1119750476 143
1145535496 130
1163785346 173
1165500044 164
1171145260 30
1187002154 57
1199928407 48
1315240339 49
1324646409 0
1399969279 1
1404395783 63
1411244463 40
1423943361 140
1433784421 134
1481700130 75
1506500056 13
1540789971 131
1565581772 92
1583240062 135
1593335970 146
1648888063 14
1703074003 112
1723374255 60
1755211868 110
1780965381 147
1817977319 43
1832923198 11
1836837436 54
1854296563 133
1880656059 151
1902819574 178
1957456795 109
1965817051 7
1967912122 70
1979915395 18
1987706045 111
1991912470 161
2034853916 128
2040735391 90
2054922385 79
2070794468 126
2071342302 167
2088744826 44
2180276089 31
2191007551 121
2245017434 148
2302936662 73
2321067875 76
2335376072 21
2337471812 149
2352408356 59
2386566304 156
2420023489 139
2493197103 97
2523580740 99
2533558194 155
2563637387 56
2564901090 10
2590626395 104
2612076060 177
2623420502 41
2663355169 78
2675243293 68
2677761041 46
2680647675 125
2689742369 33
2714344193 91
2736746253 162
2739454820 137
2751470307 172
2752981434 94
2759781031 25
2819042102 42
2820570352 71
2877103839 85
2878053286 62
2881898293 74
2931281920 158
2940397723 37
2946051437 103
2947745968 39
2947818890 22
2975899179 53
2976264608 36
3052336121 153
3109774447 23
3118895249 96
3134364972 65
3159294203 93
3197165266 115
3210776703 17
3224180642 61
3236016622 24
3252655057 105
3279979113 136
3305405241 5
3310504013 174
3311786556 26
3326957411 106
3332444146 107
3345103274 51
3346435016 66
3369397036 141
3415828832 150
3419165889 89
3421043283 28
3439938365 27
3475802041 142
3576346154 113
3576952995 2
3611753873 15
3637528652 6
3640665415 87
3644108658 144
3650994493 114
3682404586 34
3705166655 38
3794242346 95
3813827420 77
3825964894 179
3834047911 176
3846291404 124
3863463209 100
3880856117 58
3896729982 72
3897441493 45
3934144507 81
3954570302 101
3978014586 145
3985338750 80
4012176614 169
4020817277 138
4028575057 4
4106514720 50
4120563849 123
4136759817 171
4162517235 170
4168711638 129
4173604952 165
4231238145 157
4269563040 168
4277558944 16
