1800764 141
87484882 120
97068523 39
125896844 27
132851176 102
158100332 152
197722022 161
212966424 154
268465553 140
277378561 95
346763723 77
347327944 107
386235461 69
391851701 79
409984302 71
435153685 78
442087175 119
465915581 139
482554758 55
582418999 68
646992379 175
677338192 125
680353138 101
715741596 21
723386437 31
725606561 13
755509855 80
777434108 60
789663515 33
795357209 11
833957915 24
849924382 36
882923786 166
905458755 19
934031291 106
984515489 48
1029684725 159
1039775941 98
1102138352 164
1119750476 136
1145535496 127
1163785346 172
1165500044 168
1171145260 30
1187002154 85
1199928407 35
1303866932 4
1315240339 74
1324646409 0
1404395783 47
1411244463 45
1423943361 144
1433784421 143
1481700130 88
1506500056 6
1540789971 111
1565581772 109
1583240062 145
1593335970 138
1648888063 28
1703074003 130
1723374255 41
1755211868 110
1780965381 142
1817977319 44
1832923198 5
1836837436 43
1854296563 128
1880656059 150
1902819574 178
1957456795 90
1967912122 52
1979915395 18
1987706045 114
1991912470 160
2034853916 129
2040735391 104
2054922385 62
2070794468 135
2071342302 167
2088744826 46
2180276089 40
2191007551 99
2245017434 151
2302936662 73
2321067875 75
2335376072 22
2337471812 148
2352408356 61
2386566304 156
2420023489 126
2493197103 84
2523580740 97
2533558194 153
2563637387 65
2564901090 3
2590626395 121
2612076060 177
2623420502 72
2663355169 96
2675243293 63
2677761041 25
2680647675 132
2689742369 23
2714344193 113
2736746253 162
2739454820 133
2751470307 173
2752981434 83
2759781031 26
2819042102 29
2820570352 53
2877103839 81
2878053286 49
2881898293 91
2931281920 157
2939038785 2
2940397723 70
2946051437 94
2947745968 57
2947818890 12
2975899179 38
2976264608 59
3052336121 155
3109774447 32
3118895249 117
3134364972 56
3159294203 82
3197165266 93
3210776703 10
3224180642 76
3236016622 17
3252655057 86
3279979113 124
3310504013 174
3311786556 15
3326957411 122
3332444146 89
3345103274 37
3346435016 54
3369397036 137
3415828832 147
3419165889 87
3421043283 14
3439938365 67
3475802041 146
3576346154 92
3576952995 16
3611753873 1
3637528652 8
3640665415 112
3644108658 149
3650994493 123
3682404586 20
3705166655 34
3794242346 105
3813827420 64
3825964894 179
3834047911 176
3846291404 118
3863463209 100
3880856117 50
3896729982 58
3897441493 51
3934144507 103
3954570302 116
3978014586 131
3985338750 66
4012176614 169
4020817277 134
4074327253 9
4106514720 42
4120563849 115
4136759817 171
4162517235 170
4168711638 108
4173604952 165
4231238145 158
4269563040 163
4277558944 7
