1800764 63
87484882 90
125896844 100
132851176 49
158100332 152
197722022 140
212966424 131
268465553 61
277378561 87
346763723 105
347327944 84
391851701 29
409984302 9
435153685 109
442087175 124
456854657 23
465915581 82
480126874 10
482554758 91
521460429 39
582418999 120
600757238 69
646992379 175
677338192 73
680353138 119
723386437 113
755509855 138
833957915 33
882923786 166
934031291 70
976519997 7
984515489 114
1029684725 139
1039775941 137
1061459597 178
1061673189 47
1102138352 164
1119750476 136
1145535496 103
1163785346 174
1165500044 156
1171145260 8
1199928407 55
1302911819 58
1324646409 0
1353077104 64
1399969279 34
1402099477 11
1404395783 115
1411244463 6
1423943361 125
1433784421 92
1462563128 24
1473496205 43
1481700130 19
1490182304 42
1497564029 28
1506500056 25
1540789971 153
1565581772 48
1583240062 99
1593335970 146
1703074003 62
1723374255 110
1755211868 89
1780965381 142
1817977319 12
1832923198 30
1836837436 78
1854296563 106
1880656059 135
1902819574 177
1957456795 145
1965817051 32
1966862849 68
1967912122 123
1987706045 83
1991912470 160
2034853916 96
2040735391 53
2054922385 121
2070794468 77
2071342302 168
2088744826 22
2115991866 1
2137655290 5
2191007551 161
2245017434 117
2273076216 3
2302936662 50
2321067875 51
2337471812 133
2352408356 40
2386566304 148
2420023489 158
2493197103 126
2523580740 86
2533558194 151
2563637387 27
2564901090 26
2590626395 54
2612076060 176
2663355169 18
2675243293 67
2677761041 108
2680647675 75
2689742369 44
2714344193 45
2736746253 162
2739454820 128
2751470307 172
2752981434 130
2759781031 4
2819042102 41
2820570352 118
2877103839 107
2878053286 102
2881898293 15
2931281920 143
2946051437 95
2947818890 36
2975899179 85
3052336121 127
3118895249 46
3134364972 88
3159294203 141
3197165266 147
3210776703 35
3224180642 20
3236016622 37
3252655057 149
3279979113 144
3305405241 65
3310504013 170
3311786556 72
3326957411 59
3332444146 150
3345103274 80
3346435016 98
3369397036 132
3415828832 154
3419165889 93
3421043283 81
3453834671 14
3475802041 122
3576346154 159
3611753873 66
3637528652 2
3640665415 38
3644108658 111
3650994493 74
3682404586 112
3705166655 16
3794242346 57
3813827420 97
3825964894 179
3834047911 173
3846291404 104
3863463209 79
3880856117 76
3896729982 94
3897441493 17
3930536579 31
3934144507 21
3954570302 56
3978014586 155
3985338750 116
4012176614 163
4020817277 129
4025582691 13
4028575057 60
4106514720 71
4120563849 101
4136759817 169
4162517235 165
4168711638 157
4173604952 167
4231238145 134
4269563040 171
4277558944 52
