1800764 74
87484882 107
125896844 78
132851176 63
158100332 160
197722022 159
212966424 146
268465553 70
277378561 96
346763723 104
347327944 97
391851701 50
409984302 30
435153685 109
442087175 127
465915581 100
482554758 83
521460429 10
582418999 116
600757238 47
646992379 176
677338192 86
680353138 122
723386437 91
755509855 125
795357209 6
833957915 44
882923786 166
934031291 82
984515489 103
1029684725 156
1039775941 133
1061673189 20
1102138352 164
1119750476 142
1145535496 119
1163785346 175
1165500044 162
1171145260 23
1187002154 13
1199928407 55
1302911819 18
1315240339 7
1324646409 0
1353077104 32
1399969279 24
1404395783 101
1411244463 25
1423943361 131
1433784421 111
1473496205 14
1481700130 39
1490182304 15
1497564029 1
1506500056 21
1540789971 144
1565581772 62
1583240062 117
1593335970 150
1703074003 77
1723374255 92
1755211868 102
1780965381 149
1817977319 31
1832923198 27
1836837436 72
1854296563 120
1880656059 148
1902819574 178
1957456795 132
1965817051 26
1966862849 28
1967912122 110
1979915395 11
1987706045 98
1991912470 161
2034853916 113
2040735391 67
2054922385 114
2070794468 95
2071342302 169
2088744826 38
2137655290 3
2180276089 17
2191007551 141
2245017434 129
2302936662 59
2321067875 60
2335376072 12
2337471812 143
2352408356 54
2386566304 158
2420023489 152
2493197103 121
2523580740 94
2533558194 157
2563637387 48
2564901090 22
2590626395 65
2612076060 177
2663355169 36
2675243293 66
2677761041 81
2680647675 93
2689742369 49
2714344193 57
2736746253 163
2739454820 136
2751470307 173
2752981434 124
2759781031 19
2819042102 52
2820570352 108
2877103839 106
2878053286 88
2881898293 34
2931281920 155
2946051437 105
2947745968 8
2947818890 40
2975899179 76
2976264608 5
3052336121 138
3109774447 2
3118895249 58
3134364972 80
3159294203 126
3197165266 135
3210776703 37
3224180642 41
3236016622 42
3252655057 130
3279979113 147
3305405241 45
3310504013 172
3311786556 56
3326957411 73
3332444146 134
3345103274 71
3346435016 84
3369397036 140
3415828832 154
3419165889 99
3421043283 61
3475802041 128
3576346154 139
3611753873 51
3637528652 9
3640665415 53
3644108658 123
3650994493 87
3682404586 79
3705166655 29
3794242346 69
3813827420 89
3825964894 179
3834047911 174
3846291404 118
3863463209 90
3880856117 75
3896729982 85
3897441493 33
3930536579 16
3934144507 35
3954570302 68
3978014586 153
3985338750 112
4012176614 165
4020817277 137
4025582691 4
4028575057 43
4106514720 64
4120563849 115
4136759817 171
4162517235 168
4168711638 145
4173604952 167
4231238145 151
4269563040 170
4277558944 46
