1800764 154
87484882 127
97068523 79
125896844 2
132851176 115
158100332 142
197722022 169
212966424 153
268465553 155
277378561 101
346763723 67
347327944 110
386235461 92
391851701 93
409984302 90
435153685 63
442087175 105
465915581 148
482554758 41
548834259 8
582418999 32
646992379 176
677338192 143
680353138 88
715741596 62
725606561 40
755509855 33
777434108 87
789663515 77
795357209 24
833957915 34
849924382 76
882923786 167
905458755 57
934031291 116
960241349 4
984515489 12
1029684725 162
1039775941 75
1102138352 168
1119750476 113
1145535496 134
1163785346 170
1165500044 171
1171145260 59
1187002154 106
1199928407 45
1303866932 20
1315240339 96
1324646409 0
1378626860 18
1404395783 9
1411244463 69
1423943361 132
1433784421 150
1481700130 107
1506500056 6
1540789971 82
1565581772 128
1583240062 151
1593335970 108
1648888063 72
1687077153 17
1703074003 147
1723374255 11
1755211868 112
1780965381 111
1817977319 66
1836837436 36
1854296563 133
1878223483 22
1880656059 145
1957456795 56
1967912122 7
1979915395 39
1987706045 125
1991912470 163
2034853916 139
2040735391 122
2054922385 23
2070794468 149
2071342302 166
2088744826 65
2180276089 70
2191007551 58
2245017434 156
2302936662 84
2321067875 85
2335376072 50
2337471812 137
2352408356 78
2386566304 152
2420023489 99
2493197103 64
2523580740 102
2533558194 144
2563637387 81
2564901090 1
2590626395 141
2612076060 178
2623420502 97
2663355169 117
2675243293 68
2680647675 146
2689742369 28
2714344193 129
2727339584 16
2736746253 165
2739454820 118
2751470307 174
2752981434 53
2759781031 51
2819042102 44
2820570352 10
2877103839 74
2878053286 25
2881898293 109
2931281920 158
2939038785 31
2940397723 94
2946051437 98
2947745968 83
2947818890 13
2975899179 26
2976264608 86
3052336121 159
3109774447 71
3118895249 136
3134364972 46
3159294203 35
3162794093 21
3197165266 61
3210776703 5
3224180642 95
3236016622 19
3252655057 47
3255384253 15
3279979113 100
3310504013 177
3326957411 140
3332444146 52
3345103274 29
3346435016 37
3369397036 120
3415828832 124
3419165889 89
3439938365 91
3475802041 138
3576346154 54
3576952995 48
3637528652 14
3640665415 130
3644108658 157
3650994493 135
3705166655 60
3794242346 123
3813827420 55
3825964894 179
3846291404 119
3863463209 104
3880856117 43
3896729982 49
3897441493 73
3934144507 126
3954570302 131
3978014586 103
3985338750 38
4012176614 173
4020817277 121
4074327253 30
4088869787 27
4106514720 42
4120563849 114
4123558703 3
4136759817 172
4162517235 175
4168711638 80
4173604952 164
4231238145 160
4269563040 161
