1800764 118
87484882 97
97068523 12
125896844 69
132851176 67
158100332 156
197722022 160
212966424 137
268465553 120
277378561 76
346763723 80
347327944 83
386235461 47
391851701 44
409984302 40
435153685 90
442087175 123
465915581 111
482554758 63
521460429 15
582418999 114
600757238 41
646992379 176
677338192 100
680353138 117
715741596 7
723386437 98
755509855 135
777434108 32
789663515 21
833957915 20
849924382 9
882923786 166
934031291 78
984515489 103
1029684725 157
1039775941 132
1061673189 23
1102138352 164
1119750476 133
1145535496 110
1163785346 174
1165500044 163
1171145260 8
1187002154 64
1199928407 34
1302911819 35
1315240339 46
1324646409 0
1353077104 38
1399969279 6
1404395783 105
1411244463 17
1423943361 127
1433784421 116
1473496205 19
1481700130 60
1490182304 14
1540789971 148
1565581772 79
1583240062 119
1593335970 144
1648888063 5
1703074003 106
1723374255 91
1755211868 88
1780965381 141
1817977319 22
1832923198 2
1836837436 57
1854296563 112
1880656059 139
1902819574 178
1957456795 142
1965817051 3
1966862849 45
1967912122 122
1987706045 92
1991912470 161
2034853916 107
2040735391 71
2054922385 115
2070794468 109
2071342302 168
2088744826 24
2180276089 11
2191007551 159
2245017434 128
2302936662 50
2321067875 52
2337471812 134
2352408356 39
2386566304 153
2420023489 155
2493197103 121
2523580740 77
2533558194 152
2563637387 33
2590626395 96
2612076060 177
2623420502 54
2663355169 70
2675243293 51
2677761041 81
2680647675 108
2689742369 26
2714344193 85
2736746253 162
2739454820 129
2751470307 173
2752981434 126
2759781031 1
2819042102 29
2820570352 113
2877103839 84
2878053286 72
2881898293 62
2931281920 150
2940397723 48
2946051437 82
2947745968 27
2947818890 13
2975899179 59
2976264608 30
3052336121 136
3109774447 4
3118895249 93
3134364972 61
3159294203 138
3197165266 143
3210776703 10
3224180642 42
3236016622 18
3252655057 145
3279979113 140
3305405241 37
3310504013 172
3311786556 43
3326957411 95
3332444146 146
3345103274 58
3346435016 66
3369397036 131
3415828832 149
3419165889 74
3421043283 55
3439938365 53
3475802041 125
3576346154 158
3611753873 36
3640665415 89
3644108658 124
3650994493 94
3682404586 99
3705166655 16
3794242346 73
3813827420 68
3825964894 179
3834047911 175
3846291404 104
3863463209 75
3880856117 56
3896729982 65
3897441493 25
3934144507 86
3954570302 87
3978014586 151
3985338750 102
4012176614 167
4020817277 130
4028575057 31
4106514720 49
4120563849 101
4136759817 171
4162517235 169
4168711638 154
4173604952 165
4231238145 147
4269563040 170
4277558944 28
