1800764 93
87484882 121
97068523 2
125896844 55
132851176 83
158100332 154
197722022 160
212966424 153
268465553 88
277378561 106
346763723 96
347327944 111
386235461 7
391851701 59
409984302 49
435153685 98
442087175 135
465915581 120
482554758 78
582418999 91
600757238 12
646992379 175
677338192 105
680353138 125
723386437 58
725606561 11
755509855 97
777434108 10
795357209 18
833957915 42
849924382 6
882923786 166
934031291 99
984515489 70
1029684725 159
1039775941 127
1102138352 164
1119750476 144
1145535496 131
1163785346 174
1165500044 163
1171145260 36
1187002154 24
1199928407 57
1303866932 9
1315240339 22
1324646409 0
1353077104 3
1399969279 16
1404395783 67
1411244463 38
1423943361 139
1433784421 126
1481700130 53
1506500056 25
1540789971 134
1565581772 82
1583240062 130
1593335970 147
1703074003 95
1723374255 65
1755211868 117
1780965381 148
1817977319 44
1832923198 26
1836837436 66
1854296563 132
1880656059 151
1902819574 178
1957456795 118
1965817051 20
1967912122 68
1979915395 21
1987706045 114
1991912470 161
2034853916 128
2040735391 87
2054922385 84
2070794468 116
2071342302 167
2088744826 48
2180276089 32
2191007551 122
2245017434 146
2302936662 73
2321067875 75
2335376072 27
2337471812 149
2352408356 60
2386566304 157
2420023489 142
2493197103 110
2523580740 107
2533558194 155
2563637387 56
2564901090 23
2590626395 85
2612076060 177
2623420502 5
2663355169 47
2675243293 74
2677761041 52
2680647675 115
2689742369 46
2714344193 80
2736746253 162
2739454820 140
2751470307 173
2752981434 104
2759781031 33
2819042102 51
2820570352 71
2877103839 101
2878053286 72
2881898293 50
2931281920 158
2940397723 8
2946051437 112
2947745968 29
2947818890 34
2975899179 63
2976264608 17
3052336121 150
3109774447 13
3118895249 79
3134364972 76
3159294203 100
3197165266 123
3210776703 31
3224180642 54
3236016622 37
3252655057 109
3279979113 137
3305405241 15
3310504013 172
3311786556 40
3326957411 94
3332444146 113
3345103274 62
3346435016 77
3369397036 143
3415828832 152
3419165889 102
3421043283 39
3475802041 138
3576346154 119
3576952995 1
3611753873 28
3637528652 19
3640665415 64
3644108658 136
3650994493 108
3682404586 35
3705166655 41
3794242346 92
3813827420 86
3825964894 179
3834047911 176
3846291404 129
3863463209 103
3880856117 69
3896729982 81
3897441493 45
3930536579 4
3934144507 43
3954570302 89
3978014586 145
3985338750 90
4012176614 168
4020817277 141
4028575057 14
4106514720 61
4120563849 124
4136759817 171
4162517235 170
4168711638 133
4173604952 165
4231238145 156
4269563040 169
4277558944 30
