1800764 48
87484882 83
125896844 107
132851176 32
158100332 147
197722022 134
212966424 124
268465553 39
277378561 81
346763723 105
347327944 73
366165566 11
391851701 13
435153685 109
442087175 120
456854657 54
465915581 68
480126874 30
482554758 100
521460429 62
582418999 123
600757238 85
646992379 174
677338192 58
680353138 116
723386437 118
755509855 148
833957915 29
882923786 164
934031291 57
976519997 20
984515489 121
1029684725 136
1039775941 143
1061459597 178
1061673189 67
1102138352 156
1119750476 137
1145535496 96
1163785346 175
1165500044 142
1171145260 5
1199928407 56
1302911819 77
1324646409 0
1353077104 80
1399969279 52
1402099477 27
1404395783 122
1411244463 1
1423943361 115
1433784421 76
1462563128 47
1473496205 63
1481700130 2
1490182304 61
1497564029 55
1506500056 24
1540789971 159
1565581772 26
1583240062 87
1593335970 144
1703074003 49
1723374255 112
1755211868 79
1780965381 140
1817977319 7
1832923198 33
1836837436 88
1854296563 98
1880656059 135
1902819574 177
1957456795 154
1965817051 38
1966862849 89
1967912122 132
1987706045 69
1991912470 149
2023365118 17
2034853916 86
2040735391 37
2054922385 127
2070794468 66
2071342302 166
2088744826 12
2115991866 21
2137655290 18
2191007551 169
2245017434 110
2273076216 10
2302936662 51
2321067875 50
2337471812 131
2338681792 4
2352408356 34
2386566304 141
2420023489 162
2455595861 19
2493197103 126
2523580740 78
2533558194 146
2563637387 16
2564901090 25
2590626395 31
2612076060 176
2618357298 15
2675243293 64
2677761041 111
2680647675 65
2689742369 53
2714344193 22
2736746253 153
2739454820 129
2751470307 172
2752981434 139
2819042102 44
2820570352 125
2877103839 106
2878053286 108
2931281920 138
2946051437 94
2947818890 42
2975899179 92
3052336121 114
3118895249 23
3134364972 93
3159294203 152
3197165266 155
3210776703 41
3224180642 6
3236016622 40
3252655057 160
3279979113 145
3305405241 75
3310504013 168
3311786556 82
3326957411 45
3332444146 161
3345103274 90
3346435016 104
3369397036 133
3415828832 150
3419165889 91
3421043283 95
3453834671 35
3475802041 113
3576346154 167
3611753873 74
3640665415 14
3644108658 103
3650994493 60
3682404586 119
3705166655 9
3794242346 43
3813827420 102
3825964894 179
3834047911 173
3846291404 99
3863463209 71
3880856117 84
3896729982 101
3897441493 8
3930536579 46
3934144507 3
3954570302 36
3978014586 158
3985338750 117
4012176614 151
4020817277 130
4025582691 28
4028575057 72
4106514720 70
4120563849 97
4136759817 170
4162517235 157
4168711638 163
4173604952 165
4231238145 128
4269563040 171
4277558944 59
