1800764 110
87484882 111
97068523 12
125896844 57
132851176 78
158100332 156
197722022 160
212966424 152
268465553 108
277378561 97
346763723 83
347327944 102
386235461 35
391851701 53
409984302 47
435153685 89
442087175 130
465915581 119
482554758 67
582418999 96
600757238 21
646992379 175
677338192 107
680353138 118
723386437 72
755509855 117
777434108 28
789663515 5
795357209 1
833957915 31
849924382 14
882923786 166
934031291 93
984515489 77
1029684725 159
1039775941 129
1102138352 164
1119750476 144
1145535496 122
1163785346 174
1165500044 163
1171145260 27
1187002154 52
1199928407 46
1315240339 44
1324646409 0
1353077104 10
1399969279 4
1404395783 76
1411244463 34
1423943361 136
1433784421 123
1481700130 63
1506500056 11
1540789971 137
1565581772 82
1583240062 125
1593335970 146
1648888063 3
1703074003 106
1723374255 73
1755211868 103
1780965381 145
1817977319 36
1832923198 13
1836837436 55
1854296563 124
1880656059 150
1902819574 178
1957456795 127
1965817051 8
1966862849 6
1967912122 84
1979915395 7
1987706045 104
1991912470 161
2034853916 120
2040735391 81
2054922385 92
2070794468 115
2071342302 167
2088744826 40
2180276089 25
2191007551 134
2245017434 143
2302936662 61
2321067875 65
2335376072 15
2337471812 147
2352408356 49
2386566304 158
2420023489 148
2493197103 109
2523580740 98
2533558194 155
2563637387 48
2564901090 9
2590626395 99
2612076060 177
2623420502 42
2663355169 68
2675243293 59
2677761041 62
2680647675 114
2689742369 37
2714344193 85
2736746253 162
2739454820 138
2751470307 173
2752981434 113
2759781031 20
2819042102 41
2820570352 80
2877103839 88
2878053286 70
2881898293 64
2931281920 157
2940397723 38
2946051437 100
2947745968 32
2947818890 23
2975899179 56
2976264608 30
3052336121 151
3109774447 16
3118895249 90
3134364972 66
3159294203 121
3197165266 131
3210776703 18
3224180642 50
3236016622 26
3252655057 126
3279979113 142
3305405241 19
3310504013 172
3311786556 43
3326957411 101
3332444146 128
3345103274 54
3346435016 69
3369397036 141
3415828832 153
3419165889 91
3421043283 45
3439938365 29
3475802041 135
3576346154 132
3611753873 24
3637528652 2
3640665415 79
3644108658 133
3650994493 105
3682404586 60
3705166655 33
3794242346 86
3813827420 75
3825964894 179
3834047911 176
3846291404 116
3863463209 95
3880856117 58
3896729982 71
3897441493 39
3934144507 74
3954570302 94
3978014586 149
3985338750 87
4012176614 168
4020817277 140
4028575057 17
4106514720 51
4120563849 112
4136759817 171
4162517235 170
4168711638 139
4173604952 165
4231238145 154
4269563040 169
4277558944 22
