1800764 124
87484882 123
97068523 21
125896844 35
132851176 92
158100332 153
197722022 160
212966424 152
268465553 120
277378561 100
346763723 82
347327944 112
386235461 39
391851701 73
409984302 65
435153685 83
442087175 129
465915581 130
482554758 66
582418999 77
646992379 175
677338192 122
680353138 113
715741596 4
723386437 45
725606561 13
755509855 84
777434108 38
789663515 16
795357209 12
833957915 29
849924382 26
882923786 167
934031291 107
984515489 57
1029684725 159
1039775941 111
1102138352 163
1119750476 142
1145535496 132
1163785346 172
1165500044 166
1171145260 32
1187002154 68
1199928407 48
1303866932 3
1315240339 55
1324646409 0
1399969279 1
1404395783 56
1411244463 41
1423943361 144
1433784421 134
1481700130 79
1506500056 11
1540789971 125
1565581772 97
1583240062 136
1593335970 143
1648888063 17
1703074003 118
1723374255 52
1755211868 115
1780965381 145
1817977319 44
1832923198 10
1836837436 54
1854296563 133
1880656059 151
1902819574 178
1957456795 95
1965817051 5
1967912122 59
1979915395 18
1987706045 116
1991912470 161
2034853916 131
2040735391 96
2054922385 72
2070794468 128
2071342302 168
2088744826 47
2180276089 34
2191007551 109
2245017434 150
2302936662 76
2321067875 78
2335376072 24
2337471812 148
2352408356 64
2386566304 156
2420023489 137
2493197103 89
2523580740 102
2533558194 154
2563637387 63
2564901090 9
2590626395 110
2612076060 177
2623420502 46
2663355169 81
2675243293 69
2677761041 31
2680647675 127
2689742369 30
2714344193 98
2736746253 162
2739454820 138
2751470307 173
2752981434 88
2759781031 28
2819042102 36
2820570352 61
2877103839 86
2878053286 60
2881898293 80
2931281920 157
2940397723 42
2946051437 104
2947745968 43
2947818890 19
2975899179 51
2976264608 40
3052336121 155
3109774447 27
3118895249 105
3134364972 67
3159294203 87
3197165266 106
3210776703 15
3224180642 71
3236016622 23
3252655057 91
3279979113 135
3310504013 174
3311786556 25
3326957411 114
3332444146 94
3345103274 50
3346435016 62
3369397036 141
3415828832 149
3419165889 90
3421043283 20
3439938365 33
3475802041 146
3576346154 101
3576952995 6
3611753873 7
3637528652 8
3640665415 93
3644108658 147
3650994493 117
3682404586 22
3705166655 37
3794242346 99
3813827420 74
3825964894 179
3834047911 176
3846291404 126
3863463209 103
3880856117 58
3896729982 70
3897441493 49
3934144507 85
3954570302 108
3978014586 139
3985338750 75
4012176614 169
4020817277 140
4074327253 2
4106514720 53
4120563849 121
4136759817 171
4162517235 170
4168711638 119
4173604952 164
4231238145 158
4269563040 165
4277558944 14
