1800764 78
87484882 97
125896844 94
132851176 57
158100332 154
197722022 149
212966424 132
268465553 77
277378561 84
346763723 99
347327944 85
391851701 38
409984302 22
435153685 107
442087175 123
456854657 13
465915581 95
480126874 2
482554758 82
521460429 32
582418999 118
600757238 56
646992379 175
677338192 81
680353138 120
723386437 112
755509855 137
833957915 28
882923786 166
934031291 73
984515489 113
1029684725 144
1039775941 136
1061459597 178
1061673189 41
1102138352 163
1119750476 134
1145535496 108
1163785346 174
1165500044 160
1171145260 10
1187002154 25
1199928407 46
1302911819 47
1315240339 9
1324646409 0
1353077104 51
1399969279 26
1402099477 4
1404395783 114
1411244463 12
1423943361 126
1433784421 100
1462563128 11
1473496205 35
1481700130 37
1490182304 34
1497564029 18
1506500056 14
1540789971 151
1565581772 60
1583240062 105
1593335970 145
1703074003 75
1723374255 109
1755211868 89
1780965381 140
1817977319 16
1832923198 21
1836837436 70
1854296563 110
1880656059 135
1902819574 177
1957456795 142
1965817051 24
1966862849 55
1967912122 121
1987706045 86
1991912470 161
2034853916 101
2040735391 62
2054922385 119
2070794468 93
2071342302 168
2088744826 23
2180276089 3
2191007551 159
2245017434 125
2302936662 49
2321067875 50
2337471812 133
2352408356 43
2386566304 150
2420023489 157
2493197103 122
2523580740 83
2533558194 152
2563637387 33
2564901090 17
2590626395 67
2612076060 176
2623420502 8
2663355169 42
2675243293 58
2677761041 102
2680647675 88
2689742369 40
2714344193 59
2736746253 162
2739454820 129
2751470307 172
2752981434 128
2759781031 6
2819042102 39
2820570352 117
2877103839 103
2878053286 98
2881898293 36
2931281920 147
2940397723 1
2946051437 96
2947818890 30
2975899179 74
3052336121 127
3118895249 64
3134364972 76
3159294203 139
3197165266 143
3210776703 27
3224180642 29
3236016622 31
3252655057 146
3279979113 141
3305405241 52
3310504013 171
3311786556 61
3326957411 68
3332444146 148
3345103274 72
3346435016 91
3369397036 131
3415828832 153
3419165889 90
3421043283 71
3453834671 7
3475802041 124
3576346154 158
3611753873 53
3640665415 54
3644108658 116
3650994493 79
3682404586 111
3705166655 15
3794242346 65
3813827420 92
3825964894 179
3834047911 173
3846291404 106
3863463209 80
3880856117 69
3896729982 87
3897441493 20
3930536579 19
3934144507 45
3954570302 66
3978014586 155
3985338750 115
4012176614 164
4020817277 130
4025582691 5
4028575057 48
4106514720 63
4120563849 104
4136759817 169
4162517235 165
4168711638 156
4173604952 167
4231238145 138
4269563040 170
4277558944 44
