1800764 22
87484882 70
125896844 112
132851176 17
143419484 12
158100332 148
197722022 119
212966424 118
268465553 19
277378561 74
346763723 106
347327944 64
366165566 37
435153685 111
442087175 114
456854657 69
465915581 51
480126874 56
482554758 99
521460429 77
582418999 134
600757238 98
646992379 174
677338192 34
680353138 115
723386437 127
755509855 159
833957915 29
882923786 154
934031291 39
972543760 3
976519997 38
984515489 129
1029684725 121
1039775941 153
1061459597 178
1061673189 79
1102138352 150
1119750476 137
1145535496 80
1163785346 175
1165500044 136
1199928407 58
1302911819 97
1324646409 0
1353077104 96
1399969279 55
1402099477 52
1404395783 130
1423943361 113
1433784421 62
1462563128 63
1473496205 78
1490182304 76
1497564029 71
1506500056 28
1540789971 164
1565581772 11
1567831198 20
1583240062 68
1593335970 149
1703074003 24
1721069724 4
1723374255 120
1755211868 67
1780965381 142
1832923198 35
1836837436 91
1854296563 81
1880656059 126
1902819574 177
1957456795 165
1965817051 45
1966862849 103
1967912122 140
1987706045 60
1991912470 143
2023365118 49
2034853916 73
2040735391 21
2054922385 135
2070794468 46
2071342302 157
2088744826 7
2115991866 54
2137655290 33
2191007551 173
2245017434 104
2273076216 27
2302936662 31
2321067875 30
2335932329 14
2337471812 123
2338681792 10
2352408356 26
2386566304 139
2420023489 162
2455595861 53
2493197103 132
2523580740 72
2533558194 144
2563637387 8
2564901090 32
2590626395 15
2612076060 176
2618357298 42
2654090424 16
2675243293 61
2677761041 117
2680647675 44
2689742369 48
2714344193 6
2736746253 145
2739454820 124
2751470307 170
2752981434 147
2819042102 36
2820570352 138
2877103839 107
2878053286 110
2931281920 133
2946051437 82
2947818890 43
2975899179 95
3052336121 108
3118895249 5
3134364972 94
3159294203 163
3197165266 160
3210776703 47
3236016622 41
3252655057 167
3279979113 151
3305405241 92
3310504013 156
3311786556 90
3326957411 23
3332444146 166
3345103274 93
3346435016 105
3369397036 128
3415828832 152
3419165889 83
3421043283 102
3453834671 59
3475802041 109
3570828790 9
3576346154 172
3611753873 86
3644108658 87
3650994493 40
3682404586 131
3705166655 1
3794242346 25
3813827420 101
3825964894 179
3834047911 169
3846291404 89
3863463209 65
3880856117 84
3896729982 100
3930536579 57
3954570302 18
3978014586 158
3985338750 122
4012176614 141
4020817277 125
4025582691 50
4028575057 88
4071585141 13
4084769632 2
4106514720 75
4120563849 85
4136759817 161
4162517235 146
4168711638 168
4173604952 155
4231238145 116
4269563040 171
4277558944 66
