1800764 115
87484882 124
97068523 18
125896844 37
132851176 95
158100332 153
197722022 160
212966424 152
268465553 113
277378561 106
346763723 85
347327944 116
386235461 29
391851701 76
409984302 63
435153685 86
442087175 130
465915581 129
482554758 66
582418999 74
646992379 175
677338192 122
680353138 117
723386437 39
725606561 13
755509855 82
777434108 33
789663515 6
795357209 17
833957915 36
849924382 20
882923786 167
934031291 110
984515489 55
1029684725 159
1039775941 111
1102138352 163
1119750476 143
1145535496 132
1163785346 172
1165500044 166
1171145260 41
1187002154 54
1199928407 53
1303866932 4
1315240339 46
1324646409 0
1399969279 2
1404395783 51
1411244463 45
1423943361 145
1433784421 133
1481700130 78
1506500056 14
1540789971 123
1565581772 98
1583240062 136
1593335970 141
1648888063 9
1703074003 114
1723374255 48
1755211868 119
1780965381 144
1817977319 47
1832923198 12
1836837436 60
1854296563 134
1880656059 151
1902819574 178
1957456795 94
1965817051 8
1967912122 49
1979915395 22
1987706045 121
1991912470 161
2034853916 131
2040735391 100
2054922385 67
2070794468 127
2071342302 168
2088744826 50
2180276089 40
2191007551 99
2245017434 150
2302936662 81
2321067875 83
2335376072 27
2337471812 149
2352408356 68
2386566304 156
2420023489 137
2493197103 93
2523580740 107
2533558194 154
2563637387 65
2564901090 10
2590626395 104
2612076060 177
2623420502 31
2663355169 77
2675243293 72
2677761041 32
2680647675 126
2689742369 38
2714344193 96
2736746253 162
2739454820 139
2751470307 173
2752981434 87
2759781031 34
2819042102 44
2820570352 56
2877103839 89
2878053286 61
2881898293 73
2931281920 157
2940397723 30
2946051437 109
2947745968 42
2947818890 24
2975899179 58
2976264608 35
3052336121 155
3109774447 26
3118895249 97
3134364972 69
3159294203 84
3197165266 102
3210776703 19
3224180642 70
3236016622 28
3252655057 88
3279979113 135
3310504013 174
3311786556 25
3326957411 112
3332444146 91
3345103274 57
3346435016 64
3369397036 142
3415828832 148
3419165889 101
3421043283 23
3439938365 21
3475802041 146
3576346154 92
3576952995 5
3611753873 7
3637528652 11
3640665415 90
3644108658 147
3650994493 120
3682404586 16
3705166655 43
3794242346 103
3813827420 80
3825964894 179
3834047911 176
3846291404 128
3863463209 108
3880856117 62
3896729982 71
3897441493 52
3934144507 79
3954570302 105
3978014586 138
3985338750 75
4012176614 169
4020817277 140
4028575057 1
4074327253 3
4106514720 59
4120563849 125
4136759817 171
4162517235 170
4168711638 118
4173604952 165
4231238145 158
4269563040 164
4277558944 15
