1800764 42
87484882 105
125896844 81
132851176 60
158100332 159
197722022 153
212966424 143
268465553 34
277378561 101
346763723 110
347327944 95
391851701 44
409984302 22
435153685 114
442087175 132
465915581 85
482554758 88
521460429 11
582418999 115
600757238 47
646992379 175
677338192 72
680353138 125
723386437 86
755509855 121
795357209 15
833957915 54
882923786 166
934031291 75
972543760 6
976519997 4
984515489 99
1029684725 154
1039775941 134
1061459597 178
1061673189 24
1102138352 164
1119750476 145
1145535496 116
1163785346 174
1165500044 160
1171145260 29
1199928407 69
1302911819 13
1303866932 1
1324646409 0
1353077104 30
1399969279 37
1402099477 2
1404395783 97
1411244463 27
1423943361 136
1433784421 96
1473496205 14
1481700130 12
1490182304 18
1506500056 38
1540789971 141
1565581772 51
1583240062 107
1593335970 150
1703074003 53
1723374255 90
1755211868 103
1780965381 149
1817977319 32
1832923198 41
1836837436 82
1854296563 119
1880656059 147
1902819574 177
1957456795 128
1965817051 40
1966862849 23
1967912122 102
1979915395 19
1987706045 89
1991912470 161
2034853916 108
2040735391 62
2054922385 111
2070794468 78
2071342302 168
2088744826 43
2137655290 9
2180276089 17
2191007551 135
2245017434 130
2273076216 3
2302936662 67
2321067875 68
2335376072 16
2337471812 144
2338681792 10
2352408356 64
2386566304 157
2420023489 151
2493197103 123
2523580740 98
2533558194 158
2563637387 48
2564901090 39
2590626395 45
2612076060 176
2675243293 74
2677761041 79
2680647675 77
2689742369 61
2714344193 33
2736746253 162
2739454820 139
2751470307 172
2752981434 124
2759781031 25
2819042102 63
2820570352 104
2877103839 113
2878053286 92
2881898293 5
2931281920 155
2946051437 109
2947818890 52
2975899179 83
2979186596 8
3052336121 137
3118895249 31
3134364972 87
3159294203 122
3197165266 131
3210776703 50
3224180642 28
3236016622 55
3252655057 126
3279979113 146
3305405241 49
3310504013 171
3311786556 66
3326957411 59
3332444146 127
3345103274 80
3346435016 91
3369397036 142
3415828832 156
3419165889 106
3421043283 70
3475802041 133
3576346154 129
3611753873 58
3637528652 21
3640665415 20
3644108658 120
3650994493 76
3682404586 71
3705166655 36
3794242346 65
3813827420 100
3825964894 179
3834047911 173
3846291404 118
3863463209 93
3880856117 84
3896729982 94
3897441493 35
3930536579 26
3954570302 57
3978014586 152
3985338750 112
4012176614 163
4020817277 140
4025582691 7
4028575057 46
4106514720 73
4120563849 117
4136759817 170
4162517235 165
4168711638 138
4173604952 167
4231238145 148
4269563040 169
4277558944 56
