1800764 149
87484882 112
97068523 54
125896844 27
132851176 98
158100332 152
197722022 161
212966424 154
268465553 151
277378561 86
346763723 68
347327944 97
386235461 78
391851701 74
409984302 70
435153685 71
442087175 110
465915581 140
482554758 47
582418999 67
646992379 175
677338192 128
680353138 90
715741596 43
723386437 44
725606561 12
755509855 83
777434108 72
789663515 57
795357209 8
833957915 20
849924382 50
882923786 166
905458755 32
934031291 102
984515489 56
1029684725 159
1039775941 96
1102138352 163
1119750476 133
1145535496 121
1163785346 172
1165500044 168
1171145260 24
1187002154 100
1199928407 25
1315240339 77
1324646409 0
1404395783 55
1411244463 38
1423943361 137
1433784421 142
1481700130 91
1540789971 114
1565581772 113
1583240062 143
1593335970 135
1648888063 42
1687077153 3
1703074003 144
1723374255 48
1755211868 101
1780965381 136
1817977319 34
1836837436 35
1854296563 122
1878223483 1
1880656059 147
1902819574 178
1957456795 93
1967912122 62
1979915395 15
1987706045 107
1991912470 160
2034853916 124
2040735391 103
2054922385 65
2070794468 141
2071342302 167
2088744826 36
2180276089 37
2191007551 111
2245017434 150
2302936662 64
2321067875 66
2335376072 21
2337471812 145
2352408356 53
2386566304 155
2420023489 132
2493197103 80
2523580740 88
2533558194 153
2563637387 59
2590626395 130
2612076060 177
2623420502 85
2663355169 109
2675243293 51
2677761041 28
2680647675 139
2689742369 19
2714344193 117
2736746253 162
2739454820 127
2751470307 173
2752981434 82
2759781031 22
2819042102 23
2820570352 61
2877103839 73
2878053286 45
2881898293 95
2931281920 157
2939038785 10
2940397723 79
2946051437 84
2947745968 60
2947818890 11
2975899179 33
2976264608 69
3052336121 156
3109774447 39
3118895249 125
3134364972 46
3159294203 87
3162794093 7
3197165266 99
3210776703 5
3224180642 75
3236016622 13
3252655057 92
3255384253 6
3279979113 120
3310504013 174
3311786556 16
3326957411 126
3332444146 94
3345103274 29
3346435016 49
3369397036 131
3415828832 146
3419165889 76
3421043283 17
3439938365 81
3475802041 138
3576346154 106
3576952995 18
3611753873 2
3640665415 123
3644108658 148
3650994493 118
3682404586 31
3705166655 26
3794242346 104
3813827420 58
3825964894 179
3834047911 176
3846291404 108
3863463209 89
3880856117 40
3896729982 52
3897441493 41
3934144507 119
3954570302 116
3978014586 134
3985338750 63
4012176614 169
4020817277 129
4074327253 9
4088869787 14
4106514720 30
4120563849 105
4136759817 171
4162517235 170
4168711638 115
4173604952 165
4231238145 158
4269563040 164
4277558944 4
