1800764 38
87484882 89
125896844 104
132851176 40
158100332 153
197722022 135
212966424 128
268465553 35
277378561 86
346763723 107
347327944 80
391851701 22
409984302 4
435153685 110
442087175 126
456854657 28
465915581 74
480126874 19
482554758 96
521460429 52
582418999 122
600757238 75
646992379 174
677338192 63
680353138 120
723386437 113
755509855 139
833957915 39
882923786 166
934031291 64
972543760 1
976519997 18
984515489 114
1029684725 137
1039775941 140
1061459597 178
1061673189 59
1102138352 164
1119750476 138
1145535496 98
1163785346 175
1165500044 151
1171145260 12
1199928407 61
1302911819 62
1324646409 0
1353077104 68
1399969279 46
1402099477 20
1404395783 116
1411244463 9
1423943361 124
1433784421 81
1462563128 29
1473496205 55
1481700130 2
1490182304 54
1497564029 34
1506500056 30
1540789971 154
1565581772 32
1583240062 90
1593335970 148
1703074003 44
1723374255 112
1755211868 84
1780965381 143
1817977319 14
1832923198 36
1836837436 85
1854296563 102
1880656059 136
1902819574 177
1957456795 144
1965817051 42
1966862849 73
1967912122 125
1987706045 78
1991912470 157
2034853916 92
2040735391 43
2054922385 123
2070794468 70
2071342302 168
2088744826 21
2115991866 5
2137655290 17
2191007551 163
2245017434 115
2273076216 10
2302936662 58
2321067875 57
2337471812 133
2338681792 6
2352408356 45
2386566304 146
2420023489 160
2455595861 3
2493197103 127
2523580740 83
2533558194 152
2563637387 26
2564901090 31
2590626395 33
2612076060 176
2675243293 69
2677761041 109
2680647675 67
2689742369 56
2714344193 27
2736746253 162
2739454820 129
2751470307 172
2752981434 132
2759781031 8
2819042102 53
2820570352 119
2877103839 108
2878053286 106
2931281920 141
2946051437 95
2947818890 49
2975899179 91
3052336121 121
3118895249 25
3134364972 93
3159294203 142
3197165266 147
3210776703 48
3224180642 11
3236016622 50
3252655057 149
3279979113 145
3305405241 71
3310504013 169
3311786556 77
3326957411 47
3332444146 150
3345103274 87
3346435016 101
3369397036 134
3415828832 155
3419165889 94
3421043283 88
3453834671 23
3475802041 118
3576346154 159
3611753873 72
3637528652 7
3640665415 13
3644108658 105
3650994493 65
3682404586 111
3705166655 16
3794242346 51
3813827420 99
3825964894 179
3834047911 173
3846291404 103
3863463209 79
3880856117 82
3896729982 97
3897441493 15
3930536579 37
3954570302 41
3978014586 156
3985338750 117
4012176614 161
4020817277 130
4025582691 24
4028575057 66
4106514720 76
4120563849 100
4136759817 170
4162517235 165
4168711638 158
4173604952 167
4231238145 131
4269563040 171
4277558944 60
