1800764 84
87484882 113
125896844 61
132851176 73
158100332 156
197722022 160
212966424 152
268465553 79
277378561 104
346763723 98
347327944 107
386235461 3
391851701 54
409984302 42
435153685 103
442087175 134
465915581 112
482554758 80
582418999 99
600757238 26
646992379 176
677338192 96
680353138 125
723386437 72
725606561 7
755509855 114
777434108 6
795357209 13
833957915 45
849924382 1
882923786 167
934031291 93
984515489 88
1029684725 159
1039775941 131
1061673189 8
1102138352 164
1119750476 144
1145535496 124
1163785346 174
1165500044 162
1171145260 32
1187002154 17
1199928407 56
1303866932 5
1315240339 16
1324646409 0
1353077104 14
1399969279 21
1404395783 85
1411244463 33
1423943361 138
1433784421 118
1481700130 47
1506500056 24
1540789971 136
1565581772 71
1583240062 122
1593335970 148
1703074003 89
1723374255 77
1755211868 111
1780965381 147
1817977319 39
1832923198 29
1836837436 68
1854296563 127
1880656059 151
1902819574 178
1957456795 128
1965817051 22
1966862849 9
1967912122 90
1979915395 18
1987706045 109
1991912470 161
2034853916 119
2040735391 75
2054922385 94
2070794468 108
2071342302 168
2088744826 46
2180276089 27
2191007551 132
2245017434 139
2302936662 62
2321067875 66
2335376072 20
2337471812 149
2352408356 57
2386566304 158
2420023489 146
2493197103 117
2523580740 102
2533558194 155
2563637387 53
2564901090 23
2590626395 74
2612076060 177
2623420502 2
2663355169 41
2675243293 69
2677761041 59
2680647675 106
2689742369 48
2714344193 64
2736746253 163
2739454820 140
2751470307 173
2752981434 116
2759781031 30
2819042102 50
2820570352 91
2877103839 105
2878053286 81
2881898293 44
2931281920 157
2940397723 4
2946051437 110
2947745968 19
2947818890 36
2975899179 67
2976264608 12
3052336121 145
3109774447 10
3118895249 63
3134364972 76
3159294203 115
3197165266 130
3210776703 31
3224180642 49
3236016622 40
3252655057 123
3279979113 143
3305405241 28
3310504013 172
3311786556 51
3326957411 86
3332444146 126
3345103274 65
3346435016 82
3369397036 142
3415828832 153
3419165889 101
3421043283 52
3475802041 137
3576346154 129
3611753873 34
3637528652 15
3640665415 58
3644108658 133
3650994493 97
3682404586 55
3705166655 37
3794242346 83
3813827420 92
3825964894 179
3834047911 175
3846291404 121
3863463209 100
3880856117 70
3896729982 87
3897441493 43
3930536579 11
3934144507 38
3954570302 78
3978014586 150
3985338750 95
4012176614 166
4020817277 141
4028575057 25
4106514720 60
4120563849 120
4136759817 171
4162517235 169
4168711638 135
4173604952 165
4231238145 154
4269563040 170
4277558944 35
