1800764 28
87484882 86
125896844 105
132851176 36
158100332 153
197722022 133
212966424 128
268465553 21
277378561 85
346763723 107
347327944 80
391851701 19
435153685 110
442087175 126
456854657 32
465915581 68
480126874 26
482554758 97
521460429 53
582418999 123
600757238 76
646992379 174
677338192 59
680353138 122
723386437 113
755509855 139
833957915 44
882923786 166
934031291 62
972543760 5
976519997 23
984515489 115
1029684725 137
1039775941 141
1061459597 178
1061673189 60
1102138352 163
1119750476 138
1145535496 96
1163785346 175
1165500044 149
1171145260 12
1199928407 65
1302911819 67
1324646409 0
1353077104 71
1399969279 48
1402099477 29
1404395783 116
1411244463 7
1423943361 121
1433784421 78
1462563128 35
1473496205 57
1490182304 56
1497564029 41
1506500056 37
1540789971 155
1565581772 27
1583240062 84
1593335970 148
1703074003 34
1723374255 112
1755211868 82
1780965381 143
1817977319 15
1832923198 42
1836837436 89
1854296563 100
1880656059 136
1902819574 177
1957456795 145
1965817051 47
1966862849 72
1967912122 125
1987706045 75
1991912470 156
2034853916 88
2040735391 39
2054922385 124
2070794468 64
2071342302 168
2088744826 20
2115991866 9
2137655290 22
2191007551 165
2245017434 114
2273076216 13
2302936662 55
2321067875 54
2337471812 132
2338681792 11
2352408356 46
2386566304 144
2420023489 162
2455595861 4
2493197103 127
2523580740 83
2533558194 152
2563637387 25
2564901090 40
2590626395 24
2612076060 176
2618357298 1
2675243293 69
2677761041 109
2680647675 63
2689742369 58
2714344193 17
2736746253 161
2739454820 130
2751470307 172
2752981434 134
2759781031 8
2819042102 52
2820570352 120
2877103839 108
2878053286 106
2931281920 140
2946051437 95
2947818890 50
2975899179 92
2979186596 3
3052336121 119
3118895249 14
3134364972 93
3159294203 142
3197165266 147
3210776703 49
3224180642 6
3236016622 51
3252655057 150
3279979113 146
3305405241 73
3310504013 169
3311786556 81
3326957411 38
3332444146 151
3345103274 90
3346435016 104
3369397036 135
3415828832 154
3419165889 94
3421043283 91
3453834671 30
3475802041 118
3576346154 159
3611753873 74
3637528652 10
3640665415 2
3644108658 103
3650994493 61
3682404586 111
3705166655 18
3794242346 43
3813827420 102
3825964894 179
3834047911 173
3846291404 101
3863463209 79
3880856117 87
3896729982 98
3897441493 16
3930536579 45
3954570302 33
3978014586 158
3985338750 117
4012176614 157
4020817277 131
4025582691 31
4028575057 70
4106514720 77
4120563849 99
4136759817 170
4162517235 164
4168711638 160
4173604952 167
4231238145 129
4269563040 171
4277558944 66
