1800764 157
87484882 126
97068523 79
125896844 2
132851176 120
158100332 137
197722022 169
212966424 152
268465553 158
277378561 100
346763723 65
347327944 109
386235461 96
391851701 91
409984302 90
435153685 61
442087175 105
465915581 147
482554758 40
548834259 7
582418999 29
646992379 176
677338192 144
680353138 86
715741596 71
725606561 41
755509855 32
777434108 89
789663515 80
795357209 23
833957915 31
849924382 78
882923786 167
905458755 63
934031291 119
960241349 5
984515489 12
1029684725 162
1039775941 74
1102138352 168
1119750476 111
1145535496 131
1163785346 170
1165500044 171
1171145260 58
1187002154 110
1199928407 45
1303866932 17
1315240339 99
1324646409 0
1378626860 18
1404395783 8
1411244463 68
1423943361 128
1433784421 151
1481700130 107
1506500056 4
1540789971 81
1565581772 127
1583240062 149
1593335970 106
1648888063 75
1687077153 21
1703074003 153
1723374255 11
1755211868 112
1780965381 108
1817977319 66
1836837436 30
1854296563 130
1878223483 26
1880656059 141
1957456795 56
1967912122 6
1979915395 39
1987706045 124
1991912470 163
2034853916 139
2040735391 122
2054922385 20
2070794468 148
2071342302 166
2088744826 64
2180276089 72
2191007551 57
2245017434 154
2302936662 83
2321067875 85
2335376072 50
2337471812 132
2352408356 76
2386566304 150
2420023489 95
2493197103 62
2523580740 103
2533558194 140
2563637387 82
2564901090 1
2590626395 145
2612076060 178
2623420502 102
2663355169 125
2675243293 67
2680647675 146
2689742369 27
2714344193 133
2727339584 16
2736746253 165
2739454820 115
2751470307 173
2752981434 49
2759781031 51
2819042102 44
2820570352 10
2877103839 70
2878053286 22
2881898293 114
2931281920 155
2939038785 36
2940397723 97
2946051437 94
2947745968 84
2947818890 13
2975899179 24
2976264608 88
3052336121 159
3109774447 73
3118895249 142
3134364972 46
3159294203 37
3162794093 25
3197165266 60
3210776703 3
3224180642 92
3236016622 15
3252655057 48
3255384253 19
3279979113 98
3310504013 177
3326957411 143
3332444146 52
3345103274 28
3346435016 34
3369397036 116
3415828832 121
3419165889 87
3439938365 93
3475802041 134
3576346154 54
3576952995 53
3637528652 14
3640665415 138
3644108658 156
3650994493 135
3705166655 59
3794242346 123
3813827420 55
3825964894 179
3846291404 118
3863463209 104
3880856117 43
3896729982 47
3897441493 69
3934144507 129
3954570302 136
3978014586 101
3985338750 35
4012176614 174
4020817277 117
4074327253 33
4088869787 38
4106514720 42
4120563849 113
4123558703 9
4136759817 172
4162517235 175
4168711638 77
4173604952 164
4231238145 160
4269563040 161
