1800764 25
87484882 91
125896844 94
132851176 43
158100332 160
197722022 141
212966424 131
268465553 18
277378561 90
346763723 111
347327944 82
391851701 30
409984302 2
435153685 115
442087175 127
456854657 5
465915581 74
480126874 9
482554758 95
521460429 36
582418999 120
600757238 69
646992379 175
677338192 63
680353138 122
723386437 109
755509855 129
795357209 3
833957915 52
882923786 166
934031291 72
972543760 7
976519997 17
984515489 114
1029684725 145
1039775941 138
1061459597 178
1061673189 50
1102138352 164
1119750476 144
1145535496 103
1163785346 174
1165500044 156
1171145260 24
1199928407 71
1302911819 46
1324646409 0
1353077104 59
1399969279 49
1402099477 20
1404395783 113
1411244463 14
1423943361 126
1433784421 79
1462563128 21
1473496205 39
1490182304 40
1497564029 23
1506500056 42
1540789971 151
1565581772 32
1583240062 87
1593335970 153
1703074003 33
1723374255 110
1755211868 86
1780965381 148
1817977319 28
1832923198 47
1836837436 84
1854296563 106
1880656059 143
1902819574 177
1957456795 137
1965817051 48
1966862849 57
1967912122 117
1979915395 4
1987706045 78
1991912470 161
2034853916 92
2040735391 45
2054922385 119
2070794468 68
2071342302 168
2088744826 34
2137655290 22
2191007551 147
2245017434 121
2273076216 8
2302936662 62
2321067875 61
2335376072 1
2337471812 139
2338681792 12
2352408356 54
2386566304 154
2420023489 159
2493197103 124
2523580740 88
2533558194 155
2563637387 35
2564901090 44
2590626395 27
2612076060 176
2675243293 75
2677761041 99
2680647675 67
2689742369 60
2714344193 19
2736746253 163
2739454820 132
2751470307 172
2752981434 128
2759781031 15
2819042102 58
2820570352 116
2877103839 112
2878053286 104
2931281920 149
2946051437 101
2947818890 55
2975899179 89
2979186596 6
3052336121 125
3118895249 11
3134364972 93
3159294203 130
3197165266 142
3210776703 53
3224180642 10
3236016622 56
3252655057 135
3279979113 150
3305405241 66
3310504013 169
3311786556 76
3326957411 38
3332444146 140
3345103274 85
3346435016 100
3369397036 136
3415828832 158
3419165889 97
3421043283 80
3453834671 13
3475802041 123
3576346154 146
3611753873 73
3637528652 16
3644108658 108
3650994493 70
3682404586 96
3705166655 31
3794242346 51
3813827420 102
3825964894 179
3834047911 173
3846291404 107
3863463209 81
3880856117 83
3896729982 98
3897441493 29
3930536579 41
3954570302 37
3978014586 157
3985338750 118
4012176614 162
4020817277 133
4025582691 26
4028575057 65
4106514720 77
4120563849 105
4136759817 170
4162517235 165
4168711638 152
4173604952 167
4231238145 134
4269563040 171
4277558944 64
