1800764 97
87484882 116
97068523 4
125896844 57
132851176 83
158100332 155
197722022 160
212966424 152
268465553 94
277378561 102
346763723 92
347327944 107
386235461 11
391851701 59
409984302 48
435153685 95
442087175 133
465915581 117
482554758 72
582418999 91
600757238 15
646992379 175
677338192 108
680353138 122
723386437 64
725606561 7
755509855 104
777434108 19
795357209 8
833957915 39
849924382 6
882923786 166
934031291 98
984515489 76
1029684725 159
1039775941 128
1102138352 164
1119750476 143
1145535496 129
1163785346 174
1165500044 163
1171145260 35
1187002154 36
1199928407 49
1303866932 2
1315240339 31
1324646409 0
1353077104 3
1399969279 10
1404395783 73
1411244463 37
1423943361 138
1433784421 126
1481700130 56
1506500056 22
1540789971 135
1565581772 84
1583240062 131
1593335970 148
1703074003 99
1723374255 68
1755211868 112
1780965381 147
1817977319 40
1832923198 23
1836837436 63
1854296563 132
1880656059 151
1902819574 178
1957456795 120
1965817051 18
1967912122 77
1979915395 20
1987706045 111
1991912470 161
2034853916 125
2040735391 85
2054922385 86
2070794468 115
2071342302 167
2088744826 45
2180276089 32
2191007551 130
2245017434 144
2302936662 67
2321067875 69
2335376072 24
2337471812 149
2352408356 58
2386566304 157
2420023489 145
2493197103 113
2523580740 103
2533558194 154
2563637387 52
2564901090 21
2590626395 88
2612076060 177
2623420502 16
2663355169 53
2675243293 66
2677761041 55
2680647675 114
2689742369 42
2714344193 80
2736746253 162
2739454820 140
2751470307 173
2752981434 110
2759781031 30
2819042102 46
2820570352 79
2877103839 96
2878053286 71
2881898293 51
2931281920 158
2940397723 13
2946051437 105
2947745968 29
2947818890 33
2975899179 62
2976264608 25
3052336121 150
3109774447 12
3118895249 82
3134364972 70
3159294203 109
3197165266 127
3210776703 26
3224180642 50
3236016622 34
3252655057 118
3279979113 139
3305405241 17
3310504013 172
3311786556 41
3326957411 93
3332444146 119
3345103274 61
3346435016 74
3369397036 142
3415828832 153
3419165889 100
3421043283 44
3439938365 5
3475802041 137
3576346154 124
3611753873 27
3637528652 9
3640665415 75
3644108658 136
3650994493 106
3682404586 47
3705166655 38
3794242346 89
3813827420 81
3825964894 179
3834047911 176
3846291404 123
3863463209 101
3880856117 65
3896729982 78
3897441493 43
3930536579 1
3934144507 54
3954570302 90
3978014586 146
3985338750 87
4012176614 168
4020817277 141
4028575057 14
4106514720 60
4120563849 121
4136759817 171
4162517235 170
4168711638 134
4173604952 165
4231238145 156
4269563040 169
4277558944 28
