1800764 126
87484882 122
97068523 25
125896844 32
132851176 96
158100332 152
197722022 161
212966424 153
268465553 124
277378561 99
346763723 81
347327944 112
386235461 45
391851701 76
409984302 69
435153685 84
442087175 127
465915581 131
482554758 63
582418999 72
646992379 175
677338192 123
680353138 110
715741596 6
723386437 33
725606561 15
755509855 79
777434108 39
789663515 20
795357209 13
833957915 31
849924382 27
882923786 166
905458755 1
934031291 109
984515489 55
1029684725 159
1039775941 105
1102138352 163
1119750476 142
1145535496 132
1163785346 172
1165500044 168
1171145260 34
1187002154 73
1199928407 41
1303866932 5
1315240339 62
1324646409 0
1404395783 51
1411244463 40
1423943361 145
1433784421 136
1481700130 82
1506500056 10
1540789971 117
1565581772 104
1583240062 138
1593335970 143
1648888063 22
1703074003 121
1723374255 43
1755211868 115
1780965381 144
1817977319 42
1832923198 8
1836837436 57
1854296563 134
1880656059 151
1902819574 178
1957456795 92
1965817051 2
1967912122 53
1979915395 19
1987706045 118
1991912470 160
2034853916 130
2040735391 100
2054922385 66
2070794468 129
2071342302 167
2088744826 49
2180276089 36
2191007551 97
2245017434 150
2302936662 77
2321067875 78
2335376072 24
2337471812 149
2352408356 65
2386566304 156
2420023489 135
2493197103 90
2523580740 102
2533558194 154
2563637387 67
2564901090 7
2590626395 113
2612076060 177
2623420502 54
2663355169 86
2675243293 70
2677761041 26
2680647675 128
2689742369 30
2714344193 106
2736746253 162
2739454820 139
2751470307 173
2752981434 87
2759781031 28
2819042102 35
2820570352 58
2877103839 85
2878053286 59
2881898293 83
2931281920 157
2940397723 47
2946051437 101
2947745968 46
2947818890 18
2975899179 50
2976264608 44
3052336121 155
3109774447 29
3118895249 108
3134364972 64
3159294203 80
3197165266 95
3210776703 14
3224180642 75
3236016622 23
3252655057 89
3279979113 133
3310504013 174
3311786556 21
3326957411 116
3332444146 91
3345103274 48
3346435016 61
3369397036 141
3415828832 148
3419165889 93
3421043283 17
3439938365 37
3475802041 146
3576346154 94
3576952995 12
3611753873 4
3637528652 9
3640665415 98
3644108658 147
3650994493 119
3682404586 16
3705166655 38
3794242346 107
3813827420 74
3825964894 179
3834047911 176
3846291404 125
3863463209 103
3880856117 60
3896729982 68
3897441493 52
3934144507 88
3954570302 111
3978014586 137
3985338750 71
4012176614 169
4020817277 140
4074327253 3
4106514720 56
4120563849 120
4136759817 171
4162517235 170
4168711638 114
4173604952 165
4231238145 158
4269563040 164
4277558944 11
