1800764 29
87484882 92
125896844 94
132851176 46
158100332 159
197722022 142
212966424 132
268465553 25
277378561 89
346763723 111
347327944 83
391851701 30
409984302 6
435153685 115
442087175 127
456854657 3
465915581 74
480126874 9
482554758 95
521460429 33
582418999 120
600757238 67
646992379 175
677338192 66
680353138 122
723386437 108
755509855 129
795357209 2
833957915 51
882923786 166
934031291 73
972543760 5
976519997 12
984515489 114
1029684725 145
1039775941 136
1061459597 178
1061673189 49
1102138352 164
1119750476 144
1145535496 104
1163785346 174
1165500044 160
1171145260 23
1199928407 68
1302911819 44
1324646409 0
1353077104 59
1399969279 48
1402099477 13
1404395783 113
1411244463 17
1423943361 126
1433784421 80
1462563128 18
1473496205 36
1490182304 38
1497564029 21
1506500056 40
1540789971 151
1565581772 34
1583240062 90
1593335970 153
1703074003 37
1723374255 109
1755211868 88
1780965381 149
1817977319 26
1832923198 45
1836837436 84
1854296563 106
1880656059 143
1902819574 177
1957456795 137
1965817051 47
1966862849 57
1967912122 117
1979915395 7
1987706045 79
1991912470 161
2034853916 93
2040735391 50
2054922385 119
2070794468 72
2071342302 168
2088744826 32
2137655290 19
2191007551 147
2245017434 121
2273076216 8
2302936662 62
2321067875 61
2337471812 140
2338681792 10
2352408356 56
2386566304 154
2420023489 158
2493197103 123
2523580740 87
2533558194 155
2563637387 35
2564901090 42
2590626395 31
2612076060 176
2675243293 75
2677761041 98
2680647675 70
2689742369 60
2714344193 24
2736746253 163
2739454820 131
2751470307 172
2752981434 128
2759781031 16
2819042102 58
2820570352 116
2877103839 112
2878053286 103
2931281920 150
2946051437 101
2947818890 54
2975899179 86
2979186596 4
3052336121 125
3118895249 20
3134364972 91
3159294203 130
3197165266 141
3210776703 52
3224180642 14
3236016622 55
3252655057 134
3279979113 148
3305405241 65
3310504013 169
3311786556 76
3326957411 43
3332444146 139
3345103274 85
3346435016 100
3369397036 135
3415828832 157
3419165889 99
3421043283 78
3453834671 11
3475802041 124
3576346154 146
3611753873 69
3637528652 15
3640665415 1
3644108658 110
3650994493 71
3682404586 96
3705166655 28
3794242346 53
3813827420 102
3825964894 179
3834047911 173
3846291404 107
3863463209 81
3880856117 82
3896729982 97
3897441493 27
3930536579 39
3954570302 41
3978014586 156
3985338750 118
4012176614 162
4020817277 133
4025582691 22
4028575057 64
4106514720 77
4120563849 105
4136759817 170
4162517235 165
4168711638 152
4173604952 167
4231238145 138
4269563040 171
4277558944 63
