1800764 61
87484882 89
125896844 104
132851176 45
158100332 148
197722022 136
212966424 128
268465553 58
277378561 84
346763723 105
347327944 79
391851701 20
409984302 3
435153685 109
442087175 122
456854657 35
465915581 75
480126874 24
482554758 96
521460429 53
582418999 123
600757238 77
646992379 174
677338192 64
680353138 118
723386437 114
755509855 145
833957915 28
882923786 165
934031291 63
976519997 17
984515489 117
1029684725 137
1039775941 141
1061459597 178
1061673189 60
1102138352 161
1119750476 138
1145535496 100
1163785346 175
1165500044 149
1171145260 1
1199928407 54
1302911819 69
1324646409 0
1353077104 71
1399969279 38
1402099477 21
1404395783 119
1423943361 120
1433784421 87
1462563128 30
1473496205 55
1481700130 12
1490182304 52
1497564029 41
1506500056 22
1540789971 156
1565581772 44
1583240062 94
1593335970 144
1703074003 59
1723374255 111
1755211868 85
1780965381 140
1817977319 6
1832923198 27
1836837436 83
1854296563 103
1880656059 134
1902819574 177
1957456795 151
1965817051 29
1966862849 80
1967912122 127
1987706045 78
1991912470 153
2023365118 5
2034853916 93
2040735391 48
2054922385 125
2070794468 73
2071342302 168
2088744826 16
2115991866 15
2137655290 13
2191007551 167
2245017434 112
2273076216 2
2302936662 46
2321067875 47
2337471812 132
2352408356 34
2386566304 142
2420023489 160
2455595861 11
2493197103 126
2523580740 82
2533558194 146
2563637387 19
2564901090 25
2590626395 49
2612076060 176
2618357298 4
2663355169 14
2675243293 62
2677761041 110
2680647675 72
2689742369 43
2714344193 40
2736746253 158
2739454820 129
2751470307 172
2752981434 135
2819042102 39
2820570352 124
2877103839 107
2878053286 106
2881898293 7
2931281920 139
2946051437 95
2947818890 36
2975899179 88
3052336121 121
3118895249 42
3134364972 90
3159294203 147
3197165266 152
3210776703 33
3224180642 10
3236016622 37
3252655057 154
3279979113 143
3305405241 70
3310504013 169
3311786556 74
3326957411 56
3332444146 155
3345103274 86
3346435016 101
3369397036 133
3415828832 150
3419165889 92
3421043283 91
3453834671 26
3475802041 116
3576346154 164
3611753873 68
3640665415 31
3644108658 108
3650994493 66
3682404586 113
3705166655 9
3794242346 51
3813827420 98
3825964894 179
3834047911 173
3846291404 102
3863463209 76
3880856117 81
3896729982 97
3897441493 8
3930536579 32
3934144507 18
3954570302 50
3978014586 157
3985338750 115
4012176614 159
4020817277 130
4025582691 23
4028575057 65
4106514720 67
4120563849 99
4136759817 170
4162517235 163
4168711638 162
4173604952 166
4231238145 131
4269563040 171
4277558944 57
