1800764 120
87484882 122
97068523 19
125896844 44
132851176 90
158100332 154
197722022 160
212966424 152
268465553 118
277378561 100
346763723 83
347327944 111
386235461 34
391851701 72
409984302 59
435153685 84
442087175 131
465915581 129
482554758 67
582418999 80
646992379 175
677338192 121
680353138 115
723386437 48
725606561 12
755509855 85
777434108 32
789663515 14
795357209 10
833957915 30
849924382 20
882923786 167
934031291 106
984515489 60
1029684725 159
1039775941 114
1102138352 163
1119750476 142
1145535496 132
1163785346 172
1165500044 164
1171145260 33
1187002154 57
1199928407 49
1303866932 4
1315240339 50
1324646409 0
1399969279 3
1404395783 56
1411244463 43
1423943361 143
1433784421 134
1481700130 77
1506500056 13
1540789971 127
1565581772 95
1583240062 135
1593335970 145
1648888063 15
1703074003 116
1723374255 54
1755211868 113
1780965381 146
1817977319 45
1832923198 11
1836837436 55
1854296563 133
1880656059 151
1902819574 178
1957456795 102
1965817051 6
1967912122 61
1979915395 18
1987706045 117
1991912470 161
2034853916 130
2040735391 93
2054922385 73
2070794468 128
2071342302 168
2088744826 46
2180276089 35
2191007551 112
2245017434 149
2302936662 74
2321067875 78
2335376072 22
2337471812 148
2352408356 64
2386566304 156
2420023489 137
2493197103 92
2523580740 101
2533558194 155
2563637387 62
2564901090 8
2590626395 107
2612076060 177
2623420502 39
2663355169 81
2675243293 70
2677761041 38
2680647675 126
2689742369 31
2714344193 94
2736746253 162
2739454820 138
2751470307 173
2752981434 88
2759781031 28
2819042102 42
2820570352 65
2877103839 86
2878053286 63
2881898293 75
2931281920 158
2940397723 36
2946051437 105
2947745968 41
2947818890 21
2975899179 52
2976264608 37
3052336121 153
3109774447 23
3118895249 98
3134364972 68
3159294203 87
3197165266 109
3210776703 17
3224180642 69
3236016622 24
3252655057 96
3279979113 136
3305405241 2
3310504013 174
3311786556 27
3326957411 110
3332444146 99
3345103274 51
3346435016 66
3369397036 141
3415828832 150
3419165889 91
3421043283 25
3439938365 29
3475802041 144
3576346154 108
3576952995 5
3611753873 9
3637528652 7
3640665415 89
3644108658 147
3650994493 119
3682404586 26
3705166655 40
3794242346 97
3813827420 76
3825964894 179
3834047911 176
3846291404 125
3863463209 103
3880856117 58
3896729982 71
3897441493 47
3934144507 82
3954570302 104
3978014586 140
3985338750 79
4012176614 169
4020817277 139
4028575057 1
4106514720 53
4120563849 123
4136759817 171
4162517235 170
4168711638 124
4173604952 165
4231238145 157
4269563040 166
4277558944 16
