1800764 127
87484882 121
97068523 29
125896844 25
132851176 98
158100332 152
197722022 161
212966424 154
268465553 126
277378561 100
346763723 81
347327944 113
386235461 57
391851701 79
409984302 73
435153685 82
442087175 123
465915581 136
482554758 62
582418999 66
646992379 175
677338192 125
680353138 104
715741596 13
723386437 27
725606561 17
755509855 74
777434108 53
789663515 24
795357209 14
833957915 30
849924382 32
882923786 166
905458755 4
934031291 110
984515489 41
1029684725 159
1039775941 97
1102138352 164
1119750476 141
1145535496 132
1163785346 172
1165500044 168
1171145260 35
1187002154 75
1199928407 45
1303866932 3
1315240339 67
1324646409 0
1404395783 37
1411244463 47
1423943361 145
1433784421 140
1481700130 86
1506500056 9
1540789971 112
1565581772 108
1583240062 144
1593335970 137
1648888063 23
1703074003 124
1723374255 36
1755211868 115
1780965381 143
1817977319 48
1832923198 7
1836837436 49
1854296563 135
1880656059 150
1902819574 178
1957456795 90
1965817051 2
1967912122 38
1979915395 20
1987706045 118
1991912470 160
2034853916 131
2040735391 105
2054922385 63
2070794468 133
2071342302 167
2088744826 52
2180276089 40
2191007551 93
2245017434 151
2302936662 78
2321067875 80
2335376072 26
2337471812 148
2352408356 69
2386566304 156
2420023489 129
2493197103 89
2523580740 101
2533558194 153
2563637387 70
2564901090 5
2590626395 116
2612076060 177
2623420502 61
2663355169 92
2675243293 71
2677761041 22
2680647675 130
2689742369 28
2714344193 109
2736746253 162
2739454820 138
2751470307 173
2752981434 83
2759781031 31
2819042102 34
2820570352 42
2877103839 84
2878053286 51
2881898293 87
2931281920 157
2940397723 59
2946051437 99
2947745968 56
2947818890 19
2975899179 44
2976264608 54
3052336121 155
3109774447 33
3118895249 111
3134364972 64
3159294203 76
3197165266 95
3210776703 12
3224180642 77
3236016622 21
3252655057 85
3279979113 128
3310504013 174
3311786556 18
3326957411 117
3332444146 88
3345103274 43
3346435016 60
3369397036 142
3415828832 147
3419165889 96
3421043283 16
3439938365 46
3475802041 146
3576346154 91
3576952995 15
3611753873 1
3637528652 11
3640665415 103
3644108658 149
3650994493 120
3682404586 10
3705166655 39
3794242346 107
3813827420 72
3825964894 179
3834047911 176
3846291404 122
3863463209 102
3880856117 58
3896729982 65
3897441493 55
3934144507 94
3954570302 114
3978014586 134
3985338750 68
4012176614 169
4020817277 139
4074327253 6
4106514720 50
4120563849 119
4136759817 171
4162517235 170
4168711638 106
4173604952 165
4231238145 158
4269563040 163
4277558944 8
