1800764 93
87484882 98
125896844 83
132851176 59
158100332 155
197722022 153
212966424 133
268465553 92
277378561 81
346763723 96
347327944 85
386235461 15
391851701 39
409984302 32
435153685 102
442087175 123
456854657 3
465915581 101
482554758 75
521460429 27
582418999 117
600757238 53
646992379 175
677338192 88
680353138 119
723386437 110
755509855 136
777434108 5
833957915 28
882923786 165
934031291 73
984515489 113
1029684725 148
1039775941 134
1061459597 178
1061673189 33
1102138352 163
1119750476 135
1145535496 109
1163785346 174
1165500044 161
1171145260 7
1187002154 40
1199928407 44
1302911819 42
1315240339 24
1324646409 0
1353077104 47
1399969279 20
1404395783 114
1411244463 12
1423943361 125
1433784421 106
1462563128 1
1473496205 31
1481700130 43
1490182304 29
1497564029 9
1506500056 8
1540789971 149
1565581772 65
1583240062 111
1593335970 144
1703074003 86
1723374255 103
1755211868 90
1780965381 140
1817977319 19
1832923198 14
1836837436 63
1854296563 112
1880656059 137
1902819574 177
1957456795 142
1965817051 17
1966862849 54
1967912122 121
1987706045 89
1991912470 160
2034853916 105
2040735391 62
2054922385 118
2070794468 99
2071342302 168
2088744826 22
2180276089 2
2191007551 159
2245017434 126
2302936662 50
2321067875 51
2337471812 132
2352408356 41
2386566304 150
2420023489 157
2493197103 122
2523580740 79
2533558194 152
2563637387 34
2564901090 10
2590626395 74
2612076060 176
2623420502 25
2663355169 52
2675243293 56
2677761041 97
2680647675 95
2689742369 35
2714344193 67
2736746253 162
2739454820 128
2751470307 172
2752981434 127
2819042102 36
2820570352 116
2877103839 100
2878053286 91
2881898293 46
2931281920 147
2940397723 18
2946051437 94
2947745968 4
2947818890 26
2975899179 69
2976264608 6
3052336121 129
3118895249 70
3134364972 71
3159294203 138
3197165266 143
3210776703 23
3224180642 37
3236016622 30
3252655057 145
3279979113 141
3305405241 48
3310504013 171
3311786556 55
3326957411 76
3332444146 146
3345103274 66
3346435016 80
3369397036 131
3415828832 151
3419165889 87
3421043283 60
3439938365 13
3475802041 124
3576346154 158
3611753873 49
3640665415 64
3644108658 120
3650994493 84
3682404586 108
3705166655 16
3794242346 68
3813827420 82
3825964894 179
3834047911 173
3846291404 107
3863463209 78
3880856117 61
3896729982 77
3897441493 21
3930536579 11
3934144507 58
3954570302 72
3978014586 154
3985338750 115
4012176614 164
4020817277 130
4028575057 45
4106514720 57
4120563849 104
4136759817 170
4162517235 167
4168711638 156
4173604952 166
4231238145 139
4269563040 169
4277558944 38
