1800764 145
87484882 114
97068523 43
125896844 33
132851176 93
158100332 153
197722022 161
212966424 152
268465553 146
277378561 89
346763723 77
347327944 101
386235461 70
391851701 72
409984302 65
435153685 78
442087175 117
465915581 133
482554758 52
582418999 75
646992379 175
677338192 124
680353138 94
715741596 26
723386437 47
725606561 12
755509855 86
777434108 61
789663515 44
795357209 8
833957915 20
849924382 38
882923786 166
905458755 21
934031291 100
984515489 59
1029684725 159
1039775941 104
1102138352 163
1119750476 137
1145535496 125
1163785346 172
1165500044 168
1171145260 25
1187002154 85
1199928407 30
1315240339 76
1324646409 0
1404395783 57
1411244463 36
1423943361 139
1433784421 138
1481700130 83
1506500056 6
1540789971 121
1565581772 106
1583240062 142
1593335970 141
1648888063 28
1703074003 129
1723374255 48
1755211868 103
1780965381 143
1817977319 34
1832923198 5
1836837436 45
1854296563 126
1880656059 150
1902819574 178
1957456795 97
1967912122 64
1979915395 14
1987706045 109
1991912470 160
2034853916 127
2040735391 99
2054922385 69
2070794468 132
2071342302 167
2088744826 37
2180276089 32
2191007551 116
2245017434 151
2302936662 66
2321067875 67
2335376072 18
2337471812 147
2352408356 54
2386566304 156
2420023489 136
2493197103 82
2523580740 91
2533558194 154
2563637387 56
2564901090 3
2590626395 123
2612076060 177
2623420502 80
2663355169 95
2675243293 55
2677761041 35
2680647675 130
2689742369 22
2714344193 111
2736746253 162
2739454820 131
2751470307 173
2752981434 84
2759781031 23
2819042102 24
2820570352 63
2877103839 79
2878053286 49
2881898293 87
2931281920 157
2939038785 2
2940397723 74
2946051437 88
2947745968 50
2947818890 13
2975899179 41
2976264608 60
3052336121 155
3109774447 29
3118895249 118
3134364972 51
3159294203 90
3197165266 105
3210776703 11
3224180642 71
3236016622 16
3252655057 96
3279979113 128
3310504013 174
3311786556 17
3326957411 122
3332444146 98
3345103274 39
3346435016 53
3369397036 135
3415828832 148
3419165889 81
3421043283 19
3439938365 73
3475802041 144
3576346154 108
3576952995 15
3611753873 9
3637528652 4
3640665415 115
3644108658 149
3650994493 119
3682404586 31
3705166655 27
3794242346 102
3813827420 62
3825964894 179
3834047911 176
3846291404 112
3863463209 92
3880856117 46
3896729982 58
3897441493 42
3934144507 107
3954570302 113
3978014586 140
3985338750 68
4012176614 169
4020817277 134
4074327253 7
4088869787 1
4106514720 40
4120563849 110
4136759817 171
4162517235 170
4168711638 120
4173604952 164
4231238145 158
4269563040 165
4277558944 10
