1800764 113
87484882 107
97068523 17
125896844 61
132851176 76
158100332 156
197722022 160
212966424 152
268465553 112
277378561 91
346763723 79
347327944 100
386235461 41
391851701 52
409984302 48
435153685 85
442087175 126
465915581 118
482554758 66
582418999 99
600757238 25
646992379 175
677338192 106
680353138 115
723386437 74
755509855 122
777434108 35
789663515 11
833957915 28
849924382 14
882923786 166
934031291 93
984515489 78
1029684725 159
1039775941 127
1061673189 1
1102138352 164
1119750476 142
1145535496 120
1163785346 174
1165500044 163
1171145260 24
1187002154 59
1199928407 43
1302911819 2
1315240339 46
1324646409 0
1353077104 12
1399969279 3
1404395783 77
1411244463 30
1423943361 134
1433784421 123
1481700130 63
1506500056 7
1540789971 139
1565581772 84
1583240062 125
1593335970 147
1648888063 8
1703074003 108
1723374255 73
1755211868 103
1780965381 145
1817977319 32
1832923198 9
1836837436 54
1854296563 121
1880656059 148
1902819574 178
1957456795 128
1965817051 6
1966862849 15
1967912122 94
1979915395 4
1987706045 104
1991912470 161
2034853916 119
2040735391 80
2054922385 96
2070794468 117
2071342302 167
2088744826 36
2180276089 26
2191007551 141
2245017434 140
2302936662 58
2321067875 60
2335376072 10
2337471812 146
2352408356 49
2386566304 158
2420023489 149
2493197103 109
2523580740 92
2533558194 155
2563637387 47
2564901090 5
2590626395 101
2612076060 177
2623420502 45
2663355169 71
2675243293 55
2677761041 64
2680647675 114
2689742369 31
2714344193 89
2736746253 162
2739454820 135
2751470307 173
2752981434 116
2759781031 18
2819042102 38
2820570352 86
2877103839 83
2878053286 70
2881898293 65
2931281920 157
2940397723 42
2946051437 98
2947745968 33
2947818890 20
2975899179 56
2976264608 34
3052336121 150
3109774447 13
3118895249 95
3134364972 62
3159294203 124
3197165266 131
3210776703 16
3224180642 51
3236016622 23
3252655057 129
3279979113 144
3305405241 21
3310504013 172
3311786556 40
3326957411 102
3332444146 130
3345103274 53
3346435016 68
3369397036 138
3415828832 153
3419165889 82
3421043283 44
3439938365 39
3475802041 133
3576346154 137
3611753873 27
3640665415 87
3644108658 132
3650994493 105
3682404586 67
3705166655 29
3794242346 81
3813827420 72
3825964894 179
3834047911 176
3846291404 111
3863463209 90
3880856117 57
3896729982 69
3897441493 37
3934144507 75
3954570302 97
3978014586 151
3985338750 88
4012176614 168
4020817277 136
4028575057 19
4106514720 50
4120563849 110
4136759817 171
4162517235 170
4168711638 143
4173604952 165
4231238145 154
4269563040 169
4277558944 22
