1800764 91
87484882 114
125896844 61
132851176 74
158100332 156
197722022 160
212966424 152
268465553 86
277378561 105
346763723 96
347327944 106
386235461 3
391851701 55
409984302 42
435153685 99
442087175 133
465915581 112
482554758 76
582418999 97
600757238 26
646992379 176
677338192 101
680353138 125
723386437 70
725606561 8
755509855 113
777434108 10
795357209 12
833957915 40
849924382 1
882923786 166
934031291 93
984515489 84
1029684725 159
1039775941 131
1061673189 4
1102138352 164
1119750476 144
1145535496 124
1163785346 174
1165500044 162
1171145260 33
1187002154 23
1199928407 56
1303866932 2
1315240339 19
1324646409 0
1353077104 13
1399969279 17
1404395783 81
1411244463 35
1423943361 138
1433784421 118
1481700130 50
1506500056 24
1540789971 136
1565581772 72
1583240062 123
1593335970 147
1703074003 92
1723374255 75
1755211868 111
1780965381 146
1817977319 39
1832923198 28
1836837436 65
1854296563 128
1880656059 151
1902819574 178
1957456795 127
1965817051 21
1966862849 7
1967912122 87
1979915395 16
1987706045 107
1991912470 161
2034853916 120
2040735391 80
2054922385 94
2070794468 110
2071342302 168
2088744826 43
2180276089 29
2191007551 132
2245017434 139
2302936662 63
2321067875 66
2335376072 18
2337471812 149
2352408356 57
2386566304 158
2420023489 145
2493197103 117
2523580740 104
2533558194 155
2563637387 53
2564901090 22
2590626395 79
2612076060 177
2623420502 5
2663355169 45
2675243293 67
2677761041 59
2680647675 108
2689742369 46
2714344193 69
2736746253 163
2739454820 140
2751470307 173
2752981434 116
2759781031 30
2819042102 49
2820570352 88
2877103839 100
2878053286 77
2881898293 47
2931281920 157
2940397723 6
2946051437 109
2947745968 20
2947818890 36
2975899179 64
2976264608 14
3052336121 148
3109774447 11
3118895249 71
3134364972 73
3159294203 115
3197165266 130
3210776703 31
3224180642 51
3236016622 37
3252655057 122
3279979113 143
3305405241 27
3310504013 172
3311786556 48
3326957411 90
3332444146 126
3345103274 62
3346435016 78
3369397036 142
3415828832 153
3419165889 102
3421043283 52
3475802041 137
3576346154 129
3611753873 32
3637528652 15
3640665415 58
3644108658 134
3650994493 103
3682404586 54
3705166655 38
3794242346 85
3813827420 89
3825964894 179
3834047911 175
3846291404 121
3863463209 98
3880856117 68
3896729982 82
3897441493 41
3930536579 9
3934144507 44
3954570302 83
3978014586 150
3985338750 95
4012176614 167
4020817277 141
4028575057 25
4106514720 60
4120563849 119
4136759817 171
4162517235 169
4168711638 135
4173604952 165
4231238145 154
4269563040 170
4277558944 34
