1800764 114
87484882 118
97068523 16
125896844 49
132851176 86
158100332 154
197722022 160
212966424 152
268465553 112
277378561 96
346763723 83
347327944 106
386235461 32
391851701 62
409984302 50
435153685 84
442087175 132
465915581 127
482554758 66
582418999 82
600757238 5
646992379 175
677338192 116
680353138 117
723386437 58
725606561 6
755509855 94
777434108 27
789663515 10
795357209 8
833957915 31
849924382 19
882923786 166
934031291 99
984515489 69
1029684725 159
1039775941 122
1102138352 163
1119750476 144
1145535496 129
1163785346 174
1165500044 164
1171145260 30
1187002154 52
1199928407 47
1315240339 46
1324646409 0
1399969279 2
1404395783 68
1411244463 40
1423943361 138
1433784421 131
1481700130 71
1506500056 14
1540789971 135
1565581772 90
1583240062 134
1593335970 146
1648888063 11
1703074003 109
1723374255 61
1755211868 107
1780965381 147
1817977319 41
1832923198 13
1836837436 56
1854296563 130
1880656059 150
1902819574 178
1957456795 115
1965817051 9
1967912122 75
1979915395 15
1987706045 110
1991912470 161
2034853916 128
2040735391 88
2054922385 80
2070794468 125
2071342302 167
2088744826 44
2180276089 28
2191007551 126
2245017434 148
2302936662 72
2321067875 74
2335376072 21
2337471812 149
2352408356 57
2386566304 157
2420023489 143
2493197103 103
2523580740 98
2533558194 155
2563637387 54
2564901090 12
2590626395 101
2612076060 177
2623420502 38
2663355169 77
2675243293 63
2677761041 48
2680647675 123
2689742369 36
2714344193 89
2736746253 162
2739454820 137
2751470307 172
2752981434 100
2759781031 24
2819042102 42
2820570352 76
2877103839 87
2878053286 64
2881898293 70
2931281920 158
2940397723 35
2946051437 104
2947745968 37
2947818890 23
2975899179 55
2976264608 33
3052336121 153
3109774447 22
3118895249 93
3134364972 65
3159294203 102
3197165266 119
3210776703 18
3224180642 60
3236016622 25
3252655057 108
3279979113 136
3305405241 7
3310504013 173
3311786556 29
3326957411 105
3332444146 113
3345103274 53
3346435016 67
3369397036 142
3415828832 151
3419165889 91
3421043283 34
3439938365 26
3475802041 140
3576346154 120
3576952995 1
3611753873 17
3637528652 4
3640665415 85
3644108658 141
3650994493 111
3682404586 43
3705166655 39
3794242346 92
3813827420 78
3825964894 179
3834047911 176
3846291404 124
3863463209 97
3880856117 59
3896729982 73
3897441493 45
3934144507 79
3954570302 95
3978014586 145
3985338750 81
4012176614 169
4020817277 139
4028575057 3
4106514720 51
4120563849 121
4136759817 171
4162517235 170
4168711638 133
4173604952 165
4231238145 156
4269563040 168
4277558944 20
