1800764 107
87484882 84
97068523 2
125896844 98
132851176 54
158100332 146
197722022 144
212966424 131
268465553 109
277378561 65
346763723 89
347327944 69
366165566 9
386235461 42
391851701 29
409984302 22
435153685 101
442087175 114
456854657 35
465915581 102
480126874 13
482554758 71
521460429 40
582418999 122
600757238 63
646992379 175
677338192 88
680353138 112
715741596 4
723386437 119
755509855 151
777434108 28
789663515 16
833957915 1
882923786 163
934031291 61
984515489 118
1029684725 139
1039775941 143
1061459597 178
1061673189 39
1102138352 158
1119750476 133
1145535496 99
1163785346 174
1165500044 150
1187002154 66
1199928407 26
1302911819 72
1315240339 36
1324646409 0
1353077104 60
1399969279 12
1402099477 3
1404395783 120
1423943361 116
1433784421 105
1462563128 25
1473496205 41
1481700130 46
1490182304 37
1497564029 33
1540789971 153
1565581772 68
1583240062 106
1593335970 140
1703074003 104
1723374255 110
1755211868 75
1780965381 137
1836837436 51
1854296563 103
1880656059 132
1902819574 177
1957456795 155
1966862849 83
1967912122 135
1987706045 77
1991912470 149
2023365118 19
2034853916 96
2040735391 56
2054922385 127
2070794468 100
2071342302 166
2115991866 23
2191007551 171
2245017434 117
2302936662 31
2321067875 32
2337471812 130
2352408356 20
2386566304 141
2420023489 154
2455595861 21
2493197103 121
2523580740 64
2533558194 145
2563637387 18
2590626395 90
2612076060 176
2618357298 10
2623420502 53
2663355169 74
2675243293 34
2677761041 108
2680647675 97
2689742369 15
2714344193 80
2736746253 156
2739454820 124
2751470307 172
2752981434 136
2819042102 14
2820570352 129
2877103839 92
2878053286 95
2881898293 52
2931281920 138
2940397723 43
2946051437 76
2947745968 6
2947818890 7
2975899179 57
2976264608 24
3052336121 123
3118895249 86
3134364972 58
3159294203 157
3197165266 152
3210776703 5
3224180642 27
3236016622 8
3252655057 161
3279979113 142
3305405241 50
3310504013 170
3311786556 47
3326957411 85
3332444146 159
3345103274 55
3346435016 81
3369397036 128
3415828832 147
3419165889 67
3421043283 70
3439938365 48
3453834671 17
3475802041 115
3576346154 168
3611753873 44
3640665415 87
3644108658 111
3650994493 82
3682404586 126
3794242346 59
3813827420 78
3825964894 179
3834047911 173
3846291404 93
3863463209 62
3880856117 49
3896729982 73
3930536579 11
3934144507 94
3954570302 79
3978014586 148
3985338750 113
4012176614 160
4020817277 125
4028575057 45
4106514720 38
4120563849 91
4136759817 167
4162517235 164
4168711638 162
4173604952 165
4231238145 134
4269563040 169
4277558944 30
