1800764 122
87484882 97
97068523 27
125896844 65
132851176 71
158100332 155
197722022 160
212966424 143
268465553 123
277378561 73
346763723 75
347327944 85
386235461 56
391851701 47
409984302 42
435153685 84
442087175 121
465915581 117
482554758 60
521460429 7
582418999 107
600757238 36
646992379 176
677338192 105
680353138 111
715741596 18
723386437 88
755509855 133
777434108 43
789663515 29
833957915 15
849924382 21
882923786 166
905458755 5
934031291 80
984515489 93
1029684725 158
1039775941 132
1061673189 13
1102138352 164
1119750476 134
1145535496 110
1163785346 174
1165500044 163
1171145260 11
1187002154 70
1199928407 35
1302911819 31
1315240339 54
1324646409 0
1353077104 34
1399969279 2
1404395783 95
1411244463 19
1423943361 126
1433784421 119
1473496205 8
1481700130 64
1490182304 6
1540789971 147
1565581772 86
1583240062 120
1593335970 144
1648888063 14
1703074003 118
1723374255 82
1755211868 87
1780965381 142
1817977319 22
1832923198 1
1836837436 51
1854296563 112
1880656059 140
1902819574 178
1957456795 137
1966862849 41
1967912122 115
1987706045 90
1991912470 161
2034853916 109
2040735391 77
2054922385 108
2070794468 116
2071342302 167
2088744826 24
2180276089 16
2191007551 159
2245017434 131
2302936662 48
2321067875 50
2337471812 135
2352408356 38
2386566304 156
2420023489 152
2493197103 113
2523580740 76
2533558194 154
2563637387 37
2590626395 104
2612076060 177
2623420502 61
2663355169 83
2675243293 45
2677761041 72
2680647675 114
2689742369 23
2714344193 91
2736746253 162
2739454820 128
2751470307 173
2752981434 124
2759781031 3
2819042102 26
2820570352 106
2877103839 78
2878053286 67
2881898293 68
2931281920 153
2940397723 57
2946051437 81
2947745968 30
2947818890 9
2975899179 55
2976264608 40
3052336121 141
3109774447 10
3118895249 101
3134364972 58
3159294203 136
3197165266 139
3210776703 4
3224180642 46
3236016622 12
3252655057 145
3279979113 138
3305405241 32
3310504013 172
3311786556 39
3326957411 102
3332444146 146
3345103274 53
3346435016 63
3369397036 130
3415828832 150
3419165889 69
3421043283 49
3439938365 59
3475802041 125
3576346154 157
3611753873 33
3640665415 99
3644108658 127
3650994493 98
3682404586 89
3705166655 17
3794242346 79
3813827420 66
3825964894 179
3834047911 175
3846291404 103
3863463209 74
3880856117 52
3896729982 62
3897441493 25
3934144507 96
3954570302 92
3978014586 149
3985338750 94
4012176614 168
4020817277 129
4028575057 28
4106514720 44
4120563849 100
4136759817 171
4162517235 169
4168711638 151
4173604952 165
4231238145 148
4269563040 170
4277558944 20
