1800764 34
87484882 89
125896844 101
132851176 41
158100332 155
197722022 136
212966424 129
268465553 31
277378561 88
346763723 108
347327944 81
391851701 26
409984302 5
435153685 112
442087175 126
456854657 18
465915581 75
480126874 14
482554758 95
521460429 46
582418999 121
600757238 74
646992379 175
677338192 62
680353138 123
723386437 113
755509855 135
795357209 1
833957915 44
882923786 166
934031291 67
972543760 4
976519997 15
984515489 114
1029684725 139
1039775941 141
1061459597 178
1061673189 56
1102138352 164
1119750476 140
1145535496 98
1163785346 174
1165500044 154
1171145260 13
1199928407 63
1302911819 60
1324646409 0
1353077104 64
1399969279 47
1402099477 21
1404395783 115
1411244463 11
1423943361 125
1433784421 80
1462563128 27
1473496205 49
1490182304 48
1497564029 30
1506500056 35
1540789971 151
1565581772 33
1583240062 91
1593335970 149
1703074003 39
1723374255 111
1755211868 86
1780965381 147
1817977319 17
1832923198 40
1836837436 84
1854296563 103
1880656059 137
1902819574 177
1957456795 142
1965817051 42
1966862849 65
1967912122 119
1979915395 2
1987706045 78
1991912470 161
2034853916 92
2040735391 45
2054922385 120
2070794468 71
2071342302 168
2088744826 28
2137655290 16
2191007551 158
2245017434 117
2273076216 9
2302936662 59
2321067875 58
2337471812 134
2338681792 6
2352408356 51
2386566304 150
2420023489 160
2493197103 127
2523580740 85
2533558194 152
2563637387 29
2564901090 36
2590626395 32
2612076060 176
2675243293 73
2677761041 106
2680647675 69
2689742369 57
2714344193 25
2736746253 163
2739454820 130
2751470307 172
2752981434 128
2759781031 10
2819042102 55
2820570352 118
2877103839 110
2878053286 105
2931281920 143
2946051437 96
2947818890 53
2975899179 90
2979186596 3
3052336121 124
3118895249 23
3134364972 93
3159294203 138
3197165266 145
3210776703 50
3224180642 12
3236016622 54
3252655057 144
3279979113 148
3305405241 70
3310504013 169
3311786556 77
3326957411 43
3332444146 146
3345103274 87
3346435016 99
3369397036 133
3415828832 156
3419165889 94
3421043283 82
3453834671 20
3475802041 122
3576346154 153
3611753873 72
3637528652 8
3640665415 7
3644108658 107
3650994493 68
3682404586 109
3705166655 22
3794242346 52
3813827420 100
3825964894 179
3834047911 173
3846291404 104
3863463209 79
3880856117 83
3896729982 97
3897441493 19
3930536579 37
3954570302 38
3978014586 159
3985338750 116
4012176614 162
4020817277 131
4025582691 24
4028575057 66
4106514720 76
4120563849 102
4136759817 170
4162517235 165
4168711638 157
4173604952 167
4231238145 132
4269563040 171
4277558944 61
