1800764 147
87484882 125
97068523 60
125896844 13
132851176 108
158100332 151
197722022 168
212966424 155
268465553 144
277378561 101
346763723 73
347327944 111
386235461 83
391851701 93
409984302 88
435153685 72
442087175 110
465915581 146
482554758 48
582418999 40
646992379 175
677338192 137
680353138 96
715741596 36
723386437 9
725606561 26
755509855 45
777434108 78
789663515 55
795357209 23
833957915 33
849924382 59
882923786 167
905458755 29
934031291 113
984515489 25
1029684725 160
1039775941 85
1102138352 166
1119750476 126
1145535496 135
1163785346 170
1165500044 169
1171145260 51
1187002154 97
1199928407 43
1303866932 15
1315240339 91
1324646409 0
1378626860 5
1404395783 19
1411244463 65
1423943361 139
1433784421 148
1481700130 99
1506500056 7
1540789971 94
1565581772 117
1583240062 149
1593335970 118
1648888063 52
1703074003 140
1723374255 20
1755211868 114
1780965381 123
1817977319 61
1832923198 3
1836837436 37
1854296563 136
1878223483 11
1880656059 150
1957456795 69
1967912122 17
1979915395 28
1987706045 122
1991912470 161
2034853916 138
2040735391 112
2054922385 32
2070794468 143
2071342302 165
2088744826 62
2180276089 63
2191007551 70
2245017434 154
2302936662 87
2321067875 89
2335376072 38
2337471812 145
2352408356 74
2386566304 156
2420023489 105
2493197103 75
2523580740 102
2533558194 152
2563637387 82
2564901090 4
2590626395 131
2612076060 177
2623420502 86
2663355169 104
2675243293 71
2677761041 1
2680647675 142
2689742369 27
2714344193 121
2727339584 10
2736746253 163
2739454820 128
2751470307 174
2752981434 64
2759781031 42
2819042102 39
2820570352 21
2877103839 80
2878053286 31
2881898293 100
2931281920 157
2939038785 18
2940397723 84
2946051437 98
2947745968 77
2947818890 16
2975899179 34
2976264608 79
3052336121 158
3109774447 56
3118895249 127
3134364972 50
3159294203 49
3162794093 2
3197165266 76
3210776703 8
3224180642 92
3236016622 22
3252655057 57
3279979113 106
3310504013 176
3311786556 6
3326957411 133
3332444146 66
3345103274 35
3346435016 41
3369397036 130
3415828832 134
3419165889 95
3439938365 81
3475802041 141
3576346154 67
3576952995 30
3637528652 14
3640665415 119
3644108658 153
3650994493 132
3705166655 54
3794242346 115
3813827420 58
3825964894 179
3834047911 178
3846291404 120
3863463209 103
3880856117 47
3896729982 53
3897441493 68
3934144507 107
3954570302 124
3978014586 109
3985338750 46
4012176614 172
4020817277 129
4074327253 24
4088869787 12
4106514720 44
4120563849 116
4136759817 171
4162517235 173
4168711638 90
4173604952 164
4231238145 159
4269563040 162
