1800764 101
87484882 107
125896844 68
132851176 66
158100332 158
197722022 160
212966424 143
268465553 99
277378561 88
346763723 91
347327944 92
386235461 21
391851701 50
409984302 41
435153685 102
442087175 125
465915581 110
482554758 70
521460429 5
582418999 114
600757238 44
646992379 176
677338192 98
680353138 122
723386437 90
755509855 126
777434108 14
833957915 32
882923786 167
934031291 82
984515489 104
1029684725 159
1039775941 131
1061673189 17
1102138352 164
1119750476 140
1145535496 118
1163785346 174
1165500044 162
1171145260 20
1187002154 47
1199928407 48
1302911819 24
1315240339 33
1324646409 0
1353077104 35
1399969279 11
1404395783 103
1411244463 25
1423943361 129
1433784421 117
1473496205 7
1481700130 52
1490182304 6
1506500056 8
1540789971 144
1565581772 71
1583240062 119
1593335970 148
1703074003 93
1723374255 86
1755211868 100
1780965381 146
1817977319 29
1832923198 15
1836837436 62
1854296563 120
1880656059 145
1902819574 178
1957456795 133
1965817051 12
1966862849 37
1967912122 112
1979915395 2
1987706045 97
1991912470 161
2034853916 116
2040735391 69
2054922385 113
2070794468 108
2071342302 168
2088744826 34
2180276089 13
2191007551 150
2245017434 130
2302936662 54
2321067875 58
2335376072 3
2337471812 141
2352408356 49
2386566304 157
2420023489 153
2493197103 121
2523580740 87
2533558194 156
2563637387 45
2564901090 9
2590626395 81
2612076060 177
2623420502 28
2663355169 56
2675243293 59
2677761041 77
2680647675 106
2689742369 39
2714344193 72
2736746253 163
2739454820 132
2751470307 173
2752981434 123
2759781031 10
2819042102 42
2820570352 109
2877103839 95
2878053286 80
2881898293 53
2931281920 155
2940397723 22
2946051437 96
2947745968 18
2947818890 27
2975899179 64
2976264608 16
3052336121 139
3109774447 1
3118895249 76
3134364972 65
3159294203 128
3197165266 136
3210776703 23
3224180642 46
3236016622 30
3252655057 135
3279979113 142
3305405241 40
3310504013 172
3311786556 51
3326957411 84
3332444146 137
3345103274 61
3346435016 75
3369397036 138
3415828832 154
3419165889 89
3421043283 55
3439938365 19
3475802041 127
3576346154 147
3611753873 43
3640665415 67
3644108658 124
3650994493 94
3682404586 83
3705166655 26
3794242346 73
3813827420 79
3825964894 179
3834047911 175
3846291404 115
3863463209 85
3880856117 63
3896729982 74
3897441493 31
3930536579 4
3934144507 60
3954570302 78
3978014586 152
3985338750 105
4012176614 165
4020817277 134
4028575057 38
4106514720 57
4120563849 111
4136759817 171
4162517235 169
4168711638 149
4173604952 166
4231238145 151
4269563040 170
4277558944 36
