1800764 144
87484882 105
97068523 41
125896844 43
132851176 89
158100332 153
197722022 161
212966424 152
268465553 146
277378561 82
346763723 68
347327944 91
386235461 70
391851701 64
409984302 59
435153685 73
442087175 110
465915581 127
482554758 51
582418999 80
600757238 12
646992379 175
677338192 121
680353138 96
715741596 35
723386437 63
725606561 8
755509855 100
777434108 62
789663515 45
795357209 1
833957915 19
849924382 37
882923786 165
905458755 26
934031291 92
984515489 67
1029684725 159
1039775941 108
1102138352 163
1119750476 140
1145535496 119
1163785346 173
1165500044 167
1171145260 22
1187002154 90
1199928407 29
1315240339 69
1324646409 0
1353077104 3
1404395783 66
1411244463 31
1423943361 135
1433784421 133
1481700130 83
1540789971 125
1565581772 102
1583240062 137
1593335970 142
1648888063 33
1703074003 132
1723374255 58
1755211868 95
1780965381 141
1817977319 30
1832923198 2
1836837436 40
1854296563 120
1880656059 150
1902819574 178
1957456795 112
1966862849 6
1967912122 77
1979915395 11
1987706045 99
1991912470 160
2034853916 123
2040735391 94
2054922385 78
2070794468 128
2071342302 166
2088744826 32
2180276089 28
2191007551 138
2245017434 149
2302936662 57
2321067875 61
2335376072 17
2337471812 147
2352408356 44
2386566304 156
2420023489 143
2493197103 87
2523580740 85
2533558194 154
2563637387 48
2590626395 122
2612076060 177
2623420502 81
2663355169 98
2675243293 47
2677761041 50
2680647675 124
2689742369 20
2714344193 106
2736746253 162
2739454820 129
2751470307 172
2752981434 93
2759781031 18
2819042102 23
2820570352 72
2877103839 74
2878053286 53
2881898293 88
2931281920 157
2940397723 75
2946051437 84
2947745968 46
2947818890 13
2975899179 39
2976264608 56
3052336121 155
3109774447 27
3118895249 117
3134364972 49
3159294203 104
3197165266 116
3210776703 5
3224180642 65
3236016622 16
3252655057 113
3279979113 134
3305405241 9
3310504013 174
3311786556 21
3326957411 118
3332444146 115
3345103274 38
3346435016 52
3369397036 136
3415828832 151
3419165889 79
3421043283 25
3439938365 76
3475802041 139
3576346154 126
3576952995 15
3611753873 14
3640665415 114
3644108658 148
3650994493 109
3682404586 54
3705166655 24
3794242346 97
3813827420 60
3825964894 179
3834047911 176
3846291404 103
3863463209 86
3880856117 42
3896729982 55
3897441493 34
3934144507 111
3954570302 107
3978014586 145
3985338750 71
4012176614 169
4020817277 130
4028575057 7
4088869787 4
4106514720 36
4120563849 101
4136759817 171
4162517235 170
4168711638 131
4173604952 164
4231238145 158
4269563040 168
4277558944 10
