1800764 150
87484882 115
97068523 62
125896844 21
132851176 104
158100332 148
197722022 163
212966424 154
268465553 151
277378561 95
346763723 66
347327944 103
386235461 84
391851701 78
409984302 76
435153685 67
442087175 107
465915581 142
482554758 44
582418999 60
646992379 174
677338192 135
680353138 91
715741596 53
723386437 27
725606561 17
755509855 70
777434108 77
789663515 63
795357209 10
833957915 22
849924382 59
882923786 167
905458755 40
934031291 106
984515489 39
1029684725 159
1039775941 90
1102138352 165
1119750476 124
1145535496 129
1163785346 170
1165500044 168
1171145260 34
1187002154 102
1199928407 30
1303866932 3
1315240339 87
1324646409 0
1404395783 35
1411244463 48
1423943361 137
1433784421 144
1481700130 98
1540789971 100
1565581772 117
1583240062 146
1593335970 122
1648888063 54
1687077153 4
1703074003 145
1723374255 31
1755211868 105
1780965381 128
1817977319 47
1836837436 32
1854296563 130
1878223483 6
1880656059 147
1902819574 178
1957456795 83
1967912122 43
1979915395 18
1987706045 113
1991912470 160
2034853916 133
2040735391 109
2054922385 55
2070794468 143
2071342302 166
2088744826 46
2180276089 49
2191007551 94
2245017434 153
2302936662 69
2321067875 71
2335376072 24
2337471812 140
2352408356 61
2386566304 155
2420023489 116
2493197103 75
2523580740 96
2533558194 149
2563637387 64
2590626395 136
2612076060 176
2623420502 92
2663355169 111
2675243293 58
2677761041 19
2680647675 141
2689742369 20
2714344193 120
2736746253 162
2739454820 121
2751470307 173
2752981434 72
2759781031 26
2819042102 25
2820570352 42
2877103839 68
2878053286 36
2881898293 101
2931281920 156
2939038785 14
2940397723 85
2946051437 93
2947745968 65
2947818890 9
2975899179 29
2976264608 73
3052336121 157
3109774447 50
3118895249 132
3134364972 45
3159294203 74
3162794093 7
3197165266 88
3210776703 1
3224180642 79
3236016622 13
3252655057 80
3255384253 5
3279979113 114
3310504013 175
3311786556 11
3326957411 134
3332444146 82
3345103274 28
3346435016 41
3369397036 127
3415828832 139
3419165889 81
3421043283 8
3439938365 86
3475802041 138
3576346154 89
3576952995 23
3637528652 2
3640665415 131
3644108658 152
3650994493 126
3682404586 16
3705166655 37
3794242346 110
3813827420 56
3825964894 179
3834047911 177
3846291404 112
3863463209 97
3880856117 38
3896729982 51
3897441493 52
3934144507 119
3954570302 123
3978014586 118
3985338750 57
4012176614 169
4020817277 125
4074327253 12
4088869787 15
4106514720 33
4120563849 108
4136759817 171
4162517235 172
4168711638 99
4173604952 164
4231238145 158
4269563040 161
