1800764 49
87484882 106
125896844 76
132851176 61
158100332 159
197722022 153
212966424 146
268465553 44
277378561 103
346763723 110
347327944 98
391851701 46
409984302 25
435153685 115
442087175 132
465915581 86
482554758 88
521460429 9
582418999 114
600757238 43
646992379 175
677338192 74
680353138 126
723386437 85
725606561 3
755509855 120
795357209 15
833957915 53
882923786 166
934031291 77
972543760 6
976519997 1
984515489 96
1029684725 154
1039775941 131
1061459597 178
1061673189 22
1102138352 163
1119750476 143
1145535496 117
1163785346 174
1165500044 160
1171145260 29
1199928407 67
1302911819 12
1303866932 2
1324646409 0
1353077104 27
1399969279 31
1404395783 93
1411244463 28
1423943361 136
1433784421 102
1473496205 13
1481700130 17
1490182304 14
1506500056 33
1540789971 139
1565581772 56
1583240062 108
1593335970 150
1703074003 57
1723374255 89
1755211868 104
1780965381 148
1817977319 34
1832923198 39
1836837436 79
1854296563 119
1880656059 147
1902819574 177
1957456795 128
1965817051 35
1966862849 20
1967912122 97
1979915395 19
1987706045 94
1991912470 161
2034853916 109
2040735391 64
2054922385 107
2070794468 84
2071342302 168
2088744826 41
2137655290 8
2180276089 18
2191007551 134
2245017434 133
2302936662 69
2321067875 70
2335376072 16
2337471812 145
2338681792 10
2352408356 63
2386566304 157
2420023489 151
2493197103 123
2523580740 101
2533558194 158
2563637387 48
2564901090 32
2590626395 51
2612076060 176
2663355169 4
2675243293 73
2677761041 75
2680647675 83
2689742369 59
2714344193 40
2736746253 162
2739454820 140
2751470307 172
2752981434 124
2759781031 26
2819042102 60
2820570352 100
2877103839 113
2878053286 91
2881898293 11
2931281920 156
2946051437 112
2947818890 50
2975899179 81
2979186596 7
3052336121 137
3118895249 38
3134364972 87
3159294203 121
3197165266 130
3210776703 47
3224180642 30
3236016622 52
3252655057 125
3279979113 144
3305405241 45
3310504013 171
3311786556 65
3326957411 62
3332444146 127
3345103274 78
3346435016 90
3369397036 142
3415828832 155
3419165889 105
3421043283 68
3475802041 135
3576346154 129
3611753873 55
3637528652 21
3640665415 24
3644108658 122
3650994493 80
3682404586 71
3705166655 37
3794242346 66
3813827420 99
3825964894 179
3834047911 173
3846291404 118
3863463209 95
3880856117 82
3896729982 92
3897441493 36
3930536579 23
3954570302 58
3978014586 152
3985338750 111
4012176614 164
4020817277 141
4025582691 5
4028575057 42
4106514720 72
4120563849 116
4136759817 170
4162517235 165
4168711638 138
4173604952 167
4231238145 149
4269563040 169
4277558944 54
