1800764 87
87484882 94
125896844 100
132851176 49
158100332 147
197722022 141
212966424 131
268465553 88
277378561 79
346763723 101
347327944 81
386235461 9
391851701 30
409984302 17
435153685 108
442087175 120
456854657 31
465915581 95
480126874 13
482554758 86
521460429 43
582418999 122
600757238 65
646992379 175
677338192 82
680353138 114
723386437 113
755509855 145
833957915 22
882923786 165
934031291 66
984515489 115
1029684725 137
1039775941 139
1061459597 178
1061673189 47
1102138352 161
1119750476 136
1145535496 106
1163785346 174
1165500044 156
1187002154 36
1199928407 41
1302911819 62
1315240339 15
1324646409 0
1353077104 60
1399969279 27
1402099477 6
1404395783 117
1423943361 121
1433784421 98
1462563128 23
1473496205 45
1481700130 37
1490182304 40
1497564029 34
1506500056 7
1540789971 152
1565581772 55
1583240062 105
1593335970 143
1703074003 80
1723374255 110
1755211868 84
1780965381 138
1817977319 3
1832923198 18
1836837436 69
1854296563 107
1880656059 134
1902819574 177
1957456795 151
1965817051 19
1966862849 72
1967912122 127
1987706045 83
1991912470 158
2034853916 97
2040735391 54
2054922385 124
2070794468 92
2071342302 168
2088744826 14
2115991866 4
2191007551 167
2245017434 119
2302936662 42
2321067875 44
2337471812 132
2352408356 35
2386566304 144
2420023489 157
2455595861 1
2493197103 123
2523580740 78
2533558194 146
2563637387 24
2564901090 11
2590626395 67
2612076060 176
2623420502 20
2663355169 46
2675243293 48
2677761041 109
2680647675 90
2689742369 33
2714344193 59
2736746253 160
2739454820 128
2751470307 172
2752981434 133
2819042102 32
2820570352 125
2877103839 104
2878053286 102
2881898293 38
2931281920 140
2940397723 10
2946051437 91
2947818890 28
2975899179 74
3052336121 126
3118895249 63
3134364972 75
3159294203 149
3197165266 150
3210776703 25
3224180642 26
3236016622 29
3252655057 155
3279979113 142
3305405241 56
3310504013 170
3311786556 61
3326957411 70
3332444146 154
3345103274 71
3346435016 96
3369397036 130
3415828832 148
3419165889 85
3421043283 77
3439938365 12
3453834671 16
3475802041 118
3576346154 164
3611753873 52
3640665415 58
3644108658 111
3650994493 76
3682404586 116
3705166655 2
3794242346 57
3813827420 93
3825964894 179
3834047911 173
3846291404 103
3863463209 73
3880856117 68
3896729982 89
3897441493 8
3930536579 21
3934144507 50
3954570302 64
3978014586 153
3985338750 112
4012176614 162
4020817277 129
4025582691 5
4028575057 51
4106514720 53
4120563849 99
4136759817 169
4162517235 163
4168711638 159
4173604952 166
4231238145 135
4269563040 171
4277558944 39
