1800764 42
87484882 93
125896844 91
132851176 51
158100332 159
197722022 145
212966424 136
268465553 37
277378561 89
346763723 108
347327944 85
391851701 33
409984302 12
435153685 114
442087175 125
465915581 77
480126874 5
482554758 92
521460429 26
582418999 120
600757238 66
646992379 175
677338192 69
680353138 122
723386437 105
755509855 129
795357209 2
833957915 47
882923786 166
934031291 70
976519997 10
984515489 113
1029684725 146
1039775941 134
1061459597 178
1061673189 43
1102138352 164
1119750476 143
1145535496 106
1163785346 174
1165500044 160
1171145260 22
1199928407 68
1302911819 38
1324646409 0
1353077104 57
1399969279 44
1402099477 11
1404395783 112
1411244463 20
1423943361 127
1433784421 86
1462563128 13
1473496205 29
1481700130 6
1490182304 31
1497564029 16
1506500056 34
1540789971 150
1565581772 45
1583240062 95
1593335970 152
1703074003 49
1723374255 104
1755211868 90
1780965381 149
1817977319 23
1832923198 39
1836837436 80
1854296563 110
1880656059 142
1902819574 177
1957456795 135
1965817051 41
1966862849 53
1967912122 118
1979915395 7
1987706045 82
1991912470 161
2034853916 98
2040735391 55
2054922385 119
2070794468 75
2071342302 168
2088744826 30
2137655290 14
2180276089 4
2191007551 148
2245017434 121
2273076216 3
2302936662 64
2321067875 65
2335376072 1
2337471812 139
2338681792 8
2352408356 56
2386566304 154
2420023489 156
2493197103 123
2523580740 88
2533558194 158
2563637387 36
2564901090 35
2590626395 40
2612076060 176
2675243293 73
2677761041 97
2680647675 74
2689742369 59
2714344193 28
2736746253 162
2739454820 131
2751470307 172
2752981434 126
2759781031 19
2819042102 58
2820570352 116
2877103839 111
2878053286 102
2931281920 153
2946051437 103
2947818890 50
2975899179 83
3052336121 128
3118895249 27
3134364972 87
3159294203 130
3197165266 140
3210776703 46
3224180642 21
3236016622 52
3252655057 133
3279979113 147
3305405241 63
3310504013 169
3311786556 71
3326957411 54
3332444146 138
3345103274 81
3346435016 99
3369397036 137
3415828832 157
3419165889 100
3421043283 78
3453834671 9
3475802041 124
3576346154 144
3611753873 67
3637528652 15
3640665415 18
3644108658 115
3650994493 72
3682404586 94
3705166655 25
3794242346 60
3813827420 101
3825964894 179
3834047911 173
3846291404 109
3863463209 84
3880856117 79
3896729982 96
3897441493 24
3930536579 32
3954570302 48
3978014586 155
3985338750 117
4012176614 163
4020817277 132
4025582691 17
4028575057 62
4106514720 76
4120563849 107
4136759817 170
4162517235 165
4168711638 151
4173604952 167
4231238145 141
4269563040 171
4277558944 61
