1800764 68
87484882 90
125896844 103
132851176 48
158100332 148
197722022 138
212966424 130
268465553 65
277378561 85
346763723 106
347327944 82
391851701 26
409984302 8
435153685 108
442087175 121
456854657 31
465915581 84
480126874 17
482554758 93
521460429 45
582418999 122
600757238 71
646992379 175
677338192 72
680353138 118
723386437 113
755509855 143
833957915 29
882923786 166
934031291 67
976519997 9
984515489 115
1029684725 137
1039775941 140
1061459597 178
1061673189 54
1102138352 162
1119750476 136
1145535496 101
1163785346 174
1165500044 152
1171145260 3
1187002154 6
1199928407 52
1302911819 63
1324646409 0
1353077104 69
1399969279 34
1402099477 14
1404395783 117
1411244463 2
1423943361 120
1433784421 92
1462563128 27
1473496205 47
1481700130 21
1490182304 44
1497564029 37
1506500056 18
1540789971 155
1565581772 49
1583240062 98
1593335970 144
1703074003 61
1723374255 111
1755211868 88
1780965381 141
1817977319 10
1832923198 25
1836837436 77
1854296563 104
1880656059 135
1902819574 177
1957456795 149
1965817051 28
1966862849 74
1967912122 127
1987706045 80
1991912470 157
2023365118 1
2034853916 96
2040735391 53
2054922385 125
2070794468 79
2071342302 168
2088744826 13
2115991866 7
2137655290 5
2191007551 165
2245017434 116
2302936662 42
2321067875 43
2337471812 132
2352408356 38
2386566304 145
2420023489 158
2455595861 4
2493197103 126
2523580740 83
2533558194 147
2563637387 23
2564901090 22
2590626395 57
2612076060 176
2663355169 24
2675243293 58
2677761041 110
2680647675 78
2689742369 40
2714344193 46
2736746253 159
2739454820 128
2751470307 172
2752981434 134
2819042102 39
2820570352 123
2877103839 107
2878053286 105
2881898293 19
2931281920 139
2946051437 94
2947818890 35
2975899179 86
3052336121 124
3118895249 51
3134364972 89
3159294203 146
3197165266 150
3210776703 33
3224180642 16
3236016622 36
3252655057 153
3279979113 142
3305405241 64
3310504013 170
3311786556 70
3326957411 59
3332444146 154
3345103274 81
3346435016 99
3369397036 131
3415828832 151
3419165889 91
3421043283 87
3453834671 20
3475802041 119
3576346154 163
3611753873 62
3640665415 41
3644108658 109
3650994493 73
3682404586 112
3705166655 11
3794242346 55
3813827420 97
3825964894 179
3834047911 173
3846291404 102
3863463209 76
3880856117 75
3896729982 95
3897441493 12
3930536579 30
3934144507 32
3954570302 56
3978014586 156
3985338750 114
4012176614 161
4020817277 129
4025582691 15
4028575057 60
4106514720 66
4120563849 100
4136759817 169
4162517235 164
4168711638 160
4173604952 167
4231238145 133
4269563040 171
4277558944 50
