1800764 91
87484882 89
125896844 107
132851176 46
158100332 146
197722022 139
212966424 129
268465553 93
277378561 74
346763723 103
347327944 76
366165566 3
386235461 7
391851701 28
409984302 6
435153685 108
442087175 117
456854657 41
465915581 94
480126874 20
482554758 88
521460429 47
582418999 124
600757238 72
646992379 175
677338192 78
680353138 113
723386437 118
755509855 149
833957915 14
882923786 164
934031291 60
984515489 119
1029684725 137
1039775941 142
1061459597 178
1061673189 49
1102138352 158
1119750476 135
1145535496 102
1163785346 174
1165500044 148
1187002154 36
1199928407 39
1302911819 75
1315240339 8
1324646409 0
1353077104 69
1399969279 29
1402099477 12
1404395783 120
1423943361 116
1433784421 98
1462563128 33
1473496205 48
1481700130 34
1490182304 44
1497564029 40
1506500056 2
1540789971 155
1565581772 52
1583240062 101
1593335970 143
1703074003 81
1723374255 111
1755211868 82
1780965381 140
1832923198 11
1836837436 67
1854296563 104
1880656059 133
1902819574 177
1957456795 154
1965817051 17
1966862849 87
1967912122 134
1987706045 77
1991912470 150
2023365118 13
2034853916 96
2040735391 50
2054922385 125
2070794468 90
2071342302 166
2088744826 1
2115991866 21
2191007551 169
2245017434 112
2302936662 37
2321067875 38
2337471812 131
2352408356 31
2386566304 141
2420023489 157
2455595861 19
2493197103 123
2523580740 73
2533558194 145
2563637387 16
2564901090 4
2590626395 64
2612076060 176
2618357298 5
2623420502 26
2663355169 43
2675243293 45
2677761041 110
2680647675 85
2689742369 32
2714344193 55
2736746253 156
2739454820 126
2751470307 172
2752981434 136
2819042102 30
2820570352 127
2877103839 105
2878053286 106
2881898293 35
2931281920 138
2940397723 9
2946051437 86
2947818890 23
2975899179 79
3052336121 121
3118895249 61
3134364972 80
3159294203 153
3197165266 152
3210776703 22
3224180642 18
3236016622 24
3252655057 161
3279979113 144
3305405241 62
3310504013 170
3311786556 63
3326957411 66
3332444146 160
3345103274 70
3346435016 97
3369397036 130
3415828832 147
3419165889 83
3421043283 84
3439938365 15
3453834671 25
3475802041 114
3576346154 167
3611753873 58
3640665415 57
3644108658 109
3650994493 71
3682404586 122
3794242346 53
3813827420 95
3825964894 179
3834047911 173
3846291404 100
3863463209 68
3880856117 65
3896729982 92
3930536579 27
3934144507 54
3954570302 59
3978014586 151
3985338750 115
4012176614 159
4020817277 128
4025582691 10
4028575057 56
4106514720 51
4120563849 99
4136759817 168
4162517235 162
4168711638 163
4173604952 165
4231238145 132
4269563040 171
4277558944 42
