1800764 95
87484882 83
125896844 108
132851176 44
158100332 145
197722022 138
212966424 125
268465553 99
277378561 68
346763723 104
347327944 71
366165566 15
386235461 21
391851701 19
409984302 4
435153685 107
442087175 116
456854657 43
465915581 91
480126874 26
482554758 85
521460429 50
582418999 126
600757238 81
646992379 174
677338192 78
680353138 114
723386437 120
755509855 154
777434108 1
833957915 6
882923786 161
934031291 54
976519997 3
984515489 119
1029684725 135
1039775941 146
1061459597 178
1061673189 52
1102138352 152
1119750476 134
1145535496 101
1163785346 175
1165500044 148
1187002154 42
1199928407 35
1302911819 87
1315240339 16
1324646409 0
1353077104 80
1399969279 22
1402099477 14
1404395783 121
1423943361 115
1433784421 97
1462563128 36
1473496205 51
1481700130 37
1490182304 48
1497564029 41
1540789971 157
1565581772 53
1583240062 102
1593335970 142
1703074003 84
1723374255 113
1755211868 76
1780965381 139
1832923198 5
1836837436 65
1854296563 103
1880656059 132
1902819574 177
1957456795 158
1965817051 8
1966862849 100
1967912122 137
1987706045 74
1991912470 149
2023365118 28
2034853916 93
2040735391 47
2054922385 130
2070794468 90
2071342302 164
2115991866 31
2191007551 171
2245017434 111
2302936662 32
2321067875 33
2337471812 128
2352408356 20
2386566304 141
2420023489 156
2455595861 30
2493197103 122
2523580740 67
2533558194 144
2563637387 7
2564901090 2
2590626395 70
2612076060 176
2618357298 17
2623420502 34
2663355169 45
2675243293 40
2677761041 110
2680647675 86
2689742369 25
2714344193 55
2736746253 150
2739454820 123
2751470307 172
2752981434 140
2819042102 18
2820570352 133
2877103839 105
2878053286 106
2881898293 39
2931281920 136
2940397723 24
2946051437 82
2947818890 13
2975899179 77
3052336121 118
3118895249 66
3134364972 75
3159294203 159
3197165266 155
3210776703 11
3224180642 10
3236016622 12
3252655057 165
3279979113 143
3305405241 64
3310504013 168
3311786556 59
3326957411 69
3332444146 163
3345103274 72
3346435016 96
3369397036 127
3415828832 147
3419165889 79
3421043283 89
3439938365 29
3453834671 27
3475802041 112
3576346154 170
3611753873 56
3640665415 61
3644108658 109
3650994493 73
3682404586 129
3794242346 49
3813827420 92
3825964894 179
3834047911 173
3846291404 98
3863463209 62
3880856117 60
3896729982 88
3930536579 23
3934144507 63
3954570302 58
3978014586 151
3985338750 117
4012176614 153
4020817277 124
4025582691 9
4028575057 57
4106514720 46
4120563849 94
4136759817 167
4162517235 160
4168711638 166
4173604952 162
4231238145 131
4269563040 169
4277558944 38
