1800764 195
75700180 16
87484882 162
97068523 107
120625731 11
125896844 62
132851176 151
158100332 193
197722022 212
203833072 32
212966424 198
256620174 2
268465553 196
277378561 141
346763723 112
347327944 148
386235461 133
391851701 128
409984302 125
435153685 110
442087175 149
448554581 27
465915581 187
482554758 87
548834259 38
582418999 96
600757238 28
646992379 219
677338192 183
680353138 137
715741596 99
723386437 65
725606561 64
755509855 108
777434108 124
789663515 109
795357209 57
833957915 68
849924382 105
882923786 211
905458755 89
934031291 153
960241349 36
972543760 19
984515489 76
1029684725 204
1030179093 8
1039775941 132
1061673189 5
1102138352 209
1119750476 165
1145535496 174
1158381613 31
1163785346 214
1165500044 213
1171145260 86
1187002154 146
1199928407 80
1297835987 22
1303866932 51
1315240339 136
1324646409 0
1334840611 24
1353077104 15
1378626860 46
1379015881 13
1399969279 33
1404395783 71
1411244463 97
1423943361 180
1433784421 191
1435493433 6
1481700130 145
1506500056 43
1540789971 142
1565581772 163
1583240062 192
1593335970 164
1648888063 103
1687077153 53
1703074003 190
1723374255 69
1755211868 150
1780965381 167
1817977319 95
1831810901 10
1832923198 42
1836837436 82
1854296563 175
1878223483 55
1880656059 189
1902819574 223
1903318632 1
1957456795 122
1965817051 37
1966862849 4
1967912122 78
1979915395 67
1987706045 161
1991912470 205
2034853916 178
2040735391 156
2054922385 91
2070794468 188
2071342302 210
2088744826 93
2180276089 98
2191007551 130
2245017434 197
2282804109 20
2302936662 118
2321067875 121
2335376072 75
2337471812 185
2338681792 21
2352408356 106
2386566304 200
2420023489 154
2493197103 117
2523580740 143
2533558194 194
2563637387 114
2564901090 41
2590626395 182
2612076060 221
2623420502 138
2641823919 26
2663355169 159
2675243293 104
2677761041 59
2680647675 186
2689742369 66
2714344193 171
2727339584 45
2736746253 207
2739454820 166
2751470307 218
2752981434 113
2759781031 77
2819042102 74
2820570352 79
2877103839 115
2878053286 81
2881898293 147
2931281920 201
2939038785 61
2940397723 135
2946051437 140
2947745968 116
2947818890 54
2975899179 72
2976264608 123
2979186596 23
3044575483 25
3050531494 3
3052336121 202
3109774447 100
3118895249 177
3134364972 90
3159294203 111
3162794093 56
3197165266 127
3210776703 44
3224180642 129
3236016622 58
3252655057 119
3255384253 52
3279979113 152
3305405241 30
3310504013 220
3311786556 50
3326957411 181
3332444146 120
3345103274 73
3346435016 85
3369397036 169
3415828832 179
3419165889 131
3421043283 47
3439938365 134
3475802041 184
3485727340 7
3516413806 34
3576346154 126
3576952995 70
3611753873 35
3637528652 48
3640665415 176
3644108658 199
3650994493 173
3682404586 49
3705166655 88
3794242346 157
3813827420 101
3825964894 224
3834047911 222
3846291404 158
3863463209 144
3880856117 84
3885860355 12
3896729982 92
3897441493 102
3930536579 18
3934144507 170
3954570302 172
3978014586 160
3985338750 94
4012176614 215
4020817277 168
4028575057 29
4056565709 14
4074327253 60
4088869787 63
4106514720 83
4120563849 155
4123558703 39
4136759817 216
4162517235 217
4168711638 139
4173604952 208
4231238145 203
4238147281 17
4269563040 206
4277558944 40
4292913763 9
