1800764 95
87484882 84
125896844 108
132851176 43
158100332 145
197722022 137
212966424 125
268465553 97
277378561 70
346763723 104
347327944 71
366165566 18
386235461 17
391851701 15
409984302 3
435153685 107
442087175 116
456854657 44
465915581 89
480126874 26
482554758 87
521460429 51
582418999 126
600757238 81
646992379 174
677338192 76
680353138 114
723386437 120
755509855 154
833957915 6
882923786 161
934031291 54
976519997 4
984515489 119
1029684725 135
1039775941 146
1061459597 178
1061673189 53
1102138352 152
1119750476 134
1145535496 100
1163785346 175
1165500044 148
1187002154 40
1199928407 36
1302911819 90
1315240339 11
1324646409 0
1353077104 80
1399969279 23
1402099477 16
1404395783 121
1423943361 115
1433784421 96
1462563128 37
1473496205 52
1481700130 35
1490182304 49
1497564029 42
1506500056 1
1540789971 157
1565581772 50
1583240062 102
1593335970 142
1703074003 83
1723374255 113
1755211868 75
1780965381 139
1832923198 5
1836837436 65
1854296563 103
1880656059 132
1902819574 177
1957456795 159
1965817051 9
1966862849 101
1967912122 138
1987706045 73
1991912470 149
2023365118 29
2034853916 93
2040735391 46
2054922385 130
2070794468 86
2071342302 163
2115991866 33
2191007551 171
2245017434 110
2302936662 32
2321067875 34
2337471812 127
2352408356 22
2386566304 141
2420023489 155
2455595861 30
2493197103 122
2523580740 69
2533558194 144
2563637387 7
2564901090 2
2590626395 67
2612076060 176
2618357298 21
2623420502 31
2663355169 45
2675243293 41
2677761041 112
2680647675 85
2689742369 24
2714344193 55
2736746253 150
2739454820 123
2751470307 172
2752981434 140
2819042102 19
2820570352 133
2877103839 105
2878053286 106
2881898293 38
2931281920 136
2940397723 20
2946051437 82
2947818890 13
2975899179 78
3052336121 118
3118895249 63
3134364972 77
3159294203 160
3197165266 156
3210776703 14
3224180642 8
3236016622 12
3252655057 165
3279979113 143
3305405241 68
3310504013 168
3311786556 62
3326957411 66
3332444146 164
3345103274 74
3346435016 99
3369397036 128
3415828832 147
3419165889 79
3421043283 91
3439938365 27
3453834671 28
3475802041 111
3576346154 170
3611753873 57
3640665415 59
3644108658 109
3650994493 72
3682404586 129
3794242346 48
3813827420 92
3825964894 179
3834047911 173
3846291404 98
3863463209 61
3880856117 64
3896729982 88
3930536579 25
3934144507 60
3954570302 56
3978014586 151
3985338750 117
4012176614 153
4020817277 124
4025582691 10
4028575057 58
4106514720 47
4120563849 94
4136759817 167
4162517235 158
4168711638 166
4173604952 162
4231238145 131
4269563040 169
4277558944 39
