1800764 68
87484882 108
125896844 79
132851176 62
158100332 160
197722022 157
212966424 147
268465553 63
277378561 99
346763723 105
347327944 98
391851701 50
409984302 30
435153685 111
442087175 127
465915581 95
482554758 84
521460429 10
582418999 116
600757238 46
646992379 176
677338192 83
680353138 124
723386437 90
725606561 1
755509855 125
795357209 9
833957915 45
882923786 167
934031291 81
984515489 101
1029684725 155
1039775941 133
1061673189 20
1102138352 164
1119750476 144
1145535496 119
1163785346 175
1165500044 161
1171145260 26
1187002154 6
1199928407 57
1302911819 17
1315240339 5
1324646409 0
1353077104 34
1399969279 29
1404395783 100
1411244463 24
1423943361 134
1433784421 109
1473496205 11
1481700130 32
1490182304 15
1506500056 27
1540789971 142
1565581772 59
1583240062 115
1593335970 150
1703074003 71
1723374255 92
1755211868 103
1780965381 149
1817977319 35
1832923198 33
1836837436 75
1854296563 120
1880656059 148
1902819574 178
1957456795 129
1965817051 31
1966862849 25
1967912122 106
1979915395 13
1987706045 96
1991912470 162
2034853916 113
2040735391 67
2054922385 114
2070794468 91
2071342302 169
2088744826 40
2137655290 7
2180276089 16
2191007551 139
2245017434 131
2302936662 61
2321067875 64
2335376072 12
2337471812 145
2338681792 4
2352408356 55
2386566304 159
2420023489 152
2493197103 121
2523580740 97
2533558194 158
2563637387 49
2564901090 28
2590626395 60
2612076060 177
2663355169 22
2675243293 73
2677761041 80
2680647675 89
2689742369 52
2714344193 56
2736746253 163
2739454820 138
2751470307 173
2752981434 123
2759781031 21
2819042102 53
2820570352 104
2877103839 110
2878053286 88
2881898293 23
2931281920 156
2946051437 107
2947745968 8
2947818890 42
2975899179 78
2979186596 2
3052336121 137
3118895249 54
3134364972 82
3159294203 126
3197165266 135
3210776703 39
3224180642 38
3236016622 44
3252655057 128
3279979113 146
3305405241 43
3310504013 172
3311786556 58
3326957411 70
3332444146 130
3345103274 74
3346435016 86
3369397036 141
3415828832 154
3419165889 102
3421043283 65
3475802041 132
3576346154 136
3611753873 51
3637528652 14
3640665415 48
3644108658 122
3650994493 85
3682404586 77
3705166655 36
3794242346 69
3813827420 93
3825964894 179
3834047911 174
3846291404 118
3863463209 94
3880856117 76
3896729982 87
3897441493 37
3930536579 18
3934144507 19
3954570302 66
3978014586 153
3985338750 112
4012176614 165
4020817277 140
4025582691 3
4028575057 41
4106514720 72
4120563849 117
4136759817 171
4162517235 166
4168711638 143
4173604952 168
4231238145 151
4269563040 170
4277558944 47
