1800764 21
87484882 81
125896844 105
132851176 28
158100332 150
197722022 129
212966424 126
268465553 15
277378561 84
346763723 106
347327944 71
366165566 12
391851701 13
435153685 110
442087175 122
456854657 43
465915581 61
480126874 36
482554758 101
521460429 62
582418999 124
600757238 87
646992379 174
677338192 53
680353138 121
723386437 116
755509855 144
833957915 41
882923786 164
934031291 59
972543760 3
976519997 32
984515489 119
1029684725 134
1039775941 143
1061459597 178
1061673189 67
1102138352 159
1119750476 139
1145535496 91
1163785346 175
1165500044 140
1171145260 7
1199928407 63
1302911819 73
1324646409 0
1353077104 79
1399969279 55
1402099477 35
1404395783 120
1423943361 117
1433784421 70
1462563128 44
1473496205 65
1490182304 64
1497564029 54
1506500056 34
1540789971 160
1565581772 19
1567831198 2
1583240062 76
1593335970 146
1703074003 27
1723374255 112
1755211868 77
1780965381 142
1817977319 9
1832923198 42
1836837436 89
1854296563 96
1880656059 136
1902819574 177
1957456795 152
1965817051 47
1966862849 85
1967912122 130
1987706045 69
1991912470 151
2023365118 16
2034853916 83
2040735391 30
2054922385 125
2070794468 60
2071342302 167
2088744826 20
2115991866 25
2137655290 31
2191007551 168
2245017434 109
2273076216 24
2302936662 46
2321067875 45
2337471812 133
2338681792 11
2352408356 39
2386566304 141
2420023489 162
2455595861 23
2493197103 128
2523580740 82
2533558194 147
2563637387 22
2564901090 38
2590626395 17
2612076060 176
2618357298 18
2654090424 4
2675243293 68
2677761041 111
2680647675 58
2689742369 56
2714344193 8
2736746253 155
2739454820 131
2751470307 173
2752981434 137
2819042102 48
2820570352 123
2877103839 107
2878053286 108
2931281920 138
2946051437 93
2947818890 51
2975899179 94
2979186596 1
3052336121 113
3118895249 5
3134364972 95
3159294203 148
3197165266 154
3210776703 52
3236016622 49
3252655057 157
3279979113 145
3305405241 80
3310504013 169
3311786556 86
3326957411 29
3332444146 158
3345103274 90
3346435016 104
3369397036 135
3415828832 153
3419165889 92
3421043283 97
3453834671 40
3475802041 114
3576346154 165
3611753873 78
3637528652 6
3644108658 99
3650994493 57
3682404586 115
3705166655 14
3794242346 33
3813827420 103
3825964894 179
3834047911 172
3846291404 100
3863463209 72
3880856117 88
3896729982 102
3897441493 10
3930536579 50
3954570302 26
3978014586 161
3985338750 118
4012176614 149
4020817277 132
4025582691 37
4028575057 74
4106514720 75
4120563849 98
4136759817 170
4162517235 156
4168711638 163
4173604952 166
4231238145 127
4269563040 171
4277558944 66
