1800764 115
87484882 114
97068523 17
125896844 51
132851176 84
158100332 155
197722022 160
212966424 152
268465553 112
277378561 94
346763723 82
347327944 102
386235461 39
391851701 60
409984302 48
435153685 85
442087175 131
465915581 123
482554758 65
582418999 83
600757238 13
646992379 175
677338192 111
680353138 113
723386437 62
725606561 4
755509855 105
777434108 32
789663515 14
795357209 5
833957915 28
849924382 19
882923786 166
934031291 97
984515489 74
1029684725 159
1039775941 124
1102138352 163
1119750476 143
1145535496 127
1163785346 174
1165500044 164
1171145260 26
1187002154 59
1199928407 45
1315240339 46
1324646409 0
1353077104 1
1399969279 2
1404395783 73
1411244463 34
1423943361 136
1433784421 130
1481700130 70
1506500056 9
1540789971 135
1565581772 90
1583240062 133
1593335970 146
1648888063 11
1703074003 110
1723374255 66
1755211868 106
1780965381 145
1817977319 38
1832923198 10
1836837436 56
1854296563 129
1880656059 150
1902819574 178
1957456795 119
1965817051 6
1967912122 78
1979915395 15
1987706045 107
1991912470 161
2034853916 126
2040735391 88
2054922385 81
2070794468 122
2071342302 167
2088744826 42
2180276089 27
2191007551 132
2245017434 148
2302936662 64
2321067875 69
2335376072 18
2337471812 149
2352408356 53
2386566304 157
2420023489 144
2493197103 101
2523580740 96
2533558194 154
2563637387 49
2564901090 7
2590626395 100
2612076060 177
2623420502 44
2663355169 76
2675243293 61
2677761041 52
2680647675 121
2689742369 29
2714344193 92
2736746253 162
2739454820 137
2751470307 172
2752981434 104
2759781031 24
2819042102 40
2820570352 77
2877103839 86
2878053286 67
2881898293 71
2931281920 158
2940397723 41
2946051437 99
2947745968 36
2947818890 23
2975899179 55
2976264608 35
3052336121 153
3109774447 22
3118895249 93
3134364972 63
3159294203 108
3197165266 125
3210776703 16
3224180642 57
3236016622 25
3252655057 117
3279979113 139
3305405241 12
3310504013 173
3311786556 30
3326957411 103
3332444146 120
3345103274 54
3346435016 68
3369397036 142
3415828832 151
3419165889 89
3421043283 37
3439938365 33
3475802041 138
3576346154 128
3611753873 21
3637528652 3
3640665415 87
3644108658 140
3650994493 109
3682404586 47
3705166655 31
3794242346 91
3813827420 75
3825964894 179
3834047911 176
3846291404 118
3863463209 95
3880856117 58
3896729982 72
3897441493 43
3934144507 79
3954570302 98
3978014586 147
3985338750 80
4012176614 169
4020817277 141
4028575057 8
4106514720 50
4120563849 116
4136759817 171
4162517235 170
4168711638 134
4173604952 165
4231238145 156
4269563040 168
4277558944 20
