1800764 71
87484882 100
125896844 82
132851176 60
158100332 159
197722022 153
212966424 140
268465553 70
277378561 91
346763723 102
347327944 90
391851701 42
409984302 23
435153685 107
442087175 123
465915581 94
482554758 81
521460429 17
582418999 119
600757238 53
646992379 175
677338192 79
680353138 121
723386437 104
755509855 128
833957915 39
882923786 166
934031291 77
984515489 111
1029684725 151
1039775941 133
1061459597 178
1061673189 31
1102138352 163
1119750476 141
1145535496 113
1163785346 174
1165500044 160
1171145260 15
1187002154 12
1199928407 54
1302911819 37
1315240339 8
1324646409 0
1353077104 43
1399969279 28
1402099477 1
1404395783 110
1411244463 16
1423943361 127
1433784421 103
1462563128 5
1473496205 20
1481700130 34
1490182304 19
1497564029 10
1506500056 18
1540789971 147
1565581772 59
1583240062 108
1593335970 148
1703074003 72
1723374255 101
1755211868 96
1780965381 145
1817977319 24
1832923198 25
1836837436 73
1854296563 115
1880656059 142
1902819574 177
1957456795 135
1965817051 26
1966862849 47
1967912122 117
1979915395 6
1987706045 89
1991912470 161
2034853916 106
2040735391 62
2054922385 118
2070794468 87
2071342302 168
2088744826 30
2137655290 2
2180276089 11
2191007551 150
2245017434 125
2302936662 56
2321067875 57
2335376072 7
2337471812 139
2352408356 49
2386566304 157
2420023489 155
2493197103 122
2523580740 88
2533558194 158
2563637387 41
2564901090 21
2590626395 63
2612076060 176
2663355169 32
2675243293 64
2677761041 93
2680647675 85
2689742369 44
2714344193 55
2736746253 162
2739454820 131
2751470307 172
2752981434 124
2759781031 13
2819042102 46
2820570352 116
2877103839 105
2878053286 95
2881898293 29
2931281920 152
2946051437 99
2947745968 3
2947818890 38
2975899179 76
3052336121 130
3118895249 58
3134364972 78
3159294203 129
3197165266 138
3210776703 35
3224180642 33
3236016622 40
3252655057 136
3279979113 144
3305405241 50
3310504013 171
3311786556 61
3326957411 69
3332444146 137
3345103274 75
3346435016 86
3369397036 134
3415828832 156
3419165889 97
3421043283 68
3475802041 126
3576346154 146
3611753873 52
3637528652 9
3640665415 51
3644108658 120
3650994493 80
3682404586 98
3705166655 22
3794242346 67
3813827420 92
3825964894 179
3834047911 173
3846291404 112
3863463209 83
3880856117 74
3896729982 84
3897441493 27
3930536579 14
3934144507 36
3954570302 65
3978014586 154
3985338750 114
4012176614 164
4020817277 132
4025582691 4
4028575057 48
4106514720 66
4120563849 109
4136759817 170
4162517235 165
4168711638 149
4173604952 167
4231238145 143
4269563040 169
4277558944 45
