1800764 148
87484882 119
97068523 61
125896844 18
132851176 103
158100332 150
197722022 164
212966424 154
268465553 149
277378561 97
346763723 69
347327944 105
386235461 83
391851701 86
409984302 80
435153685 67
442087175 108
465915581 143
482554758 45
582418999 52
646992379 174
677338192 135
680353138 93
715741596 42
723386437 19
725606561 20
755509855 63
777434108 74
789663515 59
795357209 14
833957915 23
849924382 58
882923786 167
905458755 35
934031291 107
984515489 28
1029684725 159
1039775941 91
1102138352 165
1119750476 124
1145535496 133
1163785346 169
1165500044 168
1171145260 40
1187002154 98
1199928407 37
1303866932 9
1315240339 89
1324646409 0
1404395783 26
1411244463 56
1423943361 137
1433784421 145
1481700130 100
1506500056 2
1540789971 96
1565581772 117
1583240062 146
1593335970 123
1648888063 48
1703074003 140
1723374255 25
1755211868 106
1780965381 125
1817977319 50
1836837436 38
1854296563 134
1878223483 7
1880656059 147
1902819574 178
1957456795 78
1967912122 27
1979915395 21
1987706045 116
1991912470 160
2034853916 136
2040735391 109
2054922385 46
2070794468 142
2071342302 166
2088744826 51
2180276089 55
2191007551 88
2245017434 153
2302936662 77
2321067875 79
2335376072 29
2337471812 144
2352408356 64
2386566304 155
2420023489 112
2493197103 75
2523580740 99
2533558194 151
2563637387 70
2590626395 132
2612076060 176
2623420502 90
2663355169 104
2675243293 62
2677761041 15
2680647675 141
2689742369 22
2714344193 120
2727339584 1
2736746253 162
2739454820 126
2751470307 173
2752981434 68
2759781031 34
2819042102 33
2820570352 31
2877103839 71
2878053286 36
2881898293 102
2931281920 156
2939038785 13
2940397723 84
2946051437 95
2947745968 66
2947818890 12
2975899179 30
2976264608 72
3052336121 157
3109774447 49
3118895249 127
3134364972 47
3159294203 65
3162794093 4
3197165266 85
3210776703 5
3224180642 87
3236016622 17
3252655057 73
3279979113 111
3310504013 175
3311786556 10
3326957411 131
3332444146 76
3345103274 32
3346435016 43
3369397036 130
3415828832 138
3419165889 92
3421043283 6
3439938365 82
3475802041 139
3576346154 81
3576952995 24
3637528652 8
3640665415 121
3644108658 152
3650994493 129
3682404586 3
3705166655 44
3794242346 110
3813827420 60
3825964894 179
3834047911 177
3846291404 115
3863463209 101
3880856117 41
3896729982 54
3897441493 57
3934144507 114
3954570302 122
3978014586 118
3985338750 53
4012176614 170
4020817277 128
4074327253 16
4088869787 11
4106514720 39
4120563849 113
4136759817 171
4162517235 172
4168711638 94
4173604952 163
4231238145 158
4269563040 161
