1800764 95
87484882 121
97068523 4
125896844 55
132851176 84
158100332 154
197722022 160
212966424 153
268465553 92
277378561 104
346763723 93
347327944 111
386235461 8
391851701 60
409984302 48
435153685 96
442087175 135
465915581 120
482554758 78
582418999 88
600757238 11
646992379 175
677338192 108
680353138 124
723386437 58
725606561 7
755509855 99
777434108 17
795357209 15
833957915 41
849924382 6
882923786 166
934031291 100
984515489 69
1029684725 159
1039775941 126
1102138352 164
1119750476 144
1145535496 130
1163785346 174
1165500044 163
1171145260 36
1187002154 32
1199928407 53
1303866932 5
1315240339 29
1324646409 0
1353077104 1
1399969279 12
1404395783 67
1411244463 37
1423943361 139
1433784421 129
1481700130 56
1506500056 23
1540789971 134
1565581772 85
1583240062 131
1593335970 147
1703074003 97
1723374255 65
1755211868 114
1780965381 148
1817977319 43
1832923198 24
1836837436 64
1854296563 132
1880656059 151
1902819574 178
1957456795 117
1965817051 19
1967912122 68
1979915395 22
1987706045 113
1991912470 161
2034853916 128
2040735391 87
2054922385 83
2070794468 118
2071342302 167
2088744826 46
2180276089 33
2191007551 123
2245017434 146
2302936662 73
2321067875 76
2335376072 25
2337471812 149
2352408356 59
2386566304 157
2420023489 143
2493197103 109
2523580740 105
2533558194 155
2563637387 57
2564901090 21
2590626395 89
2612076060 177
2623420502 9
2663355169 51
2675243293 71
2677761041 50
2680647675 116
2689742369 44
2714344193 80
2736746253 162
2739454820 140
2751470307 173
2752981434 106
2759781031 31
2819042102 47
2820570352 74
2877103839 98
2878053286 70
2881898293 52
2931281920 158
2940397723 10
2946051437 110
2947745968 30
2947818890 34
2975899179 63
2976264608 20
3052336121 150
3109774447 18
3118895249 81
3134364972 75
3159294203 101
3197165266 122
3210776703 27
3224180642 54
3236016622 35
3252655057 112
3279979113 137
3305405241 14
3310504013 172
3311786556 40
3326957411 94
3332444146 115
3345103274 62
3346435016 77
3369397036 142
3415828832 152
3419165889 102
3421043283 39
3439938365 3
3475802041 138
3576346154 119
3611753873 26
3637528652 16
3640665415 72
3644108658 136
3650994493 107
3682404586 38
3705166655 42
3794242346 91
3813827420 82
3825964894 179
3834047911 176
3846291404 127
3863463209 103
3880856117 66
3896729982 79
3897441493 45
3930536579 2
3934144507 49
3954570302 90
3978014586 145
3985338750 86
4012176614 169
4020817277 141
4028575057 13
4106514720 61
4120563849 125
4136759817 171
4162517235 170
4168711638 133
4173604952 165
4231238145 156
4269563040 168
4277558944 28
