87484882 70
125896844 111
132851176 8
143419484 22
158100332 149
197722022 114
212966424 118
277378561 74
346763723 107
347327944 65
366165566 31
435153685 112
442087175 119
456854657 63
465915581 33
480126874 53
482554758 101
521460429 75
582418999 132
600757238 95
646992379 174
677338192 26
680353138 120
723386437 124
755509855 154
833957915 41
882923786 155
934031291 37
972543760 20
976519997 45
984515489 125
1029684725 121
1039775941 152
1061459597 176
1061673189 78
1102138352 148
1119750476 139
1145535496 79
1163785346 177
1165500044 135
1171145260 5
1199928407 64
1302911819 89
1324646409 0
1353077104 93
1399969279 60
1402099477 50
1404395783 127
1423943361 113
1433784421 48
1462563128 61
1473496205 77
1490182304 76
1497564029 68
1506500056 39
1540789971 163
1567831198 25
1583240062 62
1593335970 150
1721069724 18
1723374255 117
1755211868 71
1780965381 145
1817977319 7
1832923198 47
1836837436 94
1854296563 82
1880656059 130
1902819574 178
1957456795 160
1965817051 54
1966862849 97
1967912122 138
1987706045 58
1991912470 143
2023365118 34
2034853916 69
2040735391 9
2054922385 137
2070794468 28
2071342302 159
2088744826 15
2115991866 43
2137655290 42
2191007551 172
2245017434 103
2273076216 32
2302936662 38
2321067875 35
2335932329 4
2337471812 126
2338681792 23
2352408356 29
2386566304 141
2420023489 167
2455595861 40
2493197103 133
2523580740 72
2533558194 147
2563637387 12
2564901090 44
2612076060 175
2616533013 10
2618357298 36
2654090424 24
2675243293 66
2677761041 115
2680647675 27
2689742369 56
2736746253 146
2739454820 128
2751470307 171
2752981434 144
2759781031 2
2819042102 46
2820570352 136
2877103839 108
2878053286 110
2931281920 134
2946051437 85
2947818890 52
2975899179 99
2979186596 17
3052336121 106
3134364972 98
3159294203 157
3197165266 161
3210776703 55
3236016622 51
3252655057 165
3279979113 151
3305405241 90
3310504013 156
3311786556 92
3326957411 3
3332444146 166
3345103274 96
3346435016 105
3369397036 131
3415828832 153
3419165889 88
3421043283 100
3453834671 57
3475802041 109
3570828790 11
3576346154 170
3611753873 87
3637528652 13
3644108658 81
3650994493 30
3682404586 122
3705166655 14
3794242346 16
3813827420 104
3825964894 179
3834047911 169
3846291404 86
3863463209 67
3880856117 91
3896729982 102
3897441493 6
3930536579 59
3954570302 1
3978014586 162
3985338750 123
4012176614 140
4020817277 129
4025582691 49
4028575057 84
4071585141 21
4084769632 19
4106514720 80
4120563849 83
4136759817 164
4162517235 142
4168711638 168
4173604952 158
4231238145 116
4269563040 173
4277558944 73
