1800764 17
87484882 78
125896844 106
132851176 29
158100332 150
197722022 128
212966424 125
268465553 12
277378561 84
346763723 105
347327944 71
366165566 15
391851701 11
435153685 110
442087175 122
456854657 43
465915581 61
480126874 36
482554758 101
521460429 63
582418999 124
600757238 87
646992379 174
677338192 48
680353138 121
723386437 117
755509855 144
833957915 41
882923786 164
934031291 60
972543760 6
976519997 33
984515489 119
1029684725 134
1039775941 143
1061459597 178
1061673189 68
1102138352 157
1119750476 138
1145535496 90
1163785346 175
1165500044 140
1171145260 5
1199928407 62
1302911819 73
1324646409 0
1353077104 82
1399969279 55
1402099477 35
1404395783 120
1423943361 116
1433784421 70
1462563128 46
1473496205 65
1490182304 64
1497564029 54
1506500056 34
1540789971 160
1565581772 18
1567831198 3
1583240062 74
1593335970 145
1703074003 24
1723374255 113
1755211868 77
1780965381 142
1817977319 9
1832923198 42
1836837436 89
1854296563 94
1880656059 136
1902819574 177
1957456795 154
1965817051 47
1966862849 85
1967912122 130
1987706045 69
1991912470 151
2023365118 19
2034853916 81
2040735391 30
2054922385 127
2070794468 58
2071342302 167
2088744826 20
2115991866 27
2137655290 31
2191007551 169
2245017434 109
2273076216 26
2302936662 45
2321067875 44
2337471812 133
2338681792 13
2352408356 37
2386566304 141
2420023489 162
2455595861 23
2493197103 129
2523580740 80
2533558194 147
2563637387 21
2564901090 39
2590626395 14
2612076060 176
2618357298 22
2654090424 8
2675243293 67
2677761041 111
2680647675 56
2689742369 59
2714344193 4
2736746253 152
2739454820 131
2751470307 173
2752981434 139
2819042102 49
2820570352 123
2877103839 107
2878053286 108
2931281920 137
2946051437 93
2947818890 51
2975899179 95
2979186596 2
3052336121 112
3118895249 1
3134364972 96
3159294203 149
3197165266 156
3210776703 52
3236016622 50
3252655057 158
3279979113 146
3305405241 83
3310504013 168
3311786556 86
3326957411 28
3332444146 159
3345103274 91
3346435016 104
3369397036 135
3415828832 153
3419165889 92
3421043283 99
3453834671 40
3475802041 114
3576346154 166
3611753873 79
3637528652 7
3644108658 98
3650994493 57
3682404586 115
3705166655 16
3794242346 32
3813827420 103
3825964894 179
3834047911 172
3846291404 100
3863463209 72
3880856117 88
3896729982 102
3897441493 10
3930536579 53
3954570302 25
3978014586 161
3985338750 118
4012176614 148
4020817277 132
4025582691 38
4028575057 75
4106514720 76
4120563849 97
4136759817 170
4162517235 155
4168711638 163
4173604952 165
4231238145 126
4269563040 171
4277558944 66
