1800764 110
87484882 108
97068523 6
125896844 65
132851176 74
158100332 156
197722022 160
212966424 150
268465553 109
277378561 88
346763723 85
347327944 97
386235461 39
391851701 51
409984302 44
435153685 94
442087175 125
465915581 115
482554758 66
582418999 107
600757238 34
646992379 176
677338192 106
680353138 119
723386437 80
755509855 124
777434108 28
789663515 3
833957915 30
849924382 5
882923786 166
934031291 83
984515489 91
1029684725 159
1039775941 128
1061673189 8
1102138352 164
1119750476 139
1145535496 118
1163785346 174
1165500044 163
1171145260 18
1187002154 53
1199928407 46
1302911819 14
1315240339 43
1324646409 0
1353077104 20
1399969279 7
1404395783 90
1411244463 26
1423943361 131
1433784421 120
1473496205 1
1481700130 57
1506500056 11
1540789971 141
1565581772 77
1583240062 122
1593335970 148
1703074003 105
1723374255 76
1755211868 100
1780965381 145
1817977319 32
1832923198 13
1836837436 59
1854296563 121
1880656059 149
1902819574 178
1957456795 130
1965817051 12
1966862849 21
1967912122 103
1979915395 2
1987706045 101
1991912470 161
2034853916 117
2040735391 75
2054922385 104
2070794468 113
2071342302 167
2088744826 35
2180276089 17
2191007551 147
2245017434 137
2302936662 54
2321067875 56
2335376072 4
2337471812 143
2352408356 48
2386566304 158
2420023489 152
2493197103 116
2523580740 89
2533558194 155
2563637387 47
2564901090 9
2590626395 93
2612076060 177
2623420502 42
2663355169 64
2675243293 55
2677761041 67
2680647675 112
2689742369 38
2714344193 81
2736746253 162
2739454820 135
2751470307 173
2752981434 123
2759781031 15
2819042102 41
2820570352 99
2877103839 92
2878053286 71
2881898293 60
2931281920 157
2940397723 40
2946051437 95
2947745968 23
2947818890 19
2975899179 62
2976264608 29
3052336121 146
3109774447 10
3118895249 82
3134364972 63
3159294203 126
3197165266 134
3210776703 16
3224180642 49
3236016622 22
3252655057 132
3279979113 142
3305405241 31
3310504013 172
3311786556 45
3326957411 96
3332444146 133
3345103274 58
3346435016 68
3369397036 138
3415828832 153
3419165889 84
3421043283 50
3439938365 36
3475802041 129
3576346154 140
3611753873 37
3640665415 78
3644108658 127
3650994493 102
3682404586 72
3705166655 27
3794242346 79
3813827420 73
3825964894 179
3834047911 175
3846291404 114
3863463209 87
3880856117 61
3896729982 69
3897441493 33
3934144507 70
3954570302 86
3978014586 151
3985338750 98
4012176614 168
4020817277 136
4028575057 25
4106514720 52
4120563849 111
4136759817 171
4162517235 169
4168711638 144
4173604952 165
4231238145 154
4269563040 170
4277558944 24
