1800764 123
87484882 104
97068523 29
125896844 60
132851176 77
158100332 156
197722022 160
212966424 148
268465553 124
277378561 79
346763723 73
347327944 91
386235461 54
391851701 52
409984302 45
435153685 78
442087175 121
465915581 119
482554758 61
582418999 97
600757238 31
646992379 175
677338192 110
680353138 111
715741596 13
723386437 75
755509855 125
777434108 42
789663515 33
833957915 19
849924382 22
882923786 166
905458755 7
934031291 88
984515489 83
1029684725 159
1039775941 127
1061673189 5
1102138352 163
1119750476 139
1145535496 113
1163785346 174
1165500044 164
1171145260 17
1187002154 70
1199928407 37
1302911819 11
1315240339 56
1324646409 0
1353077104 18
1404395783 84
1411244463 26
1423943361 128
1433784421 120
1481700130 68
1506500056 2
1540789971 142
1565581772 90
1583240062 122
1593335970 144
1648888063 16
1703074003 114
1723374255 71
1755211868 93
1780965381 143
1817977319 30
1832923198 4
1836837436 48
1854296563 116
1880656059 145
1902819574 178
1957456795 132
1965817051 3
1966862849 28
1967912122 100
1979915395 1
1987706045 98
1991912470 161
2034853916 112
2040735391 85
2054922385 95
2070794468 118
2071342302 167
2088744826 34
2180276089 21
2191007551 152
2245017434 138
2302936662 53
2321067875 57
2335376072 6
2337471812 141
2352408356 41
2386566304 158
2420023489 151
2493197103 109
2523580740 80
2533558194 155
2563637387 40
2590626395 107
2612076060 177
2623420502 62
2663355169 82
2675243293 46
2677761041 67
2680647675 115
2689742369 25
2714344193 96
2736746253 162
2739454820 131
2751470307 173
2752981434 117
2759781031 9
2819042102 32
2820570352 92
2877103839 76
2878053286 65
2881898293 69
2931281920 157
2940397723 55
2946051437 86
2947745968 36
2947818890 10
2975899179 51
2976264608 39
3052336121 149
3109774447 14
3118895249 102
3134364972 59
3159294203 126
3197165266 134
3210776703 8
3224180642 50
3236016622 12
3252655057 136
3279979113 140
3305405241 23
3310504013 172
3311786556 38
3326957411 106
3332444146 137
3345103274 47
3346435016 64
3369397036 135
3415828832 153
3419165889 74
3421043283 43
3439938365 58
3475802041 129
3576346154 147
3611753873 27
3640665415 101
3644108658 130
3650994493 103
3682404586 72
3705166655 24
3794242346 87
3813827420 66
3825964894 179
3834047911 176
3846291404 108
3863463209 81
3880856117 49
3896729982 63
3897441493 35
3934144507 94
3954570302 99
3978014586 150
3985338750 89
4012176614 168
4020817277 133
4028575057 20
4106514720 44
4120563849 105
4136759817 171
4162517235 170
4168711638 146
4173604952 165
4231238145 154
4269563040 169
4277558944 15
