1800764 74
87484882 93
125896844 101
132851176 50
158100332 150
197722022 139
212966424 130
268465553 73
277378561 85
346763723 105
347327944 81
391851701 31
409984302 14
435153685 108
442087175 120
456854657 27
465915581 89
480126874 13
482554758 90
521460429 42
582418999 121
600757238 67
646992379 175
677338192 77
680353138 117
723386437 112
755509855 143
833957915 26
882923786 166
934031291 68
976519997 7
984515489 115
1029684725 137
1039775941 138
1061459597 178
1061673189 48
1102138352 161
1119750476 136
1145535496 104
1163785346 174
1165500044 156
1171145260 4
1187002154 19
1199928407 47
1302911819 61
1315240339 3
1324646409 0
1353077104 64
1399969279 28
1402099477 10
1404395783 116
1411244463 5
1423943361 122
1433784421 97
1462563128 22
1473496205 43
1481700130 29
1490182304 41
1497564029 35
1506500056 15
1540789971 154
1565581772 52
1583240062 99
1593335970 144
1703074003 70
1723374255 110
1755211868 88
1780965381 140
1817977319 8
1832923198 21
1836837436 72
1854296563 107
1880656059 135
1902819574 177
1957456795 148
1965817051 23
1966862849 69
1967912122 127
1987706045 83
1991912470 158
2034853916 98
2040735391 53
2054922385 124
2070794468 87
2071342302 168
2088744826 17
2115991866 6
2137655290 1
2191007551 164
2245017434 118
2302936662 45
2321067875 46
2337471812 132
2352408356 38
2386566304 145
2420023489 157
2493197103 125
2523580740 82
2533558194 147
2563637387 25
2564901090 18
2590626395 62
2612076060 176
2623420502 2
2663355169 37
2675243293 54
2677761041 109
2680647675 86
2689742369 39
2714344193 51
2736746253 160
2739454820 128
2751470307 172
2752981434 133
2819042102 36
2820570352 123
2877103839 106
2878053286 102
2881898293 32
2931281920 141
2946051437 94
2947818890 33
2975899179 79
3052336121 126
3118895249 55
3134364972 84
3159294203 146
3197165266 149
3210776703 30
3224180642 20
3236016622 34
3252655057 152
3279979113 142
3305405241 60
3310504013 170
3311786556 66
3326957411 65
3332444146 153
3345103274 76
3346435016 96
3369397036 131
3415828832 151
3419165889 91
3421043283 80
3453834671 16
3475802041 119
3576346154 163
3611753873 58
3640665415 49
3644108658 111
3650994493 75
3682404586 113
3705166655 9
3794242346 57
3813827420 95
3825964894 179
3834047911 173
3846291404 103
3863463209 78
3880856117 71
3896729982 92
3897441493 12
3930536579 24
3934144507 40
3954570302 59
3978014586 155
3985338750 114
4012176614 162
4020817277 129
4025582691 11
4028575057 56
4106514720 63
4120563849 100
4136759817 169
4162517235 165
4168711638 159
4173604952 167
4231238145 134
4269563040 171
4277558944 44
