1800764 150
87484882 116
97068523 62
125896844 21
132851176 104
158100332 148
197722022 164
212966424 154
268465553 151
277378561 95
346763723 66
347327944 103
386235461 84
391851701 78
409984302 77
435153685 67
442087175 107
465915581 142
482554758 44
582418999 58
646992379 174
677338192 136
680353138 93
715741596 51
723386437 24
725606561 17
755509855 69
777434108 76
789663515 63
795357209 11
833957915 22
849924382 60
882923786 167
905458755 40
934031291 106
984515489 37
1029684725 159
1039775941 90
1102138352 165
1119750476 124
1145535496 129
1163785346 170
1165500044 168
1171145260 35
1187002154 101
1199928407 31
1303866932 3
1315240339 87
1324646409 0
1404395783 34
1411244463 48
1423943361 137
1433784421 145
1481700130 99
1540789971 100
1565581772 117
1583240062 146
1593335970 120
1648888063 55
1687077153 5
1703074003 144
1723374255 30
1755211868 105
1780965381 128
1817977319 47
1836837436 32
1854296563 131
1878223483 6
1880656059 147
1902819574 178
1957456795 82
1967912122 42
1979915395 18
1987706045 114
1991912470 160
2034853916 133
2040735391 109
2054922385 54
2070794468 143
2071342302 166
2088744826 46
2180276089 49
2191007551 92
2245017434 153
2302936662 70
2321067875 73
2335376072 25
2337471812 140
2352408356 61
2386566304 155
2420023489 115
2493197103 75
2523580740 96
2533558194 149
2563637387 64
2590626395 135
2612076060 176
2623420502 91
2663355169 111
2675243293 59
2677761041 19
2680647675 141
2689742369 20
2714344193 121
2736746253 162
2739454820 122
2751470307 173
2752981434 71
2759781031 27
2819042102 26
2820570352 41
2877103839 68
2878053286 36
2881898293 102
2931281920 156
2939038785 14
2940397723 85
2946051437 94
2947745968 65
2947818890 10
2975899179 29
2976264608 74
3052336121 157
3109774447 50
3118895249 132
3134364972 45
3159294203 72
3162794093 7
3197165266 88
3210776703 1
3224180642 80
3236016622 13
3252655057 79
3255384253 4
3279979113 112
3310504013 175
3311786556 9
3326957411 134
3332444146 81
3345103274 28
3346435016 43
3369397036 126
3415828832 138
3419165889 83
3421043283 8
3439938365 86
3475802041 139
3576346154 89
3576952995 23
3637528652 2
3640665415 130
3644108658 152
3650994493 127
3682404586 15
3705166655 39
3794242346 110
3813827420 57
3825964894 179
3834047911 177
3846291404 113
3863463209 97
3880856117 38
3896729982 52
3897441493 53
3934144507 119
3954570302 123
3978014586 118
3985338750 56
4012176614 169
4020817277 125
4074327253 12
4088869787 16
4106514720 33
4120563849 108
4136759817 171
4162517235 172
4168711638 98
4173604952 163
4231238145 158
4269563040 161
