1800764 55
87484882 84
125896844 107
132851176 35
158100332 147
197722022 134
212966424 125
268465553 52
277378561 81
346763723 105
347327944 74
366165566 12
391851701 13
435153685 109
442087175 120
456854657 50
465915581 68
480126874 28
482554758 98
521460429 60
582418999 123
600757238 85
646992379 174
677338192 61
680353138 116
723386437 118
755509855 148
833957915 26
882923786 164
934031291 58
976519997 19
984515489 121
1029684725 136
1039775941 142
1061459597 178
1061673189 65
1102138352 156
1119750476 137
1145535496 96
1163785346 175
1165500044 143
1171145260 1
1199928407 56
1302911819 76
1324646409 0
1353077104 78
1399969279 45
1402099477 25
1404395783 122
1423943361 115
1433784421 82
1462563128 43
1473496205 63
1481700130 3
1490182304 59
1497564029 54
1506500056 21
1540789971 159
1565581772 33
1583240062 89
1593335970 144
1703074003 53
1723374255 112
1755211868 80
1780965381 140
1817977319 6
1832923198 29
1836837436 86
1854296563 101
1880656059 135
1902819574 177
1957456795 155
1965817051 34
1966862849 90
1967912122 133
1987706045 70
1991912470 150
2023365118 16
2034853916 87
2040735391 42
2054922385 127
2070794468 67
2071342302 166
2088744826 11
2115991866 22
2137655290 17
2191007551 169
2245017434 110
2273076216 10
2302936662 46
2321067875 47
2337471812 131
2352408356 31
2386566304 141
2420023489 162
2455595861 18
2493197103 124
2523580740 77
2533558194 146
2563637387 15
2564901090 23
2590626395 39
2612076060 176
2618357298 14
2663355169 4
2675243293 62
2677761041 111
2680647675 66
2689742369 48
2714344193 27
2736746253 153
2739454820 129
2751470307 172
2752981434 139
2819042102 40
2820570352 126
2877103839 106
2878053286 108
2881898293 2
2931281920 138
2946051437 94
2947818890 38
2975899179 92
3052336121 114
3118895249 30
3134364972 93
3159294203 151
3197165266 154
3210776703 37
3224180642 5
3236016622 36
3252655057 161
3279979113 145
3305405241 75
3310504013 168
3311786556 79
3326957411 51
3332444146 160
3345103274 88
3346435016 103
3369397036 132
3415828832 149
3419165889 91
3421043283 95
3453834671 32
3475802041 113
3576346154 167
3611753873 73
3640665415 20
3644108658 104
3650994493 64
3682404586 119
3705166655 8
3794242346 49
3813827420 102
3825964894 179
3834047911 173
3846291404 100
3863463209 72
3880856117 83
3896729982 99
3897441493 7
3930536579 41
3934144507 9
3954570302 44
3978014586 157
3985338750 117
4012176614 152
4020817277 130
4025582691 24
4028575057 71
4106514720 69
4120563849 97
4136759817 170
4162517235 158
4168711638 163
4173604952 165
4231238145 128
4269563040 171
4277558944 57
