1800764 68
87484882 110
125896844 79
132851176 63
158100332 160
197722022 158
212966424 147
268465553 65
277378561 100
346763723 106
347327944 101
391851701 51
409984302 33
435153685 111
442087175 130
465915581 97
482554758 83
521460429 8
582418999 114
600757238 43
646992379 176
677338192 84
680353138 125
723386437 86
725606561 3
755509855 122
795357209 11
833957915 47
882923786 166
934031291 82
984515489 96
1029684725 155
1039775941 131
1061673189 19
1102138352 164
1119750476 144
1145535496 119
1163785346 175
1165500044 162
1171145260 30
1187002154 6
1199928407 58
1302911819 13
1315240339 7
1324646409 0
1353077104 26
1399969279 24
1404395783 95
1411244463 29
1423943361 136
1433784421 113
1473496205 10
1481700130 34
1490182304 12
1506500056 28
1540789971 143
1565581772 60
1583240062 116
1593335970 150
1703074003 71
1723374255 90
1755211868 105
1780965381 148
1817977319 35
1832923198 32
1836837436 76
1854296563 120
1880656059 149
1902819574 178
1957456795 129
1965817051 31
1966862849 20
1967912122 103
1979915395 14
1987706045 98
1991912470 161
2034853916 115
2040735391 67
2054922385 112
2070794468 93
2071342302 169
2088744826 42
2137655290 4
2180276089 18
2191007551 137
2245017434 134
2302936662 62
2321067875 64
2335376072 15
2337471812 146
2338681792 5
2352408356 54
2386566304 159
2420023489 151
2493197103 121
2523580740 99
2533558194 157
2563637387 49
2564901090 27
2590626395 61
2612076060 177
2663355169 23
2675243293 73
2677761041 80
2680647675 92
2689742369 52
2714344193 56
2736746253 163
2739454820 138
2751470307 173
2752981434 123
2759781031 22
2819042102 53
2820570352 102
2877103839 108
2878053286 88
2881898293 25
2931281920 156
2946051437 107
2947745968 9
2947818890 44
2975899179 77
2979186596 1
3052336121 139
3118895249 55
3134364972 81
3159294203 124
3197165266 132
3210776703 38
3224180642 40
3236016622 45
3252655057 127
3279979113 145
3305405241 41
3310504013 172
3311786556 57
3326957411 72
3332444146 128
3345103274 75
3346435016 85
3369397036 141
3415828832 154
3419165889 104
3421043283 59
3475802041 133
3576346154 135
3611753873 48
3637528652 16
3640665415 50
3644108658 126
3650994493 89
3682404586 74
3705166655 36
3794242346 70
3813827420 91
3825964894 179
3834047911 174
3846291404 118
3863463209 94
3880856117 78
3896729982 87
3897441493 37
3930536579 17
3934144507 21
3954570302 66
3978014586 153
3985338750 109
4012176614 165
4020817277 140
4025582691 2
4028575057 39
4106514720 69
4120563849 117
4136759817 171
4162517235 167
4168711638 142
4173604952 168
4231238145 152
4269563040 170
4277558944 46
