1800764 126
87484882 119
97068523 25
125896844 36
132851176 91
158100332 153
197722022 160
212966424 152
268465553 125
277378561 93
346763723 81
347327944 108
386235461 48
391851701 73
409984302 67
435153685 82
442087175 127
465915581 132
482554758 64
582418999 78
646992379 175
677338192 122
680353138 109
715741596 12
723386437 46
725606561 14
755509855 85
777434108 42
789663515 20
795357209 11
833957915 29
849924382 27
882923786 166
905458755 4
934031291 104
984515489 58
1029684725 159
1039775941 111
1102138352 163
1119750476 142
1145535496 131
1163785346 172
1165500044 167
1171145260 31
1187002154 74
1199928407 39
1303866932 2
1315240339 59
1324646409 0
1404395783 56
1411244463 37
1423943361 143
1433784421 134
1481700130 79
1506500056 9
1540789971 124
1565581772 102
1583240062 136
1593335970 144
1648888063 18
1703074003 123
1723374255 53
1755211868 113
1780965381 145
1817977319 38
1832923198 7
1836837436 52
1854296563 133
1880656059 151
1902819574 178
1957456795 99
1965817051 3
1967912122 62
1979915395 16
1987706045 116
1991912470 161
2034853916 130
2040735391 95
2054922385 72
2070794468 129
2071342302 168
2088744826 40
2180276089 33
2191007551 112
2245017434 150
2302936662 75
2321067875 77
2335376072 21
2337471812 148
2352408356 61
2386566304 156
2420023489 137
2493197103 90
2523580740 94
2533558194 154
2563637387 63
2564901090 6
2590626395 114
2612076060 177
2623420502 54
2663355169 84
2675243293 68
2677761041 32
2680647675 128
2689742369 30
2714344193 103
2736746253 162
2739454820 138
2751470307 173
2752981434 88
2759781031 24
2819042102 34
2820570352 66
2877103839 83
2878053286 57
2881898293 80
2931281920 157
2940397723 51
2946051437 97
2947745968 43
2947818890 17
2975899179 49
2976264608 45
3052336121 155
3109774447 28
3118895249 107
3134364972 65
3159294203 86
3197165266 106
3210776703 15
3224180642 70
3236016622 19
3252655057 92
3279979113 135
3310504013 174
3311786556 23
3326957411 115
3332444146 96
3345103274 47
3346435016 60
3369397036 141
3415828832 149
3419165889 89
3421043283 22
3439938365 41
3475802041 146
3576346154 105
3576952995 10
3611753873 8
3637528652 5
3640665415 100
3644108658 147
3650994493 117
3682404586 26
3705166655 35
3794242346 101
3813827420 71
3825964894 179
3834047911 176
3846291404 121
3863463209 98
3880856117 55
3896729982 69
3897441493 44
3934144507 87
3954570302 110
3978014586 140
3985338750 76
4012176614 169
4020817277 139
4074327253 1
4106514720 50
4120563849 118
4136759817 171
4162517235 170
4168711638 120
4173604952 164
4231238145 158
4269563040 165
4277558944 13
