1800764 103
87484882 126
97068523 7
125896844 43
132851176 89
158100332 154
197722022 160
212966424 153
268465553 100
277378561 112
346763723 90
347327944 118
386235461 12
391851701 71
409984302 55
435153685 93
442087175 135
465915581 125
482554758 74
582418999 78
646992379 175
677338192 117
680353138 122
723386437 42
725606561 15
755509855 84
777434108 20
795357209 19
833957915 41
849924382 11
882923786 167
934031291 110
984515489 60
1029684725 159
1039775941 115
1102138352 163
1119750476 143
1145535496 132
1163785346 172
1165500044 164
1171145260 40
1187002154 32
1199928407 57
1303866932 8
1315240339 31
1324646409 0
1399969279 9
1404395783 54
1411244463 45
1423943361 145
1433784421 131
1481700130 63
1506500056 23
1540789971 127
1565581772 88
1583240062 133
1593335970 144
1648888063 3
1703074003 107
1723374255 53
1755211868 120
1780965381 147
1817977319 47
1832923198 22
1836837436 67
1854296563 134
1880656059 151
1902819574 178
1957456795 102
1965817051 16
1967912122 51
1979915395 28
1987706045 119
1991912470 161
2034853916 130
2040735391 95
2054922385 73
2070794468 124
2071342302 168
2088744826 50
2180276089 39
2191007551 106
2245017434 148
2302936662 81
2321067875 82
2335376072 29
2337471812 149
2352408356 70
2386566304 156
2420023489 137
2493197103 105
2523580740 113
2533558194 155
2563637387 66
2564901090 21
2590626395 94
2612076060 177
2623420502 10
2663355169 56
2675243293 76
2677761041 38
2680647675 121
2689742369 44
2714344193 87
2736746253 162
2739454820 140
2751470307 173
2752981434 92
2759781031 36
2819042102 48
2820570352 58
2877103839 97
2878053286 68
2881898293 59
2931281920 158
2940397723 13
2946051437 114
2947745968 35
2947818890 33
2975899179 62
2976264608 26
3052336121 152
3109774447 24
3118895249 86
3134364972 75
3159294203 85
3197165266 109
3210776703 27
3224180642 64
3236016622 37
3252655057 91
3279979113 136
3305405241 5
3310504013 174
3311786556 34
3326957411 104
3332444146 96
3345103274 61
3346435016 72
3369397036 142
3415828832 150
3419165889 108
3421043283 30
3439938365 2
3475802041 146
3576346154 99
3576952995 4
3611753873 14
3637528652 17
3640665415 79
3644108658 139
3650994493 116
3682404586 18
3705166655 46
3794242346 101
3813827420 83
3825964894 179
3834047911 176
3846291404 129
3863463209 111
3880856117 69
3896729982 77
3897441493 49
3934144507 52
3954570302 98
3978014586 138
3985338750 80
4012176614 169
4020817277 141
4028575057 6
4074327253 1
4106514720 65
4120563849 128
4136759817 171
4162517235 170
4168711638 123
4173604952 165
4231238145 157
4269563040 166
4277558944 25
