87484882 84
125896844 105
132851176 28
143419484 3
158100332 154
197722022 130
212966424 128
277378561 86
346763723 107
347327944 75
391851701 18
435153685 112
442087175 126
456854657 35
465915581 59
480126874 34
482554758 101
521460429 61
582418999 125
600757238 80
646992379 174
677338192 44
680353138 122
723386437 114
755509855 140
833957915 45
882923786 166
934031291 60
972543760 17
976519997 33
984515489 117
1029684725 133
1039775941 142
1061459597 178
1061673189 65
1102138352 161
1119750476 138
1145535496 90
1163785346 175
1165500044 143
1171145260 16
1199928407 67
1302911819 66
1324646409 0
1353077104 72
1399969279 58
1402099477 36
1404395783 118
1411244463 6
1423943361 120
1433784421 69
1462563128 39
1473496205 63
1490182304 62
1497564029 41
1506500056 40
1540789971 157
1565581772 12
1567831198 4
1583240062 77
1593335970 151
1703074003 14
1723374255 113
1755211868 81
1780965381 145
1817977319 21
1832923198 46
1836837436 89
1854296563 96
1880656059 137
1902819574 177
1957456795 146
1965817051 52
1966862849 73
1967912122 123
1987706045 70
1991912470 155
2023365118 2
2034853916 83
2040735391 30
2054922385 124
2070794468 48
2071342302 168
2088744826 27
2115991866 15
2137655290 32
2191007551 164
2245017434 111
2273076216 29
2302936662 51
2321067875 49
2337471812 134
2338681792 23
2352408356 42
2386566304 144
2420023489 165
2455595861 9
2493197103 127
2523580740 85
2533558194 152
2563637387 26
2564901090 43
2590626395 5
2612076060 176
2616533013 1
2618357298 8
2654090424 11
2675243293 71
2677761041 109
2680647675 47
2689742369 64
2736746253 158
2739454820 131
2751470307 173
2752981434 136
2759781031 10
2819042102 57
2820570352 121
2877103839 108
2878053286 106
2931281920 139
2946051437 97
2947818890 56
2975899179 93
2979186596 13
3052336121 115
3134364972 98
3159294203 141
3197165266 149
3210776703 54
3236016622 55
3252655057 147
3279979113 148
3305405241 76
3310504013 169
3311786556 87
3326957411 24
3332444146 150
3345103274 91
3346435016 104
3369397036 135
3415828832 156
3419165889 94
3421043283 92
3453834671 37
3475802041 116
3576346154 160
3611753873 79
3637528652 19
3644108658 95
3650994493 53
3682404586 110
3705166655 25
3794242346 31
3813827420 103
3825964894 179
3834047911 172
3846291404 100
3863463209 78
3880856117 88
3896729982 102
3897441493 20
3930536579 50
3954570302 22
3978014586 163
3985338750 119
4012176614 153
4020817277 132
4025582691 38
4028575057 74
4084769632 7
4106514720 82
4120563849 99
4136759817 170
4162517235 159
4168711638 162
4173604952 167
4231238145 129
4269563040 171
4277558944 68
