1800764 103
87484882 125
97068523 8
125896844 45
132851176 88
158100332 154
197722022 160
212966424 153
268465553 99
277378561 111
346763723 90
347327944 115
386235461 14
391851701 71
409984302 51
435153685 91
442087175 135
465915581 126
482554758 73
582418999 79
600757238 1
646992379 175
677338192 117
680353138 121
723386437 46
725606561 11
755509855 84
777434108 22
795357209 18
833957915 41
849924382 10
882923786 166
934031291 108
984515489 60
1029684725 159
1039775941 118
1102138352 163
1119750476 144
1145535496 132
1163785346 172
1165500044 164
1171145260 40
1187002154 37
1199928407 52
1303866932 7
1315240339 32
1324646409 0
1399969279 9
1404395783 56
1411244463 43
1423943361 143
1433784421 131
1481700130 66
1506500056 21
1540789971 128
1565581772 89
1583240062 134
1593335970 146
1648888063 3
1703074003 106
1723374255 55
1755211868 119
1780965381 147
1817977319 47
1832923198 20
1836837436 67
1854296563 133
1880656059 151
1902819574 178
1957456795 105
1965817051 13
1967912122 54
1979915395 26
1987706045 120
1991912470 161
2034853916 130
2040735391 92
2054922385 75
2070794468 123
2071342302 168
2088744826 50
2180276089 38
2191007551 109
2245017434 148
2302936662 78
2321067875 80
2335376072 29
2337471812 149
2352408356 70
2386566304 157
2420023489 137
2493197103 104
2523580740 112
2533558194 155
2563637387 65
2564901090 19
2590626395 93
2612076060 177
2623420502 12
2663355169 57
2675243293 76
2677761041 39
2680647675 122
2689742369 42
2714344193 86
2736746253 162
2739454820 140
2751470307 173
2752981434 94
2759781031 35
2819042102 48
2820570352 61
2877103839 95
2878053286 68
2881898293 58
2931281920 158
2940397723 17
2946051437 114
2947745968 33
2947818890 30
2975899179 62
2976264608 28
3052336121 152
3109774447 23
3118895249 87
3134364972 74
3159294203 85
3197165266 113
3210776703 27
3224180642 64
3236016622 36
3252655057 96
3279979113 136
3305405241 4
3310504013 174
3311786556 34
3326957411 102
3332444146 100
3345103274 59
3346435016 72
3369397036 142
3415828832 150
3419165889 107
3421043283 31
3439938365 6
3475802041 145
3576346154 101
3576952995 2
3611753873 15
3637528652 16
3640665415 81
3644108658 139
3650994493 116
3682404586 25
3705166655 44
3794242346 97
3813827420 83
3825964894 179
3834047911 176
3846291404 129
3863463209 110
3880856117 69
3896729982 77
3897441493 49
3934144507 53
3954570302 98
3978014586 138
3985338750 82
4012176614 169
4020817277 141
4028575057 5
4106514720 63
4120563849 127
4136759817 171
4162517235 170
4168711638 124
4173604952 165
4231238145 156
4269563040 167
4277558944 24
