1800764 71
87484882 101
125896844 81
132851176 61
158100332 159
197722022 155
212966424 140
268465553 69
277378561 93
346763723 103
347327944 92
391851701 44
409984302 22
435153685 109
442087175 124
465915581 96
482554758 82
521460429 14
582418999 119
600757238 52
646992379 175
677338192 79
680353138 122
723386437 102
755509855 127
795357209 2
833957915 39
882923786 166
934031291 77
984515489 108
1029684725 151
1039775941 131
1061459597 178
1061673189 30
1102138352 163
1119750476 141
1145535496 113
1163785346 174
1165500044 160
1171145260 18
1187002154 11
1199928407 54
1302911819 32
1315240339 5
1324646409 0
1353077104 43
1399969279 27
1404395783 107
1411244463 16
1423943361 128
1433784421 104
1462563128 3
1473496205 17
1481700130 35
1490182304 19
1497564029 7
1506500056 20
1540789971 146
1565581772 59
1583240062 110
1593335970 150
1703074003 72
1723374255 99
1755211868 98
1780965381 147
1817977319 23
1832923198 26
1836837436 73
1854296563 116
1880656059 142
1902819574 177
1957456795 134
1965817051 25
1966862849 42
1967912122 117
1979915395 8
1987706045 91
1991912470 161
2034853916 106
2040735391 63
2054922385 118
2070794468 88
2071342302 168
2088744826 34
2137655290 1
2180276089 12
2191007551 148
2245017434 125
2302936662 57
2321067875 58
2335376072 9
2337471812 139
2352408356 51
2386566304 157
2420023489 154
2493197103 121
2523580740 90
2533558194 158
2563637387 41
2564901090 21
2590626395 62
2612076060 176
2663355169 31
2675243293 65
2677761041 87
2680647675 86
2689742369 46
2714344193 55
2736746253 162
2739454820 132
2751470307 172
2752981434 123
2759781031 13
2819042102 47
2820570352 115
2877103839 105
2878053286 95
2881898293 29
2931281920 152
2946051437 100
2947745968 6
2947818890 38
2975899179 76
3052336121 130
3118895249 56
3134364972 78
3159294203 129
3197165266 138
3210776703 37
3224180642 36
3236016622 40
3252655057 135
3279979113 144
3305405241 49
3310504013 171
3311786556 60
3326957411 70
3332444146 137
3345103274 74
3346435016 85
3369397036 136
3415828832 156
3419165889 97
3421043283 68
3475802041 126
3576346154 143
3611753873 53
3637528652 10
3640665415 50
3644108658 120
3650994493 80
3682404586 89
3705166655 24
3794242346 67
3813827420 94
3825964894 179
3834047911 173
3846291404 112
3863463209 84
3880856117 75
3896729982 83
3897441493 28
3930536579 15
3934144507 33
3954570302 64
3978014586 153
3985338750 114
4012176614 164
4020817277 133
4025582691 4
4028575057 48
4106514720 66
4120563849 111
4136759817 170
4162517235 165
4168711638 149
4173604952 167
4231238145 145
4269563040 169
4277558944 45
