87484882 72
125896844 110
132851176 18
143419484 20
158100332 148
197722022 117
212966424 120
277378561 77
346763723 106
347327944 66
366165566 26
391851701 2
435153685 112
442087175 116
456854657 60
465915581 45
480126874 50
482554758 101
521460429 73
582418999 131
600757238 95
646992379 174
677338192 31
680353138 118
723386437 123
755509855 154
833957915 40
882923786 156
934031291 44
972543760 17
976519997 43
984515489 124
1029684725 125
1039775941 152
1061459597 177
1061673189 78
1102138352 150
1119750476 139
1145535496 80
1163785346 175
1165500044 138
1199928407 63
1302911819 84
1324646409 0
1353077104 87
1399969279 58
1402099477 48
1404395783 126
1423943361 113
1433784421 61
1462563128 59
1473496205 75
1490182304 74
1497564029 64
1506500056 34
1540789971 162
1565581772 1
1567831198 23
1583240062 67
1593335970 149
1703074003 7
1721069724 10
1723374255 115
1755211868 71
1780965381 143
1817977319 6
1832923198 46
1836837436 94
1854296563 85
1880656059 130
1902819574 178
1957456795 157
1965817051 52
1966862849 97
1967912122 137
1987706045 62
1991912470 144
2023365118 28
2034853916 70
2040735391 21
2054922385 135
2070794468 37
2071342302 163
2088744826 19
2115991866 39
2137655290 33
2191007551 171
2245017434 104
2273076216 27
2302936662 38
2321067875 36
2337471812 127
2338681792 24
2352408356 29
2386566304 140
2420023489 166
2455595861 32
2493197103 132
2523580740 76
2533558194 146
2563637387 16
2564901090 42
2612076060 176
2616533013 4
2618357298 30
2654090424 22
2675243293 65
2677761041 114
2680647675 35
2689742369 56
2736746253 147
2739454820 128
2751470307 172
2752981434 142
2819042102 47
2820570352 134
2877103839 107
2878053286 109
2931281920 136
2946051437 88
2947818890 53
2975899179 99
2979186596 11
3052336121 108
3134364972 98
3159294203 155
3197165266 158
3210776703 55
3236016622 51
3252655057 164
3279979113 151
3305405241 86
3310504013 161
3311786556 89
3326957411 15
3332444146 165
3345103274 96
3346435016 105
3369397036 133
3415828832 153
3419165889 92
3421043283 100
3453834671 54
3475802041 111
3570828790 3
3576346154 169
3611753873 82
3637528652 8
3644108658 83
3650994493 41
3682404586 121
3705166655 12
3794242346 25
3813827420 103
3825964894 179
3834047911 170
3846291404 93
3863463209 68
3880856117 91
3896729982 102
3897441493 5
3930536579 57
3954570302 9
3978014586 160
3985338750 122
4012176614 141
4020817277 129
4025582691 49
4028575057 81
4071585141 14
4084769632 13
4106514720 79
4120563849 90
4136759817 167
4162517235 145
4168711638 168
4173604952 159
4231238145 119
4269563040 173
4277558944 69
