1800764 81
87484882 107
125896844 76
132851176 63
158100332 159
197722022 160
212966424 143
268465553 78
277378561 92
346763723 101
347327944 94
386235461 3
391851701 51
409984302 33
435153685 108
442087175 125
465915581 103
482554758 77
521460429 11
582418999 118
600757238 49
646992379 176
677338192 90
680353138 122
723386437 96
755509855 126
777434108 2
795357209 1
833957915 37
882923786 166
934031291 80
984515489 106
1029684725 156
1039775941 131
1061673189 22
1102138352 164
1119750476 140
1145535496 119
1163785346 175
1165500044 162
1171145260 21
1187002154 27
1199928407 54
1302911819 26
1315240339 16
1324646409 0
1353077104 36
1399969279 20
1404395783 105
1411244463 25
1423943361 129
1433784421 111
1473496205 13
1481700130 46
1490182304 14
1506500056 18
1540789971 145
1565581772 65
1583240062 117
1593335970 150
1703074003 79
1723374255 93
1755211868 99
1780965381 147
1817977319 29
1832923198 24
1836837436 68
1854296563 120
1880656059 146
1902819574 178
1957456795 132
1965817051 23
1966862849 38
1967912122 114
1979915395 7
1987706045 97
1991912470 161
2034853916 112
2040735391 66
2054922385 115
2070794468 100
2071342302 169
2088744826 32
2180276089 15
2191007551 148
2245017434 130
2302936662 56
2321067875 57
2335376072 9
2337471812 141
2352408356 53
2386566304 158
2420023489 153
2493197103 121
2523580740 91
2533558194 157
2563637387 45
2564901090 19
2590626395 72
2612076060 177
2623420502 8
2663355169 48
2675243293 61
2677761041 83
2680647675 98
2689742369 44
2714344193 62
2736746253 163
2739454820 134
2751470307 173
2752981434 124
2759781031 17
2819042102 47
2820570352 110
2877103839 104
2878053286 86
2881898293 42
2931281920 155
2940397723 4
2946051437 102
2947745968 10
2947818890 34
2975899179 70
2976264608 6
3052336121 138
3118895249 64
3134364972 74
3159294203 128
3197165266 137
3210776703 30
3224180642 41
3236016622 35
3252655057 133
3279979113 144
3305405241 43
3310504013 172
3311786556 55
3326957411 75
3332444146 135
3345103274 67
3346435016 84
3369397036 139
3415828832 154
3419165889 95
3421043283 59
3475802041 127
3576346154 142
3611753873 50
3637528652 5
3640665415 58
3644108658 123
3650994493 89
3682404586 85
3705166655 28
3794242346 71
3813827420 87
3825964894 179
3834047911 174
3846291404 116
3863463209 88
3880856117 69
3896729982 82
3897441493 31
3930536579 12
3934144507 52
3954570302 73
3978014586 152
3985338750 109
4012176614 165
4020817277 136
4028575057 40
4106514720 60
4120563849 113
4136759817 171
4162517235 168
4168711638 149
4173604952 167
4231238145 151
4269563040 170
4277558944 39
