1800764 70
87484882 102
125896844 79
132851176 61
158100332 159
197722022 156
212966424 142
268465553 66
277378561 95
346763723 103
347327944 94
391851701 45
409984302 24
435153685 109
442087175 125
465915581 96
482554758 82
521460429 13
582418999 118
600757238 50
646992379 175
677338192 80
680353138 122
723386437 98
755509855 124
795357209 6
833957915 41
882923786 166
934031291 77
984515489 105
1029684725 153
1039775941 131
1061459597 178
1061673189 23
1102138352 163
1119750476 141
1145535496 116
1163785346 174
1165500044 160
1171145260 19
1187002154 8
1199928407 55
1302911819 20
1315240339 5
1324646409 0
1353077104 39
1399969279 26
1404395783 104
1411244463 18
1423943361 129
1433784421 106
1462563128 1
1473496205 14
1481700130 34
1490182304 15
1497564029 3
1506500056 21
1540789971 144
1565581772 59
1583240062 111
1593335970 150
1703074003 72
1723374255 97
1755211868 100
1780965381 148
1817977319 31
1832923198 30
1836837436 74
1854296563 119
1880656059 145
1902819574 177
1957456795 132
1965817051 29
1966862849 38
1967912122 113
1979915395 9
1987706045 93
1991912470 161
2034853916 108
2040735391 63
2054922385 117
2070794468 89
2071342302 168
2088744826 35
2137655290 2
2180276089 12
2191007551 143
2245017434 128
2302936662 57
2321067875 60
2335376072 10
2337471812 140
2352408356 53
2386566304 157
2420023489 152
2493197103 121
2523580740 92
2533558194 158
2563637387 43
2564901090 22
2590626395 62
2612076060 176
2663355169 27
2675243293 68
2677761041 84
2680647675 87
2689742369 48
2714344193 54
2736746253 162
2739454820 136
2751470307 172
2752981434 123
2759781031 16
2819042102 49
2820570352 110
2877103839 107
2878053286 90
2881898293 28
2931281920 154
2946051437 101
2947745968 7
2947818890 40
2975899179 76
3052336121 134
3118895249 56
3134364972 78
3159294203 126
3197165266 135
3210776703 37
3224180642 36
3236016622 42
3252655057 130
3279979113 146
3305405241 47
3310504013 171
3311786556 58
3326957411 71
3332444146 133
3345103274 73
3346435016 86
3369397036 138
3415828832 155
3419165889 99
3421043283 65
3475802041 127
3576346154 139
3611753873 52
3637528652 11
3640665415 51
3644108658 120
3650994493 81
3682404586 83
3705166655 32
3794242346 69
3813827420 91
3825964894 179
3834047911 173
3846291404 115
3863463209 88
3880856117 75
3896729982 85
3897441493 33
3930536579 17
3934144507 25
3954570302 64
3978014586 151
3985338750 112
4012176614 164
4020817277 137
4025582691 4
4028575057 44
4106514720 67
4120563849 114
4136759817 170
4162517235 165
4168711638 147
4173604952 167
4231238145 149
4269563040 169
4277558944 46
