1800764 139
87484882 124
97068523 47
125896844 18
132851176 105
158100332 150
197722022 163
212966424 154
268465553 138
277378561 101
346763723 80
347327944 109
386235461 70
391851701 90
409984302 84
435153685 78
442087175 116
465915581 142
482554758 52
582418999 51
646992379 174
677338192 128
680353138 98
715741596 24
723386437 15
725606561 21
755509855 56
777434108 66
789663515 39
795357209 17
833957915 31
849924382 48
882923786 167
905458755 19
934031291 108
984515489 29
1029684725 159
1039775941 92
1102138352 165
1119750476 130
1145535496 135
1163785346 169
1165500044 168
1171145260 44
1187002154 91
1199928407 42
1303866932 12
1315240339 81
1324646409 0
1404395783 25
1411244463 58
1423943361 144
1433784421 145
1481700130 95
1506500056 7
1540789971 97
1565581772 111
1583240062 147
1593335970 127
1648888063 37
1703074003 133
1723374255 26
1755211868 112
1780965381 129
1817977319 57
1832923198 4
1836837436 41
1854296563 136
1878223483 1
1880656059 149
1902819574 178
1957456795 79
1967912122 22
1979915395 27
1987706045 120
1991912470 160
2034853916 137
2040735391 106
2054922385 40
2070794468 141
2071342302 166
2088744826 59
2180276089 54
2191007551 82
2245017434 153
2302936662 87
2321067875 88
2335376072 32
2337471812 148
2352408356 73
2386566304 155
2420023489 114
2493197103 83
2523580740 103
2533558194 151
2563637387 77
2564901090 5
2590626395 123
2612076060 176
2623420502 75
2663355169 99
2675243293 68
2677761041 10
2680647675 140
2689742369 30
2714344193 113
2727339584 3
2736746253 162
2739454820 131
2751470307 173
2752981434 71
2759781031 35
2819042102 38
2820570352 28
2877103839 85
2878053286 36
2881898293 96
2931281920 157
2939038785 9
2940397723 72
2946051437 100
2947745968 65
2947818890 16
2975899179 33
2976264608 67
3052336121 156
3109774447 46
3118895249 117
3134364972 55
3159294203 61
3197165266 86
3210776703 8
3224180642 89
3236016622 20
3252655057 69
3279979113 115
3310504013 175
3311786556 11
3326957411 125
3332444146 74
3345103274 34
3346435016 45
3369397036 134
3415828832 143
3419165889 94
3421043283 6
3439938365 64
3475802041 146
3576346154 76
3576952995 23
3637528652 13
3640665415 110
3644108658 152
3650994493 126
3705166655 50
3794242346 107
3813827420 63
3825964894 179
3834047911 177
3846291404 122
3863463209 104
3880856117 49
3896729982 60
3897441493 62
3934144507 102
3954570302 119
3978014586 121
3985338750 53
4012176614 170
4020817277 132
4074327253 14
4106514720 43
4120563849 118
4136759817 171
4162517235 172
4168711638 93
4173604952 164
4231238145 158
4269563040 161
4277558944 2
