1800764 40
87484882 79
125896844 108
132851176 28
158100332 147
197722022 132
212966424 123
268465553 36
277378561 78
346763723 105
347327944 72
366165566 15
391851701 11
435153685 109
442087175 117
456854657 54
465915581 66
480126874 37
482554758 100
521460429 65
582418999 125
600757238 88
646992379 174
677338192 57
680353138 116
723386437 119
755509855 152
833957915 29
882923786 163
934031291 56
976519997 24
984515489 121
1029684725 134
1039775941 144
1061459597 178
1061673189 68
1102138352 153
1119750476 137
1145535496 95
1163785346 175
1165500044 142
1171145260 3
1199928407 58
1302911819 84
1324646409 0
1353077104 85
1399969279 51
1402099477 34
1404395783 122
1423943361 115
1433784421 73
1462563128 53
1473496205 67
1490182304 64
1497564029 55
1506500056 22
1540789971 159
1565581772 21
1567831198 5
1583240062 81
1593335970 143
1703074003 42
1723374255 114
1755211868 75
1780965381 141
1817977319 7
1832923198 35
1836837436 87
1854296563 97
1880656059 135
1902819574 177
1957456795 157
1965817051 41
1966862849 92
1967912122 136
1987706045 69
1991912470 148
2023365118 20
2034853916 82
2040735391 32
2054922385 128
2070794468 61
2071342302 166
2088744826 10
2115991866 26
2137655290 19
2191007551 170
2245017434 110
2273076216 14
2302936662 48
2321067875 46
2337471812 131
2338681792 6
2352408356 30
2386566304 140
2420023489 162
2455595861 23
2493197103 126
2523580740 76
2533558194 145
2563637387 13
2564901090 25
2590626395 27
2612076060 176
2618357298 17
2654090424 2
2675243293 63
2677761041 111
2680647675 60
2689742369 52
2714344193 16
2736746253 151
2739454820 127
2751470307 172
2752981434 139
2819042102 44
2820570352 129
2877103839 106
2878053286 107
2931281920 138
2946051437 91
2947818890 47
2975899179 94
3052336121 113
3118895249 18
3134364972 93
3159294203 155
3197165266 156
3210776703 49
3224180642 4
3236016622 45
3252655057 161
3279979113 146
3305405241 80
3310504013 167
3311786556 83
3326957411 39
3332444146 160
3345103274 89
3346435016 104
3369397036 133
3415828832 150
3419165889 90
3421043283 98
3453834671 43
3475802041 112
3576346154 169
3611753873 77
3637528652 1
3640665415 12
3644108658 102
3650994493 59
3682404586 120
3705166655 9
3794242346 38
3813827420 103
3825964894 179
3834047911 173
3846291404 99
3863463209 70
3880856117 86
3896729982 101
3897441493 8
3930536579 50
3954570302 31
3978014586 158
3985338750 118
4012176614 149
4020817277 130
4025582691 33
4028575057 74
4106514720 71
4120563849 96
4136759817 168
4162517235 154
4168711638 165
4173604952 164
4231238145 124
4269563040 171
4277558944 62
