1800764 27
87484882 95
125896844 89
132851176 50
158100332 159
197722022 146
212966424 138
268465553 23
277378561 92
346763723 112
347327944 86
391851701 34
409984302 9
435153685 117
442087175 129
465915581 75
482554758 96
521460429 26
582418999 120
600757238 64
646992379 175
677338192 68
680353138 123
723386437 103
755509855 125
795357209 8
833957915 54
882923786 166
934031291 73
972543760 6
976519997 13
984515489 110
1029684725 148
1039775941 134
1061459597 178
1061673189 42
1102138352 164
1119750476 145
1145535496 106
1163785346 174
1165500044 160
1171145260 25
1199928407 69
1302911819 35
1324646409 0
1353077104 53
1399969279 49
1402099477 10
1404395783 108
1411244463 22
1423943361 130
1433784421 83
1462563128 12
1473496205 30
1490182304 31
1497564029 14
1506500056 41
1540789971 147
1565581772 38
1583240062 94
1593335970 152
1703074003 39
1723374255 105
1755211868 91
1780965381 151
1817977319 28
1832923198 45
1836837436 80
1854296563 109
1880656059 144
1902819574 177
1957456795 132
1965817051 46
1966862849 48
1967912122 116
1979915395 11
1987706045 79
1991912470 161
2034853916 97
2040735391 51
2054922385 119
2070794468 71
2071342302 168
2088744826 37
2137655290 16
2180276089 2
2191007551 143
2245017434 121
2273076216 5
2302936662 66
2321067875 65
2335376072 3
2337471812 141
2338681792 15
2352408356 58
2386566304 156
2420023489 154
2493197103 122
2523580740 90
2533558194 158
2563637387 40
2564901090 43
2590626395 32
2612076060 176
2675243293 76
2677761041 93
2680647675 70
2689742369 61
2714344193 24
2736746253 163
2739454820 136
2751470307 172
2752981434 124
2759781031 21
2819042102 59
2820570352 115
2877103839 113
2878053286 101
2931281920 153
2946051437 104
2947818890 55
2975899179 84
2979186596 7
3052336121 128
3118895249 20
3134364972 88
3159294203 127
3197165266 135
3210776703 52
3224180642 19
3236016622 57
3252655057 131
3279979113 150
3305405241 62
3310504013 169
3311786556 74
3326957411 47
3332444146 133
3345103274 82
3346435016 99
3369397036 140
3415828832 157
3419165889 100
3421043283 77
3453834671 4
3475802041 126
3576346154 139
3611753873 67
3637528652 18
3640665415 1
3644108658 114
3650994493 72
3682404586 87
3705166655 33
3794242346 56
3813827420 102
3825964894 179
3834047911 173
3846291404 111
3863463209 85
3880856117 81
3896729982 98
3897441493 29
3930536579 36
3954570302 44
3978014586 155
3985338750 118
4012176614 162
4020817277 137
4025582691 17
4028575057 60
4106514720 78
4120563849 107
4136759817 170
4162517235 165
4168711638 149
4173604952 167
4231238145 142
4269563040 171
4277558944 63
