1800764 149
87484882 118
97068523 61
125896844 18
132851176 104
158100332 148
197722022 165
212966424 154
268465553 151
277378561 96
346763723 67
347327944 103
386235461 85
391851701 81
409984302 79
435153685 65
442087175 107
465915581 142
482554758 44
582418999 56
646992379 174
677338192 136
680353138 93
715741596 46
723386437 22
725606561 19
755509855 64
777434108 75
789663515 62
795357209 12
833957915 23
849924382 59
882923786 167
905458755 39
934031291 106
984515489 32
1029684725 159
1039775941 91
1102138352 164
1119750476 123
1145535496 131
1163785346 169
1165500044 168
1171145260 40
1187002154 101
1199928407 34
1303866932 7
1315240339 89
1324646409 0
1404395783 31
1411244463 53
1423943361 137
1433784421 145
1481700130 100
1540789971 98
1565581772 116
1583240062 146
1593335970 120
1648888063 54
1687077153 2
1703074003 144
1723374255 25
1755211868 105
1780965381 125
1817977319 48
1836837436 35
1854296563 132
1878223483 8
1880656059 147
1902819574 178
1957456795 80
1967912122 33
1979915395 20
1987706045 115
1991912470 160
2034853916 135
2040735391 109
2054922385 47
2070794468 143
2071342302 166
2088744826 49
2180276089 52
2191007551 90
2245017434 153
2302936662 72
2321067875 77
2335376072 26
2337471812 141
2352408356 63
2386566304 155
2420023489 113
2493197103 74
2523580740 97
2533558194 150
2563637387 68
2590626395 134
2612076060 176
2623420502 92
2663355169 108
2675243293 60
2677761041 17
2680647675 140
2689742369 21
2714344193 121
2736746253 162
2739454820 124
2751470307 173
2752981434 70
2759781031 28
2819042102 27
2820570352 36
2877103839 71
2878053286 37
2881898293 102
2931281920 156
2939038785 13
2940397723 87
2946051437 94
2947745968 66
2947818890 11
2975899179 29
2976264608 73
3052336121 157
3109774447 50
3118895249 130
3134364972 45
3159294203 69
3162794093 5
3197165266 86
3210776703 3
3224180642 83
3236016622 16
3252655057 76
3255384253 1
3279979113 112
3310504013 175
3311786556 10
3326957411 133
3332444146 78
3345103274 30
3346435016 42
3369397036 128
3415828832 138
3419165889 88
3421043283 6
3439938365 84
3475802041 139
3576346154 82
3576952995 24
3637528652 4
3640665415 127
3644108658 152
3650994493 129
3682404586 9
3705166655 43
3794242346 111
3813827420 58
3825964894 179
3834047911 177
3846291404 114
3863463209 99
3880856117 41
3896729982 51
3897441493 57
3934144507 119
3954570302 122
3978014586 117
3985338750 55
4012176614 170
4020817277 126
4074327253 15
4088869787 14
4106514720 38
4120563849 110
4136759817 171
4162517235 172
4168711638 95
4173604952 163
4231238145 158
4269563040 161
