1800764 9
87484882 84
125896844 105
132851176 33
158100332 155
197722022 130
212966424 128
268465553 4
277378561 87
346763723 109
347327944 78
391851701 19
435153685 112
442087175 126
456854657 29
465915581 65
480126874 30
482554758 100
521460429 48
582418999 123
600757238 77
646992379 174
677338192 49
680353138 125
723386437 113
755509855 138
795357209 1
833957915 46
882923786 166
934031291 63
972543760 13
976519997 31
984515489 116
1029684725 136
1039775941 142
1061459597 178
1061673189 64
1102138352 165
1119750476 140
1145535496 94
1163785346 175
1165500044 148
1171145260 16
1199928407 68
1302911819 66
1324646409 0
1353077104 70
1399969279 50
1402099477 35
1404395783 115
1411244463 10
1423943361 124
1433784421 73
1462563128 38
1473496205 51
1490182304 52
1497564029 40
1506500056 41
1540789971 154
1565581772 18
1583240062 81
1593335970 151
1703074003 20
1723374255 111
1755211868 83
1780965381 146
1817977319 21
1832923198 44
1836837436 90
1854296563 97
1880656059 137
1902819574 177
1957456795 143
1965817051 47
1966862849 69
1967912122 121
1979915395 3
1987706045 75
1991912470 158
2034853916 85
2040735391 36
2054922385 122
2070794468 60
2071342302 168
2088744826 27
2115991866 5
2137655290 32
2191007551 160
2245017434 114
2273076216 23
2302936662 55
2321067875 54
2337471812 134
2338681792 17
2352408356 43
2386566304 149
2420023489 163
2493197103 127
2523580740 86
2533558194 152
2563637387 28
2564901090 42
2590626395 14
2612076060 176
2654090424 8
2675243293 72
2677761041 107
2680647675 58
2689742369 62
2714344193 6
2736746253 162
2739454820 132
2751470307 173
2752981434 131
2759781031 12
2819042102 59
2820570352 120
2877103839 110
2878053286 106
2931281920 141
2946051437 96
2947818890 56
2975899179 92
2979186596 11
3052336121 118
3134364972 93
3159294203 139
3197165266 147
3210776703 53
3224180642 2
3236016622 57
3252655057 144
3279979113 150
3305405241 74
3310504013 169
3311786556 82
3326957411 26
3332444146 145
3345103274 91
3346435016 104
3369397036 135
3415828832 157
3419165889 95
3421043283 89
3453834671 34
3475802041 119
3576346154 153
3611753873 76
3637528652 15
3644108658 98
3650994493 61
3682404586 108
3705166655 24
3794242346 39
3813827420 103
3825964894 179
3834047911 172
3846291404 101
3863463209 79
3880856117 88
3896729982 102
3897441493 22
3930536579 45
3954570302 25
3978014586 161
3985338750 117
4012176614 156
4020817277 133
4025582691 37
4028575057 71
4084769632 7
4106514720 80
4120563849 99
4136759817 170
4162517235 164
4168711638 159
4173604952 167
4231238145 129
4269563040 171
4277558944 67
