1800764 146
87484882 105
97068523 43
125896844 41
132851176 90
158100332 153
197722022 161
212966424 152
268465553 147
277378561 82
346763723 68
347327944 92
386235461 76
391851701 66
409984302 61
435153685 71
442087175 110
465915581 132
482554758 50
582418999 78
600757238 11
646992379 175
677338192 121
680353138 93
715741596 36
723386437 57
725606561 10
755509855 98
777434108 63
789663515 46
795357209 3
833957915 18
849924382 38
882923786 165
905458755 26
934031291 94
984515489 65
1029684725 159
1039775941 106
1102138352 163
1119750476 136
1145535496 117
1163785346 173
1165500044 168
1171145260 24
1187002154 91
1199928407 27
1315240339 74
1324646409 0
1404395783 64
1411244463 31
1423943361 135
1433784421 137
1481700130 85
1540789971 125
1565581772 103
1583240062 140
1593335970 142
1648888063 34
1703074003 138
1723374255 56
1755211868 95
1780965381 141
1817977319 30
1836837436 40
1854296563 120
1880656059 149
1902819574 178
1957456795 107
1966862849 4
1967912122 73
1979915395 14
1987706045 102
1991912470 160
2034853916 122
2040735391 96
2054922385 75
2070794468 133
2071342302 166
2088744826 32
2180276089 29
2191007551 127
2245017434 150
2302936662 59
2321067875 62
2335376072 17
2337471812 145
2352408356 45
2386566304 156
2420023489 143
2493197103 86
2523580740 84
2533558194 154
2563637387 51
2590626395 123
2612076060 177
2623420502 81
2663355169 100
2675243293 48
2677761041 44
2680647675 129
2689742369 20
2714344193 111
2736746253 162
2739454820 128
2751470307 172
2752981434 89
2759781031 19
2819042102 23
2820570352 69
2877103839 72
2878053286 54
2881898293 88
2931281920 157
2939038785 2
2940397723 77
2946051437 83
2947745968 49
2947818890 13
2975899179 39
2976264608 60
3052336121 155
3109774447 28
3118895249 118
3134364972 47
3159294203 99
3197165266 113
3210776703 6
3224180642 67
3236016622 15
3252655057 108
3279979113 130
3305405241 7
3310504013 174
3311786556 21
3326957411 119
3332444146 109
3345103274 37
3346435016 53
3369397036 134
3415828832 151
3419165889 80
3421043283 22
3439938365 79
3475802041 139
3576346154 124
3576952995 16
3611753873 12
3640665415 116
3644108658 148
3650994493 114
3682404586 52
3705166655 25
3794242346 97
3813827420 58
3825964894 179
3834047911 176
3846291404 104
3863463209 87
3880856117 42
3896729982 55
3897441493 33
3934144507 115
3954570302 112
3978014586 144
3985338750 70
4012176614 169
4020817277 131
4028575057 5
4074327253 1
4088869787 8
4106514720 35
4120563849 101
4136759817 171
4162517235 170
4168711638 126
4173604952 164
4231238145 158
4269563040 167
4277558944 9
