1800764 102
87484882 111
125896844 65
132851176 72
158100332 156
197722022 160
212966424 150
268465553 100
277378561 93
346763723 89
347327944 101
386235461 21
391851701 52
409984302 44
435153685 97
442087175 126
465915581 113
482554758 69
582418999 109
600757238 35
646992379 176
677338192 106
680353138 121
723386437 81
755509855 124
777434108 16
795357209 1
833957915 38
849924382 3
882923786 166
934031291 87
984515489 86
1029684725 159
1039775941 130
1061673189 7
1102138352 164
1119750476 143
1145535496 119
1163785346 174
1165500044 162
1171145260 27
1187002154 45
1199928407 49
1302911819 5
1315240339 36
1324646409 0
1353077104 20
1399969279 10
1404395783 85
1411244463 31
1423943361 134
1433784421 118
1481700130 54
1506500056 12
1540789971 141
1565581772 76
1583240062 123
1593335970 148
1703074003 96
1723374255 80
1755211868 108
1780965381 147
1817977319 37
1832923198 15
1836837436 62
1854296563 122
1880656059 149
1902819574 178
1957456795 129
1965817051 13
1966862849 17
1967912122 98
1979915395 8
1987706045 107
1991912470 161
2034853916 117
2040735391 77
2054922385 105
2070794468 112
2071342302 168
2088744826 41
2180276089 23
2191007551 140
2245017434 136
2302936662 57
2321067875 59
2335376072 9
2337471812 145
2352408356 50
2386566304 158
2420023489 151
2493197103 116
2523580740 92
2533558194 155
2563637387 47
2564901090 11
2590626395 84
2612076060 177
2623420502 26
2663355169 55
2675243293 60
2677761041 67
2680647675 110
2689742369 42
2714344193 75
2736746253 163
2739454820 137
2751470307 173
2752981434 120
2759781031 18
2819042102 43
2820570352 94
2877103839 95
2878053286 74
2881898293 53
2931281920 157
2940397723 22
2946051437 103
2947745968 24
2947818890 29
2975899179 63
2976264608 19
3052336121 146
3109774447 6
3118895249 78
3134364972 68
3159294203 125
3197165266 132
3210776703 25
3224180642 48
3236016622 33
3252655057 127
3279979113 144
3305405241 30
3310504013 172
3311786556 46
3326957411 88
3332444146 131
3345103274 61
3346435016 71
3369397036 139
3415828832 153
3419165889 91
3421043283 51
3439938365 14
3475802041 133
3576346154 135
3611753873 39
3637528652 4
3640665415 70
3644108658 128
3650994493 104
3682404586 66
3705166655 34
3794242346 82
3813827420 79
3825964894 179
3834047911 175
3846291404 115
3863463209 90
3880856117 64
3896729982 73
3897441493 40
3930536579 2
3934144507 58
3954570302 83
3978014586 152
3985338750 99
4012176614 167
4020817277 138
4028575057 28
4106514720 56
4120563849 114
4136759817 171
4162517235 169
4168711638 142
4173604952 165
4231238145 154
4269563040 170
4277558944 32
