1800764 71
87484882 110
125896844 79
132851176 63
158100332 159
197722022 160
212966424 147
268465553 69
277378561 97
346763723 105
347327944 99
391851701 51
409984302 32
435153685 109
442087175 127
465915581 101
482554758 82
521460429 6
582418999 114
600757238 45
646992379 176
677338192 87
680353138 123
723386437 88
725606561 2
755509855 124
795357209 7
833957915 46
882923786 166
934031291 83
984515489 98
1029684725 156
1039775941 131
1061673189 19
1102138352 164
1119750476 144
1145535496 119
1163785346 175
1165500044 162
1171145260 26
1187002154 9
1199928407 56
1302911819 16
1315240339 8
1324646409 0
1353077104 29
1399969279 22
1404395783 96
1411244463 27
1423943361 135
1433784421 113
1473496205 10
1481700130 38
1490182304 12
1506500056 24
1540789971 142
1565581772 62
1583240062 116
1593335970 150
1703074003 77
1723374255 90
1755211868 103
1780965381 148
1817977319 35
1832923198 28
1836837436 73
1854296563 120
1880656059 149
1902819574 178
1957456795 129
1965817051 25
1966862849 21
1967912122 106
1979915395 14
1987706045 100
1991912470 161
2034853916 115
2040735391 66
2054922385 112
2070794468 94
2071342302 169
2088744826 39
2137655290 3
2180276089 18
2191007551 138
2245017434 133
2302936662 60
2321067875 61
2335376072 15
2337471812 145
2338681792 1
2352408356 54
2386566304 158
2420023489 152
2493197103 121
2523580740 95
2533558194 157
2563637387 49
2564901090 23
2590626395 64
2612076060 177
2663355169 31
2675243293 67
2677761041 80
2680647675 93
2689742369 50
2714344193 57
2736746253 163
2739454820 137
2751470307 173
2752981434 122
2759781031 20
2819042102 52
2820570352 104
2877103839 108
2878053286 86
2881898293 33
2931281920 155
2946051437 107
2947745968 11
2947818890 41
2975899179 76
2976264608 5
3052336121 140
3109774447 4
3118895249 58
3134364972 81
3159294203 126
3197165266 134
3210776703 36
3224180642 43
3236016622 44
3252655057 128
3279979113 146
3305405241 42
3310504013 172
3311786556 55
3326957411 74
3332444146 130
3345103274 72
3346435016 84
3369397036 141
3415828832 154
3419165889 102
3421043283 59
3475802041 132
3576346154 136
3611753873 48
3637528652 13
3640665415 53
3644108658 125
3650994493 89
3682404586 78
3705166655 34
3794242346 70
3813827420 91
3825964894 179
3834047911 174
3846291404 118
3863463209 92
3880856117 75
3896729982 85
3897441493 37
3930536579 17
3934144507 30
3954570302 68
3978014586 153
3985338750 111
4012176614 165
4020817277 139
4028575057 40
4106514720 65
4120563849 117
4136759817 171
4162517235 168
4168711638 143
4173604952 167
4231238145 151
4269563040 170
4277558944 47
