1800764 103
87484882 115
97068523 5
125896844 53
132851176 81
158100332 155
197722022 160
212966424 152
268465553 101
277378561 99
346763723 90
347327944 105
386235461 21
391851701 58
409984302 48
435153685 93
442087175 133
465915581 118
482554758 72
582418999 88
600757238 12
646992379 175
677338192 112
680353138 121
723386437 65
725606561 4
755509855 106
777434108 23
789663515 1
795357209 6
833957915 36
849924382 9
882923786 166
934031291 96
984515489 75
1029684725 159
1039775941 128
1102138352 164
1119750476 143
1145535496 129
1163785346 174
1165500044 163
1171145260 34
1187002154 45
1199928407 49
1315240339 35
1324646409 0
1353077104 3
1399969279 8
1404395783 74
1411244463 37
1423943361 137
1433784421 127
1481700130 59
1506500056 18
1540789971 135
1565581772 84
1583240062 131
1593335970 147
1648888063 2
1703074003 102
1723374255 68
1755211868 110
1780965381 146
1817977319 40
1832923198 19
1836837436 62
1854296563 130
1880656059 150
1902819574 178
1957456795 122
1965817051 10
1967912122 77
1979915395 16
1987706045 113
1991912470 161
2034853916 124
2040735391 87
2054922385 83
2070794468 116
2071342302 167
2088744826 44
2180276089 31
2191007551 132
2245017434 144
2302936662 67
2321067875 69
2335376072 20
2337471812 149
2352408356 54
2386566304 157
2420023489 145
2493197103 109
2523580740 100
2533558194 154
2563637387 50
2564901090 14
2590626395 92
2612076060 177
2623420502 27
2663355169 61
2675243293 66
2677761041 52
2680647675 114
2689742369 39
2714344193 82
2736746253 162
2739454820 139
2751470307 173
2752981434 108
2759781031 29
2819042102 46
2820570352 78
2877103839 94
2878053286 71
2881898293 56
2931281920 158
2940397723 24
2946051437 104
2947745968 32
2947818890 30
2975899179 60
2976264608 28
3052336121 151
3109774447 17
3118895249 85
3134364972 70
3159294203 111
3197165266 125
3210776703 22
3224180642 51
3236016622 33
3252655057 117
3279979113 140
3305405241 13
3310504013 172
3311786556 41
3326957411 97
3332444146 120
3345103274 57
3346435016 73
3369397036 142
3415828832 153
3419165889 95
3421043283 42
3439938365 15
3475802041 138
3576346154 126
3611753873 25
3637528652 7
3640665415 80
3644108658 136
3650994493 107
3682404586 47
3705166655 38
3794242346 89
3813827420 79
3825964894 179
3834047911 176
3846291404 123
3863463209 98
3880856117 64
3896729982 76
3897441493 43
3934144507 63
3954570302 91
3978014586 148
3985338750 86
4012176614 169
4020817277 141
4028575057 11
4106514720 55
4120563849 119
4136759817 171
4162517235 170
4168711638 134
4173604952 165
4231238145 156
4269563040 168
4277558944 26
