1800764 62
87484882 115
125896844 69
132851176 67
158100332 157
197722022 160
212966424 151
268465553 59
277378561 106
346763723 107
347327944 105
391851701 50
409984302 35
435153685 109
442087175 134
465915581 99
482554758 88
582418999 101
600757238 26
646992379 176
677338192 93
680353138 129
723386437 75
725606561 12
755509855 112
795357209 18
833957915 49
882923786 167
934031291 92
972543760 6
984515489 86
1029684725 158
1039775941 133
1061673189 13
1102138352 164
1119750476 145
1145535496 125
1163785346 174
1165500044 162
1171145260 37
1199928407 64
1303866932 10
1315240339 3
1324646409 0
1353077104 17
1399969279 25
1404395783 83
1411244463 36
1423943361 139
1433784421 113
1473496205 2
1481700130 30
1490182304 5
1506500056 33
1540789971 136
1565581772 63
1583240062 119
1593335970 149
1703074003 68
1723374255 82
1755211868 111
1780965381 147
1817977319 41
1832923198 34
1836837436 79
1854296563 128
1880656059 152
1902819574 178
1957456795 126
1965817051 31
1966862849 9
1967912122 84
1979915395 22
1987706045 103
1991912470 161
2034853916 117
2040735391 70
2054922385 98
2070794468 97
2071342302 169
2088744826 47
2137655290 4
2180276089 24
2191007551 130
2245017434 138
2302936662 71
2321067875 73
2335376072 21
2337471812 148
2338681792 11
2352408356 61
2386566304 159
2420023489 146
2493197103 120
2523580740 104
2533558194 155
2563637387 51
2564901090 32
2590626395 60
2612076060 177
2663355169 19
2675243293 80
2677761041 65
2680647675 96
2689742369 54
2714344193 55
2736746253 163
2739454820 140
2751470307 173
2752981434 118
2759781031 29
2819042102 57
2820570352 89
2877103839 110
2878053286 87
2881898293 23
2931281920 156
2946051437 114
2947745968 14
2947818890 46
2975899179 78
2979186596 8
3052336121 144
3109774447 7
3118895249 52
3134364972 85
3159294203 116
3197165266 131
3210776703 38
3224180642 43
3236016622 48
3252655057 122
3279979113 142
3305405241 28
3310504013 172
3311786556 56
3326957411 72
3332444146 124
3345103274 77
3346435016 90
3369397036 143
3415828832 154
3419165889 108
3421043283 58
3475802041 137
3516413806 1
3576346154 127
3611753873 39
3637528652 20
3640665415 40
3644108658 132
3650994493 94
3682404586 53
3705166655 42
3794242346 76
3813827420 95
3825964894 179
3834047911 175
3846291404 123
3863463209 102
3880856117 81
3896729982 91
3897441493 45
3930536579 16
3934144507 15
3954570302 66
3978014586 150
3985338750 100
4012176614 165
4020817277 141
4028575057 27
4106514720 74
4120563849 121
4136759817 171
4162517235 168
4168711638 135
4173604952 166
4231238145 153
4269563040 170
4277558944 44
