1800764 124
87484882 118
97068523 22
125896844 45
132851176 88
158100332 154
197722022 160
212966424 152
268465553 123
277378561 93
346763723 81
347327944 105
386235461 46
391851701 71
409984302 59
435153685 83
442087175 128
465915581 130
482554758 62
582418999 80
600757238 2
646992379 175
677338192 121
680353138 110
715741596 7
723386437 53
725606561 12
755509855 87
777434108 37
789663515 19
795357209 9
833957915 28
849924382 23
882923786 166
934031291 101
984515489 66
1029684725 159
1039775941 115
1102138352 163
1119750476 142
1145535496 132
1163785346 172
1165500044 164
1171145260 30
1187002154 72
1199928407 44
1315240339 54
1324646409 0
1404395783 64
1411244463 35
1423943361 141
1433784421 134
1481700130 78
1506500056 11
1540789971 131
1565581772 98
1583240062 135
1593335970 145
1648888063 17
1703074003 120
1723374255 58
1755211868 109
1780965381 146
1817977319 36
1832923198 10
1836837436 52
1854296563 133
1880656059 151
1902819574 178
1957456795 107
1965817051 4
1967912122 70
1979915395 16
1987706045 112
1991912470 161
2034853916 129
2040735391 92
2054922385 76
2070794468 127
2071342302 168
2088744826 40
2180276089 31
2191007551 119
2245017434 149
2302936662 73
2321067875 75
2335376072 20
2337471812 148
2352408356 57
2386566304 156
2420023489 140
2493197103 91
2523580740 95
2533558194 155
2563637387 56
2564901090 8
2590626395 108
2612076060 177
2623420502 49
2663355169 82
2675243293 65
2677761041 43
2680647675 125
2689742369 29
2714344193 100
2736746253 162
2739454820 137
2751470307 173
2752981434 89
2759781031 25
2819042102 34
2820570352 69
2877103839 84
2878053286 60
2881898293 79
2931281920 158
2940397723 47
2946051437 99
2947745968 38
2947818890 18
2975899179 51
2976264608 41
3052336121 153
3109774447 24
3118895249 102
3134364972 61
3159294203 90
3197165266 113
3210776703 15
3224180642 67
3236016622 21
3252655057 103
3279979113 136
3305405241 3
3310504013 174
3311786556 26
3326957411 111
3332444146 106
3345103274 50
3346435016 63
3369397036 139
3415828832 150
3419165889 86
3421043283 27
3439938365 39
3475802041 143
3576346154 114
3576952995 6
3611753873 13
3637528652 5
3640665415 94
3644108658 147
3650994493 116
3682404586 33
3705166655 32
3794242346 96
3813827420 74
3825964894 179
3834047911 176
3846291404 122
3863463209 97
3880856117 55
3896729982 68
3897441493 42
3934144507 85
3954570302 104
3978014586 144
3985338750 77
4012176614 169
4020817277 138
4028575057 1
4106514720 48
4120563849 117
4136759817 171
4162517235 170
4168711638 126
4173604952 165
4231238145 157
4269563040 167
4277558944 14
