1800764 140
87484882 125
97068523 48
125896844 16
132851176 106
158100332 151
197722022 164
212966424 155
268465553 138
277378561 103
346763723 82
347327944 112
386235461 73
391851701 91
409984302 87
435153685 80
442087175 117
465915581 144
482554758 52
582418999 46
646992379 175
677338192 131
680353138 99
715741596 27
723386437 15
725606561 25
755509855 54
777434108 67
789663515 40
795357209 19
833957915 32
849924382 51
882923786 168
905458755 20
934031291 110
984515489 29
1029684725 160
1039775941 92
1102138352 166
1119750476 130
1145535496 136
1163785346 170
1165500044 169
1171145260 47
1187002154 93
1199928407 43
1303866932 13
1315240339 84
1324646409 0
1404395783 23
1411244463 61
1423943361 145
1433784421 147
1481700130 96
1506500056 9
1540789971 97
1565581772 113
1583240062 148
1593335970 127
1648888063 39
1703074003 135
1723374255 24
1755211868 115
1780965381 129
1817977319 59
1832923198 5
1836837436 42
1854296563 137
1878223483 3
1880656059 150
1957456795 76
1967912122 21
1979915395 30
1987706045 122
1991912470 161
2034853916 139
2040735391 107
2054922385 37
2070794468 143
2071342302 167
2088744826 62
2180276089 58
2191007551 79
2245017434 154
2302936662 88
2321067875 89
2335376072 33
2337471812 149
2352408356 77
2386566304 156
2420023489 111
2493197103 83
2523580740 104
2533558194 152
2563637387 81
2564901090 6
2590626395 124
2612076060 177
2623420502 78
2663355169 100
2675243293 74
2677761041 8
2680647675 141
2689742369 31
2714344193 116
2727339584 7
2736746253 163
2739454820 132
2751470307 174
2752981434 69
2759781031 38
2819042102 41
2820570352 26
2877103839 86
2878053286 35
2881898293 98
2931281920 158
2939038785 12
2940397723 75
2946051437 101
2947745968 68
2947818890 18
2975899179 34
2976264608 70
3052336121 157
3109774447 50
3118895249 118
3134364972 57
3159294203 56
3197165266 85
3210776703 10
3224180642 90
3236016622 22
3252655057 66
3279979113 114
3310504013 176
3311786556 11
3326957411 126
3332444146 71
3345103274 36
3346435016 44
3369397036 134
3415828832 142
3419165889 95
3421043283 4
3439938365 65
3475802041 146
3576346154 72
3576952995 28
3637528652 14
3640665415 109
3644108658 153
3650994493 128
3705166655 55
3794242346 108
3813827420 64
3825964894 179
3834047911 178
3846291404 123
3863463209 105
3880856117 49
3896729982 60
3897441493 63
3934144507 102
3954570302 120
3978014586 119
3985338750 53
4012176614 171
4020817277 133
4074327253 17
4088869787 1
4106514720 45
4120563849 121
4136759817 172
4162517235 173
4168711638 94
4173604952 165
4231238145 159
4269563040 162
4277558944 2
