1800764 76
87484882 113
125896844 70
132851176 66
158100332 157
197722022 160
212966424 149
268465553 68
277378561 100
346763723 104
347327944 102
391851701 52
409984302 37
435153685 109
442087175 133
465915581 107
482554758 83
521460429 3
582418999 110
600757238 34
646992379 176
677338192 92
680353138 125
723386437 82
725606561 6
755509855 119
795357209 12
833957915 48
882923786 167
934031291 88
984515489 90
1029684725 158
1039775941 132
1061673189 13
1102138352 164
1119750476 145
1145535496 121
1163785346 174
1165500044 162
1171145260 29
1187002154 11
1199928407 57
1302911819 9
1303866932 1
1315240339 10
1324646409 0
1353077104 20
1399969279 22
1404395783 89
1411244463 31
1423943361 136
1433784421 114
1473496205 4
1481700130 42
1490182304 8
1506500056 26
1540789971 139
1565581772 62
1583240062 117
1593335970 148
1703074003 80
1723374255 85
1755211868 111
1780965381 147
1817977319 39
1832923198 27
1836837436 74
1854296563 124
1880656059 151
1902819574 178
1957456795 128
1965817051 25
1966862849 16
1967912122 93
1979915395 18
1987706045 105
1991912470 161
2034853916 115
2040735391 72
2054922385 103
2070794468 98
2071342302 168
2088744826 46
2180276089 21
2191007551 134
2245017434 137
2302936662 61
2321067875 63
2335376072 19
2337471812 146
2338681792 2
2352408356 56
2386566304 159
2420023489 150
2493197103 120
2523580740 99
2533558194 156
2563637387 50
2564901090 24
2590626395 65
2612076060 177
2663355169 32
2675243293 67
2677761041 69
2680647675 97
2689742369 49
2714344193 59
2736746253 163
2739454820 140
2751470307 173
2752981434 122
2759781031 23
2819042102 51
2820570352 94
2877103839 108
2878053286 86
2881898293 35
2931281920 155
2946051437 112
2947745968 15
2947818890 41
2975899179 75
2976264608 5
3052336121 143
3109774447 7
3118895249 58
3134364972 81
3159294203 123
3197165266 130
3210776703 36
3224180642 47
3236016622 45
3252655057 126
3279979113 144
3305405241 33
3310504013 172
3311786556 54
3326957411 79
3332444146 127
3345103274 71
3346435016 84
3369397036 142
3415828832 154
3419165889 101
3421043283 55
3475802041 135
3576346154 131
3611753873 44
3637528652 17
3640665415 53
3644108658 129
3650994493 95
3682404586 60
3705166655 38
3794242346 78
3813827420 91
3825964894 179
3834047911 175
3846291404 118
3863463209 96
3880856117 77
3896729982 87
3897441493 40
3930536579 14
3934144507 28
3954570302 73
3978014586 152
3985338750 106
4012176614 165
4020817277 141
4028575057 30
4106514720 64
4120563849 116
4136759817 171
4162517235 169
4168711638 138
4173604952 166
4231238145 153
4269563040 170
4277558944 43
