1800764 23
87484882 75
125896844 109
132851176 18
143419484 6
158100332 147
197722022 122
212966424 119
268465553 21
277378561 78
346763723 105
347327944 67
366165566 27
391851701 8
435153685 110
442087175 116
456854657 61
465915581 59
480126874 48
482554758 101
521460429 70
582418999 133
600757238 95
646992379 174
677338192 49
680353138 117
723386437 121
755509855 154
833957915 32
882923786 157
934031291 52
972543760 2
976519997 35
984515489 123
1029684725 128
1039775941 150
1061459597 178
1061673189 76
1102138352 152
1119750476 137
1145535496 85
1163785346 175
1165500044 139
1199928407 60
1302911819 90
1324646409 0
1353077104 89
1399969279 55
1402099477 43
1404395783 125
1423943361 113
1433784421 66
1462563128 58
1473496205 71
1490182304 69
1497564029 63
1506500056 30
1540789971 161
1565581772 16
1567831198 12
1583240062 77
1593335970 146
1703074003 25
1723374255 115
1755211868 72
1780965381 142
1817977319 3
1832923198 38
1836837436 87
1854296563 91
1880656059 132
1902819574 177
1957456795 159
1965817051 45
1966862849 99
1967912122 138
1987706045 64
1991912470 145
2023365118 34
2034853916 79
2040735391 22
2054922385 134
2070794468 57
2071342302 163
2088744826 11
2115991866 40
2137655290 28
2191007551 173
2245017434 107
2273076216 19
2302936662 37
2321067875 36
2337471812 127
2338681792 10
2352408356 29
2386566304 140
2420023489 162
2455595861 39
2493197103 130
2523580740 73
2533558194 144
2563637387 15
2564901090 33
2590626395 17
2612076060 176
2618357298 31
2654090424 9
2675243293 62
2677761041 114
2680647675 56
2689742369 50
2714344193 14
2736746253 149
2739454820 126
2751470307 171
2752981434 141
2819042102 41
2820570352 135
2877103839 106
2878053286 108
2931281920 136
2946051437 88
2947818890 46
2975899179 98
3052336121 111
3118895249 13
3134364972 97
3159294203 155
3197165266 158
3210776703 47
3236016622 44
3252655057 166
3279979113 148
3305405241 82
3310504013 164
3311786556 84
3326957411 24
3332444146 165
3345103274 93
3346435016 104
3369397036 131
3415828832 153
3419165889 86
3421043283 100
3453834671 51
3475802041 112
3576346154 169
3611753873 81
3640665415 1
3644108658 96
3650994493 53
3682404586 124
3705166655 7
3794242346 26
3813827420 103
3825964894 179
3834047911 170
3846291404 94
3863463209 68
3880856117 83
3896729982 102
3897441493 4
3930536579 54
3954570302 20
3978014586 156
3985338750 118
4012176614 143
4020817277 129
4025582691 42
4028575057 80
4071585141 5
4106514720 74
4120563849 92
4136759817 167
4162517235 151
4168711638 168
4173604952 160
4231238145 120
4269563040 172
4277558944 65
