1800764 109
87484882 117
97068523 9
125896844 51
132851176 84
158100332 154
197722022 160
212966424 153
268465553 107
277378561 98
346763723 86
347327944 108
386235461 25
391851701 60
409984302 49
435153685 90
442087175 133
465915581 122
482554758 71
582418999 83
600757238 10
646992379 175
677338192 113
680353138 119
723386437 59
725606561 4
755509855 101
777434108 24
789663515 2
795357209 7
833957915 35
849924382 13
882923786 166
934031291 96
984515489 75
1029684725 159
1039775941 126
1102138352 164
1119750476 143
1145535496 130
1163785346 174
1165500044 163
1171145260 34
1187002154 47
1199928407 48
1315240339 41
1324646409 0
1353077104 1
1399969279 5
1404395783 73
1411244463 37
1423943361 138
1433784421 129
1481700130 63
1506500056 15
1540789971 135
1565581772 87
1583240062 132
1593335970 146
1648888063 3
1703074003 106
1723374255 65
1755211868 110
1780965381 147
1817977319 42
1832923198 16
1836837436 58
1854296563 131
1880656059 150
1902819574 178
1957456795 116
1965817051 12
1967912122 77
1979915395 17
1987706045 112
1991912470 161
2034853916 127
2040735391 88
2054922385 80
2070794468 120
2071342302 167
2088744826 44
2180276089 32
2191007551 128
2245017434 148
2302936662 70
2321067875 74
2335376072 21
2337471812 149
2352408356 55
2386566304 157
2420023489 144
2493197103 105
2523580740 100
2533558194 155
2563637387 52
2564901090 14
2590626395 94
2612076060 177
2623420502 30
2663355169 64
2675243293 66
2677761041 50
2680647675 118
2689742369 39
2714344193 85
2736746253 162
2739454820 140
2751470307 173
2752981434 103
2759781031 27
2819042102 45
2820570352 78
2877103839 91
2878053286 68
2881898293 62
2931281920 158
2940397723 28
2946051437 102
2947745968 33
2947818890 26
2975899179 57
2976264608 29
3052336121 152
3109774447 18
3118895249 89
3134364972 69
3159294203 104
3197165266 124
3210776703 22
3224180642 54
3236016622 31
3252655057 114
3279979113 137
3305405241 11
3310504013 172
3311786556 36
3326957411 99
3332444146 115
3345103274 56
3346435016 72
3369397036 142
3415828832 151
3419165889 95
3421043283 40
3439938365 19
3475802041 139
3576346154 123
3611753873 20
3637528652 6
3640665415 81
3644108658 136
3650994493 111
3682404586 46
3705166655 38
3794242346 92
3813827420 79
3825964894 179
3834047911 176
3846291404 125
3863463209 97
3880856117 61
3896729982 76
3897441493 43
3934144507 67
3954570302 93
3978014586 145
3985338750 82
4012176614 169
4020817277 141
4028575057 8
4106514720 53
4120563849 121
4136759817 171
4162517235 170
4168711638 134
4173604952 165
4231238145 156
4269563040 168
4277558944 23
