1800764 29
87484882 96
125896844 88
132851176 50
158100332 159
197722022 146
212966424 139
268465553 24
277378561 93
346763723 110
347327944 87
391851701 35
409984302 13
435153685 117
442087175 128
465915581 75
482554758 95
521460429 23
582418999 120
600757238 62
646992379 175
677338192 68
680353138 123
723386437 101
755509855 124
795357209 9
833957915 54
882923786 166
934031291 73
972543760 5
976519997 12
984515489 108
1029684725 150
1039775941 134
1061459597 178
1061673189 39
1102138352 164
1119750476 144
1145535496 107
1163785346 174
1165500044 160
1171145260 26
1199928407 69
1302911819 31
1324646409 0
1353077104 51
1399969279 46
1402099477 8
1404395783 106
1411244463 22
1423943361 130
1433784421 84
1462563128 10
1473496205 27
1490182304 28
1497564029 11
1506500056 42
1540789971 147
1565581772 38
1583240062 94
1593335970 152
1703074003 40
1723374255 104
1755211868 92
1780965381 151
1817977319 30
1832923198 47
1836837436 80
1854296563 111
1880656059 145
1902819574 177
1957456795 133
1965817051 48
1966862849 44
1967912122 114
1979915395 14
1987706045 79
1991912470 161
2034853916 97
2040735391 52
2054922385 119
2070794468 71
2071342302 168
2088744826 37
2137655290 17
2180276089 4
2191007551 141
2245017434 122
2273076216 3
2302936662 67
2321067875 66
2335376072 7
2337471812 142
2338681792 15
2352408356 58
2386566304 156
2420023489 154
2493197103 121
2523580740 91
2533558194 158
2563637387 41
2564901090 43
2590626395 33
2612076060 176
2675243293 76
2677761041 90
2680647675 70
2689742369 64
2714344193 25
2736746253 163
2739454820 137
2751470307 172
2752981434 125
2759781031 21
2819042102 61
2820570352 113
2877103839 115
2878053286 100
2931281920 153
2946051437 105
2947818890 55
2975899179 85
2979186596 6
3052336121 129
3118895249 20
3134364972 89
3159294203 126
3197165266 135
3210776703 53
3224180642 19
3236016622 56
3252655057 131
3279979113 149
3305405241 60
3310504013 169
3311786556 74
3326957411 49
3332444146 132
3345103274 81
3346435016 99
3369397036 140
3415828832 157
3419165889 103
3421043283 77
3453834671 1
3475802041 127
3576346154 136
3611753873 65
3637528652 18
3640665415 2
3644108658 116
3650994493 72
3682404586 83
3705166655 34
3794242346 57
3813827420 102
3825964894 179
3834047911 173
3846291404 112
3863463209 86
3880856117 82
3896729982 98
3897441493 32
3930536579 36
3954570302 45
3978014586 155
3985338750 118
4012176614 162
4020817277 138
4025582691 16
4028575057 59
4106514720 78
4120563849 109
4136759817 170
4162517235 165
4168711638 148
4173604952 167
4231238145 143
4269563040 171
4277558944 63
