1800764 114
87484882 89
97068523 18
125896844 84
132851176 63
158100332 148
197722022 152
212966424 134
268465553 116
277378561 69
346763723 82
347327944 76
386235461 47
391851701 37
409984302 31
435153685 90
442087175 118
456854657 24
465915581 106
482554758 64
521460429 32
582418999 120
600757238 51
646992379 176
677338192 95
680353138 111
715741596 17
723386437 112
755509855 147
777434108 35
789663515 23
833957915 11
849924382 10
882923786 165
934031291 71
984515489 113
1029684725 143
1039775941 139
1061673189 34
1102138352 162
1119750476 135
1145535496 101
1163785346 175
1165500044 160
1187002154 74
1199928407 28
1302911819 53
1315240339 45
1324646409 0
1353077104 48
1399969279 7
1404395783 115
1411244463 6
1423943361 124
1433784421 108
1462563128 13
1473496205 33
1481700130 56
1490182304 29
1497564029 22
1540789971 154
1565581772 77
1583240062 109
1593335970 141
1648888063 3
1703074003 107
1723374255 103
1755211868 80
1780965381 138
1817977319 9
1836837436 52
1854296563 104
1880656059 136
1902819574 178
1957456795 151
1965817051 1
1966862849 62
1967912122 128
1987706045 81
1991912470 159
2034853916 99
2040735391 67
2054922385 123
2070794468 105
2071342302 168
2088744826 14
2115991866 2
2191007551 167
2245017434 126
2302936662 38
2321067875 39
2337471812 132
2352408356 27
2386566304 144
2420023489 155
2493197103 121
2523580740 68
2533558194 145
2563637387 25
2590626395 96
2612076060 177
2623420502 59
2663355169 79
2675243293 41
2677761041 100
2680647675 102
2689742369 19
2714344193 87
2736746253 161
2739454820 127
2751470307 173
2752981434 133
2819042102 20
2820570352 125
2877103839 86
2878053286 83
2881898293 61
2931281920 142
2940397723 49
2946051437 78
2947745968 21
2947818890 12
2975899179 57
2976264608 30
3052336121 131
3118895249 94
3134364972 58
3159294203 150
3197165266 149
3210776703 8
3224180642 36
3236016622 16
3252655057 157
3279979113 140
3305405241 44
3310504013 172
3311786556 46
3326957411 91
3332444146 156
3345103274 54
3346435016 75
3369397036 130
3415828832 146
3419165889 72
3421043283 60
3439938365 55
3475802041 122
3576346154 163
3611753873 42
3640665415 92
3644108658 119
3650994493 88
3682404586 117
3705166655 5
3794242346 70
3813827420 73
3825964894 179
3834047911 174
3846291404 98
3863463209 66
3880856117 50
3896729982 65
3897441493 15
3930536579 4
3934144507 97
3954570302 85
3978014586 153
3985338750 110
4012176614 164
4020817277 129
4028575057 40
4106514720 43
4120563849 93
4136759817 171
4162517235 169
4168711638 158
4173604952 166
4231238145 137
4269563040 170
4277558944 26
