1800764 122
87484882 100
97068523 24
125896844 63
132851176 72
158100332 155
197722022 160
212966424 145
268465553 124
277378561 75
346763723 73
347327944 87
386235461 55
391851701 48
409984302 43
435153685 83
442087175 121
465915581 118
482554758 61
521460429 3
582418999 104
600757238 35
646992379 176
677338192 108
680353138 110
715741596 15
723386437 86
755509855 130
777434108 42
789663515 30
833957915 16
849924382 20
882923786 166
905458755 6
934031291 82
984515489 90
1029684725 159
1039775941 128
1061673189 9
1102138352 164
1119750476 135
1145535496 113
1163785346 174
1165500044 163
1171145260 13
1187002154 70
1199928407 36
1302911819 25
1315240339 54
1324646409 0
1353077104 31
1404395783 91
1411244463 21
1423943361 126
1433784421 119
1473496205 5
1481700130 65
1490182304 4
1540789971 147
1565581772 88
1583240062 120
1593335970 146
1648888063 14
1703074003 116
1723374255 74
1755211868 89
1780965381 142
1817977319 22
1832923198 1
1836837436 50
1854296563 115
1880656059 143
1902819574 178
1957456795 136
1966862849 37
1967912122 109
1987706045 94
1991912470 161
2034853916 112
2040735391 79
2054922385 106
2070794468 117
2071342302 167
2088744826 26
2180276089 17
2191007551 157
2245017434 134
2302936662 49
2321067875 52
2335376072 2
2337471812 138
2352408356 41
2386566304 158
2420023489 150
2493197103 111
2523580740 77
2533558194 154
2563637387 39
2590626395 105
2612076060 177
2623420502 60
2663355169 80
2675243293 46
2677761041 69
2680647675 114
2689742369 23
2714344193 93
2736746253 162
2739454820 129
2751470307 173
2752981434 123
2759781031 7
2819042102 28
2820570352 101
2877103839 78
2878053286 67
2881898293 68
2931281920 156
2940397723 57
2946051437 84
2947745968 34
2947818890 10
2975899179 56
2976264608 40
3052336121 144
3109774447 11
3118895249 99
3134364972 59
3159294203 133
3197165266 137
3210776703 8
3224180642 47
3236016622 12
3252655057 140
3279979113 139
3305405241 32
3310504013 172
3311786556 38
3326957411 103
3332444146 141
3345103274 51
3346435016 64
3369397036 132
3415828832 151
3419165889 71
3421043283 45
3439938365 58
3475802041 125
3576346154 153
3611753873 33
3640665415 97
3644108658 127
3650994493 98
3682404586 85
3705166655 19
3794242346 81
3813827420 66
3825964894 179
3834047911 175
3846291404 107
3863463209 76
3880856117 53
3896729982 62
3897441493 29
3934144507 96
3954570302 95
3978014586 149
3985338750 92
4012176614 168
4020817277 131
4028575057 27
4106514720 44
4120563849 102
4136759817 171
4162517235 169
4168711638 148
4173604952 165
4231238145 152
4269563040 170
4277558944 18
