1800764 78
87484882 109
125896844 75
132851176 65
158100332 159
197722022 160
212966424 147
268465553 76
277378561 94
346763723 103
347327944 95
391851701 52
409984302 34
435153685 108
442087175 127
465915581 104
482554758 82
521460429 8
582418999 115
600757238 47
646992379 176
677338192 88
680353138 122
723386437 91
755509855 125
777434108 3
795357209 5
833957915 39
882923786 166
934031291 83
984515489 101
1029684725 156
1039775941 133
1061673189 20
1102138352 164
1119750476 142
1145535496 119
1163785346 175
1165500044 162
1171145260 25
1187002154 18
1199928407 54
1302911819 17
1315240339 14
1324646409 0
1353077104 31
1399969279 23
1404395783 100
1411244463 27
1423943361 131
1433784421 112
1473496205 11
1481700130 46
1490182304 12
1506500056 21
1540789971 143
1565581772 64
1583240062 117
1593335970 150
1703074003 79
1723374255 90
1755211868 102
1780965381 149
1817977319 30
1832923198 26
1836837436 69
1854296563 120
1880656059 148
1902819574 178
1957456795 130
1965817051 24
1966862849 28
1967912122 110
1979915395 9
1987706045 97
1991912470 161
2034853916 114
2040735391 66
2054922385 113
2070794468 99
2071342302 169
2088744826 36
2180276089 16
2191007551 141
2245017434 132
2302936662 58
2321067875 59
2335376072 10
2337471812 144
2352408356 53
2386566304 158
2420023489 152
2493197103 121
2523580740 93
2533558194 157
2563637387 49
2564901090 22
2590626395 68
2612076060 177
2623420502 4
2663355169 43
2675243293 63
2677761041 81
2680647675 98
2689742369 48
2714344193 60
2736746253 163
2739454820 136
2751470307 173
2752981434 123
2759781031 19
2819042102 51
2820570352 107
2877103839 106
2878053286 86
2881898293 40
2931281920 155
2940397723 2
2946051437 105
2947745968 13
2947818890 35
2975899179 72
2976264608 6
3052336121 140
3109774447 1
3118895249 62
3134364972 77
3159294203 126
3197165266 135
3210776703 32
3224180642 44
3236016622 37
3252655057 129
3279979113 146
3305405241 41
3310504013 172
3311786556 55
3326957411 74
3332444146 134
3345103274 67
3346435016 84
3369397036 139
3415828832 154
3419165889 96
3421043283 57
3475802041 128
3576346154 138
3611753873 50
3637528652 7
3640665415 56
3644108658 124
3650994493 89
3682404586 80
3705166655 29
3794242346 73
3813827420 87
3825964894 179
3834047911 174
3846291404 118
3863463209 92
3880856117 70
3896729982 85
3897441493 33
3930536579 15
3934144507 45
3954570302 71
3978014586 153
3985338750 111
4012176614 165
4020817277 137
4028575057 38
4106514720 61
4120563849 116
4136759817 171
4162517235 168
4168711638 145
4173604952 167
4231238145 151
4269563040 170
4277558944 42
