87484882 68
125896844 113
132851176 7
143419484 22
158100332 149
197722022 114
212966424 116
277378561 73
346763723 107
347327944 63
366165566 36
435153685 111
442087175 118
456854657 69
465915581 31
480126874 57
482554758 101
521460429 77
582418999 135
600757238 97
646992379 174
677338192 25
680353138 119
723386437 124
755509855 157
833957915 37
882923786 155
934031291 33
972543760 20
976519997 45
984515489 129
1029684725 121
1039775941 152
1061459597 176
1061673189 82
1102138352 148
1119750476 138
1145535496 75
1163785346 178
1165500044 132
1171145260 3
1199928407 62
1302911819 93
1324646409 0
1353077104 94
1399969279 60
1402099477 56
1404395783 130
1423943361 112
1433784421 48
1462563128 64
1473496205 80
1490182304 76
1497564029 71
1506500056 38
1540789971 164
1567831198 26
1583240062 59
1593335970 150
1721069724 18
1723374255 120
1755211868 70
1780965381 145
1817977319 6
1832923198 46
1836837436 92
1854296563 81
1880656059 128
1902819574 177
1957456795 163
1965817051 51
1966862849 99
1967912122 141
1987706045 52
1991912470 143
2023365118 39
2034853916 67
2040735391 8
2054922385 136
2070794468 28
2071342302 158
2088744826 14
2115991866 47
2137655290 41
2191007551 173
2245017434 100
2273076216 35
2302936662 34
2321067875 32
2335932329 13
2337471812 123
2338681792 23
2352408356 29
2386566304 140
2420023489 165
2455595861 43
2493197103 134
2523580740 72
2533558194 146
2563637387 9
2564901090 42
2612076060 175
2616533013 11
2618357298 40
2654090424 24
2675243293 66
2677761041 117
2680647675 27
2689742369 54
2736746253 144
2739454820 126
2751470307 170
2752981434 147
2819042102 44
2820570352 137
2877103839 108
2878053286 110
2931281920 133
2946051437 85
2947818890 50
2975899179 98
2979186596 16
3052336121 105
3134364972 96
3159294203 159
3197165266 162
3210776703 55
3236016622 49
3252655057 167
3279979113 151
3305405241 90
3310504013 154
3311786556 91
3326957411 2
3332444146 166
3345103274 95
3346435016 106
3369397036 131
3415828832 153
3419165889 86
3421043283 103
3453834671 58
3475802041 109
3570828790 17
3576346154 172
3611753873 88
3637528652 12
3644108658 78
3650994493 30
3682404586 125
3705166655 10
3735285954 4
3794242346 15
3813827420 104
3825964894 179
3834047911 168
3846291404 84
3863463209 65
3880856117 89
3896729982 102
3897441493 5
3930536579 61
3954570302 1
3978014586 160
3985338750 122
4012176614 139
4020817277 127
4025582691 53
4028575057 87
4071585141 21
4084769632 19
4106514720 79
4120563849 83
4136759817 161
4162517235 142
4168711638 169
4173604952 156
4231238145 115
4269563040 171
4277558944 74
