1800764 100
87484882 125
97068523 5
125896844 49
132851176 87
158100332 154
197722022 160
212966424 153
268465553 96
277378561 110
346763723 92
347327944 116
386235461 13
391851701 69
409984302 51
435153685 93
442087175 135
465915581 124
482554758 73
582418999 83
600757238 4
646992379 175
677338192 115
680353138 123
723386437 50
725606561 12
755509855 88
777434108 18
795357209 16
833957915 40
849924382 9
882923786 166
934031291 104
984515489 65
1029684725 159
1039775941 121
1102138352 164
1119750476 145
1145535496 132
1163785346 173
1165500044 163
1171145260 39
1187002154 33
1199928407 54
1303866932 6
1315240339 30
1324646409 0
1399969279 10
1404395783 63
1411244463 41
1423943361 142
1433784421 130
1481700130 57
1506500056 23
1540789971 131
1565581772 86
1583240062 133
1593335970 146
1648888063 2
1703074003 101
1723374255 59
1755211868 119
1780965381 147
1817977319 45
1832923198 22
1836837436 66
1854296563 134
1880656059 151
1902819574 178
1957456795 108
1965817051 17
1967912122 61
1979915395 25
1987706045 118
1991912470 161
2034853916 129
2040735391 90
2054922385 78
2070794468 122
2071342302 167
2088744826 47
2180276089 37
2191007551 113
2245017434 148
2302936662 76
2321067875 80
2335376072 28
2337471812 149
2352408356 68
2386566304 157
2420023489 137
2493197103 106
2523580740 111
2533558194 155
2563637387 58
2564901090 21
2590626395 91
2612076060 177
2623420502 11
2663355169 53
2675243293 75
2677761041 42
2680647675 120
2689742369 44
2714344193 84
2736746253 162
2739454820 139
2751470307 172
2752981434 98
2759781031 34
2819042102 48
2820570352 67
2877103839 97
2878053286 71
2881898293 55
2931281920 158
2940397723 14
2946051437 112
2947745968 31
2947818890 32
2975899179 62
2976264608 24
3052336121 152
3109774447 20
3118895249 85
3134364972 74
3159294203 89
3197165266 117
3210776703 27
3224180642 56
3236016622 36
3252655057 102
3279979113 136
3305405241 7
3310504013 174
3311786556 38
3326957411 99
3332444146 105
3345103274 60
3346435016 72
3369397036 144
3415828832 150
3419165889 103
3421043283 35
3439938365 3
3475802041 143
3576346154 107
3576952995 1
3611753873 19
3637528652 15
3640665415 77
3644108658 138
3650994493 114
3682404586 29
3705166655 43
3794242346 95
3813827420 81
3825964894 179
3834047911 176
3846291404 128
3863463209 109
3880856117 70
3896729982 79
3897441493 46
3934144507 52
3954570302 94
3978014586 141
3985338750 82
4012176614 169
4020817277 140
4028575057 8
4106514720 64
4120563849 126
4136759817 171
4162517235 170
4168711638 127
4173604952 165
4231238145 156
4269563040 168
4277558944 26
