1800764 60
87484882 118
125896844 66
132851176 70
158100332 156
197722022 160
212966424 151
268465553 58
277378561 110
346763723 104
347327944 109
391851701 55
409984302 35
435153685 108
442087175 136
465915581 101
482554758 90
582418999 99
600757238 22
646992379 176
677338192 93
680353138 131
723386437 68
725606561 15
755509855 102
795357209 19
833957915 50
882923786 167
934031291 94
972543760 7
984515489 85
1029684725 158
1039775941 132
1061673189 9
1102138352 164
1119750476 145
1145535496 129
1163785346 174
1165500044 162
1171145260 39
1199928407 65
1303866932 12
1315240339 4
1324646409 0
1353077104 14
1399969279 28
1404395783 82
1411244463 37
1423943361 139
1433784421 114
1481700130 29
1490182304 1
1506500056 33
1540789971 135
1565581772 63
1583240062 123
1593335970 148
1703074003 67
1723374255 80
1755211868 113
1780965381 149
1817977319 43
1832923198 34
1836837436 81
1854296563 130
1880656059 152
1902819574 178
1957456795 124
1965817051 30
1966862849 2
1967912122 79
1979915395 24
1987706045 106
1991912470 161
2034853916 122
2040735391 72
2054922385 92
2070794468 100
2071342302 168
2088744826 49
2137655290 5
2180276089 27
2191007551 125
2245017434 138
2302936662 74
2321067875 75
2335376072 23
2337471812 150
2338681792 11
2352408356 64
2386566304 159
2420023489 144
2493197103 120
2523580740 107
2533558194 155
2563637387 56
2564901090 31
2590626395 61
2612076060 177
2663355169 18
2675243293 83
2677761041 62
2680647675 97
2689742369 57
2714344193 54
2736746253 163
2739454820 141
2751470307 173
2752981434 115
2759781031 32
2819042102 59
2820570352 86
2877103839 111
2878053286 87
2881898293 20
2931281920 157
2946051437 116
2947745968 16
2947818890 46
2975899179 78
2979186596 10
3044575483 3
3052336121 146
3109774447 8
3118895249 51
3134364972 88
3159294203 105
3197165266 128
3210776703 40
3224180642 42
3236016622 48
3252655057 117
3279979113 140
3305405241 25
3310504013 172
3311786556 53
3326957411 71
3332444146 119
3345103274 76
3346435016 89
3369397036 143
3415828832 153
3419165889 112
3421043283 52
3475802041 137
3516413806 6
3576346154 121
3611753873 36
3637528652 21
3640665415 38
3644108658 133
3650994493 96
3682404586 45
3705166655 44
3794242346 77
3813827420 95
3825964894 179
3834047911 175
3846291404 127
3863463209 103
3880856117 84
3896729982 91
3897441493 47
3930536579 17
3934144507 13
3954570302 69
3978014586 147
3985338750 98
4012176614 165
4020817277 142
4028575057 26
4106514720 73
4120563849 126
4136759817 171
4162517235 169
4168711638 134
4173604952 166
4231238145 154
4269563040 170
4277558944 41
