1800764 71
87484882 91
125896844 107
132851176 44
158100332 146
197722022 138
212966424 128
268465553 70
277378561 80
346763723 104
347327944 78
366165566 4
391851701 22
409984302 6
435153685 108
442087175 119
456854657 38
465915581 85
480126874 21
482554758 93
521460429 51
582418999 123
600757238 75
646992379 175
677338192 68
680353138 115
723386437 116
755509855 148
833957915 23
882923786 164
934031291 61
976519997 9
984515489 118
1029684725 137
1039775941 142
1061459597 178
1061673189 56
1102138352 161
1119750476 135
1145535496 101
1163785346 174
1165500044 149
1187002154 17
1199928407 43
1302911819 72
1324646409 0
1353077104 69
1399969279 32
1402099477 16
1404395783 121
1423943361 117
1433784421 94
1462563128 34
1473496205 52
1481700130 24
1490182304 50
1497564029 39
1506500056 11
1540789971 155
1565581772 47
1583240062 98
1593335970 144
1703074003 64
1723374255 111
1755211868 84
1780965381 140
1817977319 1
1832923198 20
1836837436 76
1854296563 103
1880656059 134
1902819574 177
1957456795 153
1965817051 27
1966862849 88
1967912122 132
1987706045 77
1991912470 152
2023365118 10
2034853916 96
2040735391 49
2054922385 125
2070794468 83
2071342302 166
2088744826 8
2115991866 18
2137655290 3
2191007551 168
2245017434 112
2302936662 41
2321067875 42
2337471812 131
2352408356 33
2386566304 141
2420023489 157
2455595861 13
2493197103 124
2523580740 79
2533558194 145
2563637387 19
2564901090 14
2590626395 58
2612076060 176
2618357298 7
2663355169 36
2675243293 55
2677761041 110
2680647675 82
2689742369 37
2714344193 48
2736746253 156
2739454820 127
2751470307 172
2752981434 136
2819042102 35
2820570352 126
2877103839 105
2878053286 106
2881898293 26
2931281920 139
2946051437 92
2947818890 30
2975899179 86
3052336121 122
3118895249 54
3134364972 87
3159294203 150
3197165266 151
3210776703 28
3224180642 12
3236016622 31
3252655057 159
3279979113 143
3305405241 65
3310504013 170
3311786556 66
3326957411 59
3332444146 158
3345103274 81
3346435016 100
3369397036 130
3415828832 147
3419165889 90
3421043283 89
3453834671 25
3475802041 113
3576346154 167
3611753873 63
3640665415 46
3644108658 109
3650994493 67
3682404586 120
3705166655 2
3794242346 53
3813827420 97
3825964894 179
3834047911 173
3846291404 102
3863463209 73
3880856117 74
3896729982 95
3897441493 5
3930536579 29
3934144507 40
3954570302 57
3978014586 154
3985338750 114
4012176614 160
4020817277 129
4025582691 15
4028575057 62
4106514720 60
4120563849 99
4136759817 169
4162517235 162
4168711638 163
4173604952 165
4231238145 133
4269563040 171
4277558944 45
