1800764 75
87484882 97
125896844 95
132851176 56
158100332 154
197722022 149
212966424 132
268465553 74
277378561 86
346763723 102
347327944 83
391851701 38
409984302 21
435153685 109
442087175 125
456854657 10
465915581 91
480126874 4
482554758 85
521460429 33
582418999 118
600757238 60
646992379 175
677338192 79
680353138 120
723386437 112
755509855 134
833957915 30
882923786 166
934031291 70
976519997 2
984515489 113
1029684725 144
1039775941 136
1061459597 178
1061673189 41
1102138352 163
1119750476 135
1145535496 107
1163785346 174
1165500044 160
1171145260 11
1187002154 14
1199928407 47
1302911819 46
1315240339 6
1324646409 0
1353077104 52
1399969279 26
1402099477 5
1404395783 114
1411244463 12
1423943361 126
1433784421 99
1462563128 13
1473496205 37
1481700130 31
1490182304 35
1497564029 17
1506500056 18
1540789971 150
1565581772 58
1583240062 105
1593335970 146
1703074003 69
1723374255 108
1755211868 90
1780965381 140
1817977319 16
1832923198 24
1836837436 73
1854296563 110
1880656059 137
1902819574 177
1957456795 141
1965817051 25
1966862849 57
1967912122 121
1987706045 84
1991912470 161
2034853916 100
2040735391 61
2054922385 119
2070794468 88
2071342302 168
2088744826 23
2137655290 1
2180276089 3
2191007551 159
2245017434 123
2302936662 48
2321067875 50
2337471812 133
2352408356 44
2386566304 151
2420023489 157
2493197103 122
2523580740 82
2533558194 152
2563637387 32
2564901090 19
2590626395 67
2612076060 176
2663355169 39
2675243293 62
2677761041 101
2680647675 87
2689742369 42
2714344193 55
2736746253 162
2739454820 129
2751470307 172
2752981434 128
2759781031 7
2819042102 40
2820570352 117
2877103839 103
2878053286 98
2881898293 29
2931281920 148
2946051437 96
2947818890 34
2975899179 77
3052336121 127
3118895249 59
3134364972 80
3159294203 139
3197165266 143
3210776703 28
3224180642 27
3236016622 36
3252655057 145
3279979113 142
3305405241 53
3310504013 171
3311786556 64
3326957411 68
3332444146 147
3345103274 76
3346435016 93
3369397036 131
3415828832 153
3419165889 92
3421043283 72
3453834671 8
3475802041 124
3576346154 158
3611753873 54
3640665415 51
3644108658 116
3650994493 78
3682404586 111
3705166655 15
3794242346 63
3813827420 94
3825964894 179
3834047911 173
3846291404 106
3863463209 81
3880856117 71
3896729982 89
3897441493 20
3930536579 22
3934144507 43
3954570302 66
3978014586 155
3985338750 115
4012176614 164
4020817277 130
4025582691 9
4028575057 49
4106514720 65
4120563849 104
4136759817 169
4162517235 165
4168711638 156
4173604952 167
4231238145 138
4269563040 170
4277558944 45
