87484882 70
125896844 111
132851176 10
143419484 22
158100332 149
197722022 115
212966424 119
277378561 76
346763723 107
347327944 66
366165566 28
391851701 2
435153685 112
442087175 118
456854657 62
465915581 35
480126874 51
482554758 101
521460429 74
582418999 132
600757238 95
646992379 174
677338192 26
680353138 120
723386437 124
755509855 154
833957915 42
882923786 156
934031291 39
972543760 21
976519997 45
984515489 125
1029684725 122
1039775941 152
1061459597 176
1061673189 78
1102138352 148
1119750476 139
1145535496 80
1163785346 177
1165500044 137
1171145260 4
1199928407 63
1302911819 85
1324646409 0
1353077104 91
1399969279 61
1402099477 48
1404395783 126
1423943361 113
1433784421 54
1462563128 60
1473496205 77
1490182304 75
1497564029 65
1506500056 40
1540789971 163
1567831198 25
1583240062 64
1593335970 150
1721069724 16
1723374255 116
1755211868 71
1780965381 144
1817977319 7
1832923198 46
1836837436 94
1854296563 82
1880656059 130
1902819574 178
1957456795 159
1965817051 53
1966862849 97
1967912122 138
1987706045 58
1991912470 145
2023365118 32
2034853916 69
2040735391 12
2054922385 135
2070794468 29
2071342302 161
2088744826 17
2115991866 43
2137655290 41
2191007551 172
2245017434 103
2273076216 31
2302936662 37
2321067875 36
2337471812 127
2338681792 24
2352408356 30
2386566304 140
2420023489 166
2455595861 38
2493197103 133
2523580740 73
2533558194 147
2563637387 14
2564901090 44
2612076060 175
2616533013 9
2618357298 34
2654090424 23
2675243293 67
2677761041 114
2680647675 27
2689742369 57
2736746253 146
2739454820 128
2751470307 171
2752981434 142
2759781031 1
2819042102 47
2820570352 134
2877103839 108
2878053286 110
2931281920 136
2946051437 87
2947818890 52
2975899179 99
2979186596 15
3052336121 106
3134364972 98
3159294203 155
3197165266 160
3210776703 56
3236016622 50
3252655057 164
3279979113 151
3305405241 89
3310504013 157
3311786556 93
3326957411 5
3332444146 165
3345103274 96
3346435016 105
3369397036 131
3415828832 153
3419165889 90
3421043283 100
3453834671 55
3475802041 109
3570828790 8
3576346154 170
3611753873 84
3637528652 11
3644108658 81
3650994493 33
3682404586 121
3705166655 13
3794242346 20
3813827420 104
3825964894 179
3834047911 169
3846291404 88
3863463209 68
3880856117 92
3896729982 102
3897441493 6
3930536579 59
3954570302 3
3978014586 162
3985338750 123
4012176614 141
4020817277 129
4025582691 49
4028575057 83
4071585141 19
4084769632 18
4106514720 79
4120563849 86
4136759817 167
4162517235 143
4168711638 168
4173604952 158
4231238145 117
4269563040 173
4277558944 72
