1800764 104
87484882 118
97068523 6
125896844 51
132851176 83
158100332 154
197722022 160
212966424 153
268465553 102
277378561 99
346763723 89
347327944 109
386235461 23
391851701 62
409984302 48
435153685 91
442087175 133
465915581 121
482554758 71
582418999 85
600757238 11
646992379 175
677338192 113
680353138 120
723386437 60
725606561 4
755509855 101
777434108 25
789663515 2
795357209 7
833957915 35
849924382 10
882923786 166
934031291 96
984515489 75
1029684725 159
1039775941 126
1102138352 164
1119750476 143
1145535496 130
1163785346 174
1165500044 163
1171145260 34
1187002154 45
1199928407 49
1303866932 1
1315240339 36
1324646409 0
1399969279 5
1404395783 72
1411244463 37
1423943361 138
1433784421 129
1481700130 61
1506500056 16
1540789971 135
1565581772 87
1583240062 132
1593335970 146
1648888063 3
1703074003 103
1723374255 66
1755211868 111
1780965381 147
1817977319 42
1832923198 17
1836837436 59
1854296563 131
1880656059 150
1902819574 178
1957456795 116
1965817051 13
1967912122 76
1979915395 18
1987706045 112
1991912470 161
2034853916 127
2040735391 88
2054922385 81
2070794468 119
2071342302 167
2088744826 44
2180276089 32
2191007551 128
2245017434 148
2302936662 70
2321067875 74
2335376072 20
2337471812 149
2352408356 55
2386566304 157
2420023489 144
2493197103 108
2523580740 100
2533558194 155
2563637387 52
2564901090 14
2590626395 94
2612076060 177
2623420502 27
2663355169 63
2675243293 67
2677761041 50
2680647675 117
2689742369 41
2714344193 84
2736746253 162
2739454820 140
2751470307 173
2752981434 107
2759781031 29
2819042102 46
2820570352 77
2877103839 92
2878053286 68
2881898293 58
2931281920 158
2940397723 26
2946051437 106
2947745968 33
2947818890 30
2975899179 57
2976264608 28
3052336121 151
3109774447 19
3118895249 86
3134364972 69
3159294203 105
3197165266 124
3210776703 22
3224180642 53
3236016622 31
3252655057 114
3279979113 137
3305405241 12
3310504013 172
3311786556 38
3326957411 97
3332444146 115
3345103274 56
3346435016 73
3369397036 142
3415828832 152
3419165889 95
3421043283 40
3439938365 15
3475802041 139
3576346154 123
3611753873 21
3637528652 8
3640665415 80
3644108658 136
3650994493 110
3682404586 47
3705166655 39
3794242346 90
3813827420 79
3825964894 179
3834047911 176
3846291404 125
3863463209 98
3880856117 64
3896729982 78
3897441493 43
3934144507 65
3954570302 93
3978014586 145
3985338750 82
4012176614 169
4020817277 141
4028575057 9
4106514720 54
4120563849 122
4136759817 171
4162517235 170
4168711638 134
4173604952 165
4231238145 156
4269563040 168
4277558944 24
