1800764 138
87484882 126
97068523 44
125896844 17
132851176 106
158100332 151
197722022 164
212966424 155
268465553 136
277378561 103
346763723 82
347327944 112
386235461 70
391851701 91
409984302 86
435153685 80
442087175 118
465915581 144
482554758 52
582418999 50
646992379 175
677338192 130
680353138 100
715741596 23
723386437 15
725606561 25
755509855 54
777434108 66
789663515 38
795357209 20
833957915 32
849924382 47
882923786 168
905458755 19
934031291 110
984515489 29
1029684725 160
1039775941 93
1102138352 166
1119750476 131
1145535496 137
1163785346 170
1165500044 169
1171145260 49
1187002154 92
1199928407 43
1303866932 13
1315240339 83
1324646409 0
1404395783 24
1411244463 60
1423943361 145
1433784421 146
1481700130 95
1506500056 9
1540789971 98
1565581772 111
1583240062 148
1593335970 128
1648888063 37
1703074003 132
1723374255 27
1755211868 115
1780965381 129
1817977319 59
1832923198 6
1836837436 42
1854296563 139
1878223483 2
1880656059 150
1957456795 78
1965817051 1
1967912122 21
1979915395 30
1987706045 122
1991912470 161
2034853916 140
2040735391 107
2054922385 39
2070794468 142
2071342302 167
2088744826 61
2180276089 58
2191007551 79
2245017434 154
2302936662 88
2321067875 89
2335376072 33
2337471812 149
2352408356 77
2386566304 156
2420023489 113
2493197103 84
2523580740 104
2533558194 152
2563637387 81
2564901090 7
2590626395 123
2612076060 177
2623420502 76
2663355169 99
2675243293 75
2677761041 8
2680647675 141
2689742369 31
2714344193 114
2727339584 5
2736746253 163
2739454820 133
2751470307 174
2752981434 71
2759781031 40
2819042102 41
2820570352 28
2877103839 87
2878053286 35
2881898293 97
2931281920 158
2939038785 10
2940397723 72
2946051437 102
2947745968 68
2947818890 18
2975899179 34
2976264608 69
3052336121 157
3109774447 48
3118895249 117
3134364972 57
3159294203 56
3197165266 85
3210776703 11
3224180642 90
3236016622 22
3252655057 67
3279979113 116
3310504013 176
3311786556 12
3326957411 125
3332444146 73
3345103274 36
3346435016 45
3369397036 135
3415828832 143
3419165889 96
3421043283 4
3439938365 64
3475802041 147
3576346154 74
3576952995 26
3637528652 14
3640665415 108
3644108658 153
3650994493 127
3705166655 55
3794242346 109
3813827420 65
3825964894 179
3834047911 178
3846291404 124
3863463209 105
3880856117 51
3896729982 62
3897441493 63
3934144507 101
3954570302 119
3978014586 120
3985338750 53
4012176614 171
4020817277 134
4074327253 16
4106514720 46
4120563849 121
4136759817 172
4162517235 173
4168711638 94
4173604952 165
4231238145 159
4269563040 162
4277558944 3
