1800764 112
87484882 122
97068523 13
125896844 48
132851176 86
158100332 154
197722022 160
212966424 152
268465553 109
277378561 101
346763723 84
347327944 111
386235461 25
391851701 67
409984302 52
435153685 85
442087175 134
465915581 127
482554758 71
582418999 82
600757238 2
646992379 175
677338192 118
680353138 120
723386437 51
725606561 8
755509855 89
777434108 26
789663515 5
795357209 11
833957915 37
849924382 17
882923786 166
934031291 100
984515489 63
1029684725 159
1039775941 121
1102138352 163
1119750476 144
1145535496 131
1163785346 173
1165500044 164
1171145260 36
1187002154 49
1199928407 50
1315240339 42
1324646409 0
1399969279 3
1404395783 62
1411244463 41
1423943361 140
1433784421 132
1481700130 72
1506500056 15
1540789971 130
1565581772 90
1583240062 135
1593335970 146
1648888063 7
1703074003 110
1723374255 58
1755211868 114
1780965381 147
1817977319 43
1832923198 14
1836837436 57
1854296563 133
1880656059 151
1902819574 178
1957456795 108
1965817051 10
1967912122 65
1979915395 19
1987706045 116
1991912470 161
2034853916 129
2040735391 92
2054922385 79
2070794468 125
2071342302 167
2088744826 46
2180276089 35
2191007551 119
2245017434 148
2302936662 77
2321067875 78
2335376072 23
2337471812 149
2352408356 59
2386566304 156
2420023489 137
2493197103 99
2523580740 103
2533558194 155
2563637387 56
2564901090 12
2590626395 98
2612076060 177
2623420502 30
2663355169 74
2675243293 73
2677761041 45
2680647675 124
2689742369 39
2714344193 88
2736746253 162
2739454820 138
2751470307 172
2752981434 96
2759781031 29
2819042102 44
2820570352 66
2877103839 87
2878053286 64
2881898293 68
2931281920 158
2940397723 27
2946051437 106
2947745968 38
2947818890 24
2975899179 55
2976264608 31
3052336121 153
3109774447 22
3118895249 91
3134364972 70
3159294203 93
3197165266 117
3210776703 20
3224180642 60
3236016622 28
3252655057 104
3279979113 136
3305405241 6
3310504013 174
3311786556 33
3326957411 105
3332444146 107
3345103274 53
3346435016 69
3369397036 142
3415828832 150
3419165889 95
3421043283 32
3439938365 21
3475802041 143
3576346154 113
3576952995 1
3611753873 16
3637528652 9
3640665415 83
3644108658 141
3650994493 115
3682404586 34
3705166655 40
3794242346 94
3813827420 80
3825964894 179
3834047911 176
3846291404 126
3863463209 102
3880856117 61
3896729982 76
3897441493 47
3934144507 75
3954570302 97
3978014586 145
3985338750 81
4012176614 169
4020817277 139
4028575057 4
4106514720 54
4120563849 123
4136759817 171
4162517235 170
4168711638 128
4173604952 165
4231238145 157
4269563040 168
4277558944 18
