1800764 115
87484882 124
97068523 18
125896844 36
132851176 97
158100332 153
197722022 160
212966424 152
268465553 113
277378561 107
346763723 87
347327944 118
386235461 28
391851701 79
409984302 64
435153685 88
442087175 130
465915581 129
482554758 66
582418999 71
646992379 175
677338192 123
680353138 117
723386437 34
725606561 16
755509855 80
777434108 33
789663515 5
795357209 17
833957915 38
849924382 21
882923786 167
934031291 111
984515489 52
1029684725 159
1039775941 106
1102138352 163
1119750476 142
1145535496 132
1163785346 172
1165500044 166
1171145260 41
1187002154 53
1199928407 56
1303866932 6
1315240339 44
1324646409 0
1399969279 2
1404395783 48
1411244463 49
1423943361 145
1433784421 133
1481700130 78
1506500056 15
1540789971 120
1565581772 100
1583240062 137
1593335970 140
1648888063 10
1703074003 116
1723374255 47
1755211868 119
1780965381 144
1817977319 51
1832923198 12
1836837436 60
1854296563 134
1880656059 151
1902819574 178
1957456795 93
1965817051 8
1967912122 43
1979915395 23
1987706045 122
1991912470 161
2034853916 131
2040735391 101
2054922385 63
2070794468 127
2071342302 168
2088744826 54
2180276089 40
2191007551 95
2245017434 150
2302936662 83
2321067875 84
2335376072 29
2337471812 149
2352408356 69
2386566304 156
2420023489 136
2493197103 94
2523580740 108
2533558194 154
2563637387 67
2564901090 11
2590626395 104
2612076060 177
2623420502 30
2663355169 77
2675243293 75
2677761041 27
2680647675 126
2689742369 39
2714344193 96
2727339584 1
2736746253 162
2739454820 139
2751470307 173
2752981434 85
2759781031 35
2819042102 46
2820570352 50
2877103839 91
2878053286 61
2881898293 74
2931281920 157
2940397723 31
2946051437 110
2947745968 42
2947818890 25
2975899179 58
2976264608 37
3052336121 155
3109774447 26
3118895249 98
3134364972 68
3159294203 82
3197165266 99
3210776703 19
3224180642 70
3236016622 32
3252655057 86
3279979113 135
3310504013 174
3311786556 24
3326957411 112
3332444146 89
3345103274 57
3346435016 65
3369397036 143
3415828832 148
3419165889 102
3421043283 22
3439938365 20
3475802041 146
3576346154 90
3576952995 7
3611753873 4
3637528652 13
3640665415 92
3644108658 147
3650994493 121
3682404586 9
3705166655 45
3794242346 103
3813827420 81
3825964894 179
3834047911 176
3846291404 128
3863463209 109
3880856117 62
3896729982 72
3897441493 55
3934144507 76
3954570302 105
3978014586 138
3985338750 73
4012176614 169
4020817277 141
4074327253 3
4106514720 59
4120563849 125
4136759817 171
4162517235 170
4168711638 114
4173604952 165
4231238145 158
4269563040 164
4277558944 14
