1800764 122
87484882 91
97068523 27
125896844 66
132851176 70
158100332 154
197722022 159
212966424 137
268465553 123
277378561 72
346763723 74
347327944 82
386235461 57
391851701 47
409984302 40
435153685 83
442087175 121
456854657 2
465915581 115
482554758 59
521460429 15
582418999 110
600757238 41
646992379 176
677338192 104
680353138 109
715741596 26
723386437 94
755509855 138
777434108 43
789663515 31
833957915 11
849924382 21
882923786 166
905458755 9
934031291 76
984515489 97
1029684725 157
1039775941 132
1061673189 24
1102138352 164
1119750476 133
1145535496 107
1163785346 174
1165500044 163
1171145260 5
1187002154 78
1199928407 30
1302911819 37
1315240339 55
1324646409 0
1353077104 36
1399969279 1
1404395783 102
1411244463 14
1423943361 125
1433784421 118
1473496205 18
1481700130 63
1490182304 13
1497564029 3
1540789971 146
1565581772 86
1583240062 119
1593335970 142
1648888063 16
1703074003 117
1723374255 87
1755211868 84
1780965381 139
1817977319 17
1836837436 51
1854296563 108
1880656059 136
1902819574 178
1957456795 144
1966862849 48
1967912122 120
1987706045 88
1991912470 161
2034853916 106
2040735391 75
2054922385 113
2070794468 114
2071342302 167
2088744826 20
2180276089 10
2191007551 160
2245017434 130
2302936662 45
2321067875 49
2337471812 134
2352408356 35
2386566304 153
2420023489 155
2493197103 116
2523580740 73
2533558194 152
2563637387 33
2590626395 105
2612076060 177
2623420502 65
2663355169 85
2675243293 44
2677761041 81
2680647675 111
2689742369 19
2714344193 90
2736746253 162
2739454820 128
2751470307 173
2752981434 127
2819042102 25
2820570352 112
2877103839 79
2878053286 68
2881898293 67
2931281920 150
2940397723 58
2946051437 77
2947745968 28
2947818890 6
2975899179 54
2976264608 38
3052336121 135
3109774447 7
3118895249 101
3134364972 56
3159294203 141
3197165266 143
3210776703 4
3224180642 46
3236016622 8
3252655057 148
3279979113 140
3305405241 34
3310504013 172
3311786556 39
3326957411 100
3332444146 147
3345103274 53
3346435016 62
3369397036 131
3415828832 149
3419165889 69
3421043283 52
3439938365 60
3475802041 124
3576346154 158
3611753873 32
3640665415 98
3644108658 126
3650994493 93
3682404586 99
3705166655 12
3794242346 80
3813827420 64
3825964894 179
3834047911 175
3846291404 96
3863463209 71
3880856117 50
3896729982 61
3897441493 23
3934144507 103
3954570302 89
3978014586 151
3985338750 95
4012176614 168
4020817277 129
4028575057 29
4106514720 42
4120563849 92
4136759817 171
4162517235 169
4168711638 156
4173604952 165
4231238145 145
4269563040 170
4277558944 22
