1800764 34
87484882 95
125896844 89
132851176 52
158100332 159
197722022 146
212966424 139
268465553 28
277378561 93
346763723 110
347327944 87
391851701 35
409984302 15
435153685 116
442087175 128
465915581 76
482554758 94
521460429 24
582418999 120
600757238 64
646992379 175
677338192 69
680353138 123
723386437 103
755509855 125
795357209 7
833957915 53
882923786 166
934031291 73
972543760 3
976519997 9
984515489 109
1029684725 150
1039775941 134
1061459597 178
1061673189 39
1102138352 164
1119750476 144
1145535496 106
1163785346 174
1165500044 160
1171145260 23
1199928407 68
1302911819 32
1324646409 0
1353077104 51
1399969279 44
1402099477 8
1404395783 107
1411244463 21
1423943361 129
1433784421 84
1462563128 10
1473496205 26
1490182304 29
1497564029 13
1506500056 38
1540789971 147
1565581772 42
1583240062 96
1593335970 152
1703074003 46
1723374255 104
1755211868 92
1780965381 151
1817977319 27
1832923198 43
1836837436 79
1854296563 111
1880656059 145
1902819574 177
1957456795 132
1965817051 45
1966862849 47
1967912122 115
1979915395 14
1987706045 82
1991912470 161
2034853916 99
2040735391 54
2054922385 119
2070794468 74
2071342302 168
2088744826 37
2137655290 16
2180276089 5
2191007551 143
2245017434 122
2273076216 1
2302936662 65
2321067875 66
2335376072 6
2337471812 141
2338681792 12
2352408356 57
2386566304 156
2420023489 154
2493197103 121
2523580740 90
2533558194 158
2563637387 40
2564901090 41
2590626395 36
2612076060 176
2675243293 75
2677761041 91
2680647675 72
2689742369 61
2714344193 25
2736746253 162
2739454820 136
2751470307 172
2752981434 124
2759781031 19
2819042102 60
2820570352 114
2877103839 113
2878053286 100
2931281920 153
2946051437 105
2947818890 55
2975899179 83
2979186596 4
3052336121 130
3118895249 22
3134364972 88
3159294203 127
3197165266 135
3210776703 50
3224180642 20
3236016622 56
3252655057 131
3279979113 149
3305405241 62
3310504013 169
3311786556 70
3326957411 49
3332444146 133
3345103274 81
3346435016 98
3369397036 140
3415828832 157
3419165889 102
3421043283 77
3453834671 2
3475802041 126
3576346154 138
3611753873 67
3637528652 18
3640665415 11
3644108658 117
3650994493 71
3682404586 86
3705166655 31
3794242346 58
3813827420 101
3825964894 179
3834047911 173
3846291404 112
3863463209 85
3880856117 80
3896729982 97
3897441493 30
3930536579 33
3954570302 48
3978014586 155
3985338750 118
4012176614 163
4020817277 137
4025582691 17
4028575057 59
4106514720 78
4120563849 108
4136759817 170
4162517235 165
4168711638 148
4173604952 167
4231238145 142
4269563040 171
4277558944 63
