1800764 57
87484882 93
125896844 94
132851176 51
158100332 157
197722022 144
212966424 133
268465553 53
277378561 88
346763723 106
347327944 85
391851701 30
409984302 15
435153685 112
442087175 125
456854657 8
465915581 81
480126874 4
482554758 90
521460429 31
582418999 120
600757238 68
646992379 175
677338192 73
680353138 121
723386437 111
755509855 130
833957915 38
882923786 166
934031291 71
976519997 5
984515489 114
1029684725 145
1039775941 136
1061459597 178
1061673189 43
1102138352 164
1119750476 139
1145535496 105
1163785346 174
1165500044 160
1171145260 19
1199928407 65
1302911819 45
1324646409 0
1353077104 56
1399969279 37
1402099477 10
1404395783 115
1411244463 16
1423943361 126
1433784421 91
1462563128 17
1473496205 36
1481700130 18
1490182304 35
1497564029 20
1506500056 26
1540789971 150
1565581772 48
1583240062 100
1593335970 149
1703074003 64
1723374255 109
1755211868 89
1780965381 146
1817977319 21
1832923198 32
1836837436 79
1854296563 110
1880656059 138
1902819574 177
1957456795 140
1965817051 34
1966862849 60
1967912122 118
1979915395 1
1987706045 84
1991912470 161
2034853916 98
2040735391 55
2054922385 119
2070794468 77
2071342302 168
2088744826 25
2137655290 7
2180276089 2
2191007551 154
2245017434 122
2302936662 58
2321067875 59
2337471812 135
2352408356 46
2386566304 152
2420023489 159
2493197103 123
2523580740 87
2533558194 155
2563637387 33
2564901090 28
2590626395 50
2612076060 176
2663355169 11
2675243293 69
2677761041 102
2680647675 75
2689742369 49
2714344193 42
2736746253 162
2739454820 129
2751470307 172
2752981434 128
2759781031 13
2819042102 47
2820570352 117
2877103839 108
2878053286 101
2881898293 12
2931281920 148
2946051437 99
2947818890 40
2975899179 82
3052336121 127
3118895249 41
3134364972 86
3159294203 134
3197165266 142
3210776703 39
3224180642 22
3236016622 44
3252655057 141
3279979113 147
3305405241 66
3310504013 170
3311786556 70
3326957411 62
3332444146 143
3345103274 80
3346435016 96
3369397036 132
3415828832 156
3419165889 95
3421043283 76
3453834671 9
3475802041 124
3576346154 151
3611753873 67
3637528652 3
3640665415 29
3644108658 113
3650994493 74
3682404586 103
3705166655 23
3794242346 63
3813827420 97
3825964894 179
3834047911 173
3846291404 107
3863463209 83
3880856117 78
3896729982 92
3897441493 24
3930536579 27
3934144507 6
3954570302 54
3978014586 158
3985338750 116
4012176614 163
4020817277 131
4025582691 14
4028575057 61
4106514720 72
4120563849 104
4136759817 169
4162517235 165
4168711638 153
4173604952 167
4231238145 137
4269563040 171
4277558944 52
