1800764 134
87484882 122
97068523 39
125896844 23
132851176 104
158100332 152
197722022 161
212966424 154
268465553 132
277378561 99
346763723 77
347327944 110
386235461 65
391851701 82
409984302 75
435153685 76
442087175 118
465915581 142
482554758 55
582418999 63
646992379 175
677338192 126
680353138 98
715741596 21
723386437 24
725606561 17
755509855 72
777434108 60
789663515 30
795357209 13
833957915 27
849924382 38
882923786 166
905458755 15
934031291 108
984515489 36
1029684725 159
1039775941 95
1102138352 164
1119750476 137
1145535496 129
1163785346 172
1165500044 168
1171145260 37
1187002154 87
1199928407 43
1303866932 6
1315240339 74
1324646409 0
1404395783 33
1411244463 49
1423943361 144
1433784421 143
1481700130 92
1506500056 7
1540789971 105
1565581772 109
1583240062 145
1593335970 133
1648888063 29
1703074003 128
1723374255 31
1755211868 113
1780965381 140
1817977319 50
1832923198 5
1836837436 45
1854296563 130
1880656059 149
1902819574 178
1957456795 88
1965817051 1
1967912122 34
1979915395 22
1987706045 116
1991912470 160
2034853916 131
2040735391 106
2054922385 56
2070794468 141
2071342302 167
2088744826 52
2180276089 48
2191007551 91
2245017434 151
2302936662 78
2321067875 81
2335376072 26
2337471812 148
2352408356 68
2386566304 155
2420023489 125
2493197103 86
2523580740 101
2533558194 153
2563637387 70
2564901090 3
2590626395 119
2612076060 177
2623420502 71
2663355169 96
2675243293 69
2677761041 20
2680647675 136
2689742369 25
2714344193 112
2736746253 163
2739454820 135
2751470307 173
2752981434 79
2759781031 28
2819042102 32
2820570352 42
2877103839 83
2878053286 46
2881898293 93
2931281920 157
2939038785 2
2940397723 67
2946051437 97
2947745968 58
2947818890 16
2975899179 40
2976264608 62
3052336121 156
3109774447 35
3118895249 114
3134364972 57
3159294203 73
3197165266 90
3210776703 10
3224180642 80
3236016622 19
3252655057 84
3279979113 123
3310504013 174
3311786556 14
3326957411 121
3332444146 85
3345103274 41
3346435016 53
3369397036 139
3415828832 147
3419165889 94
3421043283 12
3439938365 61
3475802041 146
3576346154 89
3576952995 18
3637528652 9
3640665415 111
3644108658 150
3650994493 124
3682404586 8
3705166655 44
3794242346 107
3813827420 66
3825964894 179
3834047911 176
3846291404 120
3863463209 103
3880856117 51
3896729982 59
3897441493 54
3934144507 100
3954570302 115
3978014586 127
3985338750 64
4012176614 169
4020817277 138
4074327253 11
4106514720 47
4120563849 117
4136759817 171
4162517235 170
4168711638 102
4173604952 165
4231238145 158
4269563040 162
4277558944 4
