1800764 152
87484882 126
97068523 73
125896844 9
132851176 111
158100332 144
197722022 169
212966424 154
268465553 153
277378561 99
346763723 71
347327944 109
386235461 90
391851701 92
409984302 87
435153685 69
442087175 107
465915581 148
482554758 44
582418999 41
646992379 176
677338192 140
680353138 95
715741596 55
723386437 7
725606561 28
755509855 48
777434108 85
789663515 72
795357209 21
833957915 32
849924382 70
882923786 167
905458755 49
934031291 112
984515489 23
1029684725 161
1039775941 81
1102138352 168
1119750476 120
1145535496 133
1163785346 171
1165500044 170
1171145260 52
1187002154 103
1199928407 40
1303866932 15
1315240339 96
1324646409 0
1378626860 8
1404395783 19
1411244463 60
1423943361 136
1433784421 150
1481700130 104
1506500056 4
1540789971 89
1565581772 127
1583240062 151
1593335970 115
1648888063 63
1687077153 10
1703074003 147
1723374255 20
1755211868 110
1780965381 119
1817977319 58
1836837436 35
1854296563 134
1878223483 16
1880656059 143
1957456795 68
1967912122 18
1979915395 30
1987706045 121
1991912470 163
2034853916 139
2040735391 116
2054922385 34
2070794468 149
2071342302 166
2088744826 56
2180276089 62
2191007551 75
2245017434 155
2302936662 82
2321067875 84
2335376072 42
2337471812 142
2352408356 76
2386566304 156
2420023489 102
2493197103 74
2523580740 100
2533558194 146
2563637387 79
2564901090 1
2590626395 138
2612076060 178
2623420502 97
2663355169 113
2675243293 66
2677761041 2
2680647675 145
2689742369 27
2714344193 128
2727339584 11
2736746253 164
2739454820 122
2751470307 175
2752981434 57
2759781031 45
2819042102 36
2820570352 22
2877103839 77
2878053286 31
2881898293 106
2931281920 158
2939038785 25
2940397723 93
2946051437 98
2947745968 80
2947818890 13
2975899179 29
2976264608 83
3052336121 159
3109774447 61
3118895249 135
3134364972 47
3159294203 51
3162794093 14
3197165266 78
3210776703 5
3224180642 94
3236016622 17
3252655057 59
3255384253 6
3279979113 105
3310504013 177
3311786556 3
3326957411 137
3332444146 64
3345103274 33
3346435016 37
3369397036 124
3415828832 129
3419165889 91
3439938365 88
3475802041 141
3576346154 67
3576952995 38
3637528652 12
3640665415 131
3644108658 157
3650994493 132
3705166655 53
3794242346 117
3813827420 54
3825964894 179
3846291404 118
3863463209 101
3880856117 43
3896729982 50
3897441493 65
3934144507 125
3954570302 130
3978014586 108
3985338750 46
4012176614 173
4020817277 123
4074327253 26
4088869787 24
4106514720 39
4120563849 114
4136759817 172
4162517235 174
4168711638 86
4173604952 165
4231238145 160
4269563040 162
