1800764 22
87484882 85
125896844 105
132851176 36
158100332 153
197722022 131
212966424 128
268465553 16
277378561 86
346763723 107
347327944 79
391851701 19
435153685 111
442087175 126
456854657 33
465915581 66
480126874 28
482554758 97
521460429 55
582418999 124
600757238 77
646992379 174
677338192 58
680353138 122
723386437 114
755509855 139
833957915 44
882923786 166
934031291 64
972543760 6
976519997 27
984515489 115
1029684725 136
1039775941 142
1061459597 178
1061673189 62
1102138352 164
1119750476 138
1145535496 95
1163785346 175
1165500044 146
1171145260 13
1199928407 65
1302911819 67
1324646409 0
1353077104 70
1399969279 49
1402099477 31
1404395783 116
1411244463 7
1423943361 121
1433784421 76
1462563128 38
1473496205 57
1490182304 56
1497564029 40
1506500056 39
1540789971 155
1565581772 23
1583240062 83
1593335970 150
1703074003 29
1723374255 112
1755211868 82
1780965381 143
1817977319 15
1832923198 43
1836837436 89
1854296563 98
1880656059 137
1902819574 177
1957456795 145
1965817051 47
1966862849 72
1967912122 125
1987706045 75
1991912470 157
2034853916 87
2040735391 37
2054922385 123
2070794468 63
2071342302 168
2088744826 24
2115991866 8
2137655290 26
2191007551 165
2245017434 113
2273076216 18
2302936662 54
2321067875 52
2337471812 133
2338681792 12
2352408356 45
2386566304 144
2420023489 162
2455595861 3
2493197103 127
2523580740 84
2533558194 152
2563637387 25
2564901090 41
2590626395 21
2612076060 176
2618357298 2
2654090424 1
2675243293 69
2677761041 109
2680647675 60
2689742369 59
2714344193 14
2736746253 161
2739454820 130
2751470307 172
2752981434 134
2759781031 9
2819042102 53
2820570352 120
2877103839 108
2878053286 106
2931281920 140
2946051437 96
2947818890 50
2975899179 92
2979186596 5
3052336121 119
3118895249 10
3134364972 93
3159294203 141
3197165266 149
3210776703 48
3224180642 4
3236016622 51
3252655057 148
3279979113 147
3305405241 73
3310504013 169
3311786556 81
3326957411 35
3332444146 151
3345103274 90
3346435016 104
3369397036 135
3415828832 154
3419165889 94
3421043283 91
3453834671 32
3475802041 118
3576346154 158
3611753873 74
3637528652 11
3644108658 102
3650994493 61
3682404586 110
3705166655 20
3794242346 42
3813827420 103
3825964894 179
3834047911 173
3846291404 101
3863463209 80
3880856117 88
3896729982 100
3897441493 17
3930536579 46
3954570302 30
3978014586 159
3985338750 117
4012176614 156
4020817277 132
4025582691 34
4028575057 71
4106514720 78
4120563849 99
4136759817 170
4162517235 163
4168711638 160
4173604952 167
4231238145 129
4269563040 171
4277558944 68
