1800764 123
87484882 97
97068523 28
125896844 64
132851176 73
158100332 156
197722022 160
212966424 145
268465553 124
277378561 74
346763723 72
347327944 86
386235461 56
391851701 49
409984302 44
435153685 81
442087175 120
465915581 117
482554758 60
521460429 3
582418999 103
600757238 36
646992379 176
677338192 108
680353138 110
715741596 19
723386437 87
755509855 131
777434108 43
789663515 33
833957915 14
849924382 21
882923786 166
905458755 8
934031291 83
984515489 90
1029684725 159
1039775941 130
1061673189 10
1102138352 164
1119750476 135
1145535496 113
1163785346 174
1165500044 163
1171145260 13
1187002154 71
1199928407 35
1302911819 29
1315240339 55
1324646409 0
1353077104 30
1404395783 91
1411244463 20
1423943361 126
1433784421 119
1473496205 6
1481700130 66
1490182304 4
1540789971 147
1565581772 88
1583240062 121
1593335970 146
1648888063 15
1703074003 118
1723374255 77
1755211868 89
1780965381 140
1817977319 23
1832923198 1
1836837436 50
1854296563 114
1880656059 143
1902819574 178
1957456795 137
1966862849 37
1967912122 109
1987706045 93
1991912470 161
2034853916 112
2040735391 79
2054922385 106
2070794468 116
2071342302 167
2088744826 24
2180276089 16
2191007551 158
2245017434 133
2302936662 48
2321067875 52
2335376072 2
2337471812 136
2352408356 40
2386566304 157
2420023489 151
2493197103 111
2523580740 76
2533558194 154
2563637387 39
2590626395 107
2612076060 177
2623420502 62
2663355169 84
2675243293 46
2677761041 69
2680647675 115
2689742369 22
2714344193 94
2736746253 162
2739454820 128
2751470307 173
2752981434 122
2759781031 5
2819042102 25
2820570352 101
2877103839 78
2878053286 67
2881898293 68
2931281920 155
2940397723 57
2946051437 80
2947745968 34
2947818890 9
2975899179 54
2976264608 41
3052336121 144
3109774447 12
3118895249 102
3134364972 58
3159294203 134
3197165266 138
3210776703 7
3224180642 47
3236016622 11
3252655057 141
3279979113 139
3305405241 31
3310504013 172
3311786556 38
3326957411 104
3332444146 142
3345103274 51
3346435016 63
3369397036 132
3415828832 150
3419165889 70
3421043283 45
3439938365 59
3475802041 125
3576346154 153
3611753873 32
3640665415 98
3644108658 127
3650994493 99
3682404586 85
3705166655 17
3794242346 82
3813827420 65
3825964894 179
3834047911 175
3846291404 105
3863463209 75
3880856117 53
3896729982 61
3897441493 26
3934144507 96
3954570302 95
3978014586 149
3985338750 92
4012176614 168
4020817277 129
4028575057 27
4106514720 42
4120563849 100
4136759817 171
4162517235 169
4168711638 148
4173604952 165
4231238145 152
4269563040 170
4277558944 18
