1800764 71
87484882 100
125896844 84
132851176 60
158100332 159
197722022 152
212966424 137
268465553 69
277378561 90
346763723 103
347327944 89
391851701 42
409984302 19
435153685 109
442087175 123
465915581 92
482554758 81
521460429 18
582418999 119
600757238 53
646992379 175
677338192 79
680353138 121
723386437 106
755509855 128
833957915 37
882923786 166
934031291 76
984515489 113
1029684725 149
1039775941 133
1061459597 178
1061673189 35
1102138352 163
1119750476 139
1145535496 111
1163785346 174
1165500044 160
1171145260 15
1187002154 12
1199928407 54
1302911819 40
1315240339 4
1324646409 0
1353077104 46
1399969279 29
1402099477 1
1404395783 112
1411244463 14
1423943361 127
1433784421 101
1462563128 9
1473496205 25
1481700130 33
1490182304 23
1497564029 11
1506500056 17
1540789971 146
1565581772 59
1583240062 107
1593335970 147
1703074003 72
1723374255 102
1755211868 94
1780965381 145
1817977319 21
1832923198 26
1836837436 74
1854296563 114
1880656059 142
1902819574 177
1957456795 136
1965817051 27
1966862849 48
1967912122 117
1979915395 6
1987706045 87
1991912470 161
2034853916 104
2040735391 61
2054922385 118
2070794468 85
2071342302 168
2088744826 30
2137655290 2
2180276089 10
2191007551 153
2245017434 124
2302936662 56
2321067875 58
2335376072 5
2337471812 135
2352408356 47
2386566304 155
2420023489 157
2493197103 122
2523580740 88
2533558194 158
2563637387 39
2564901090 20
2590626395 63
2612076060 176
2663355169 31
2675243293 65
2677761041 95
2680647675 83
2689742369 43
2714344193 55
2736746253 162
2739454820 131
2751470307 172
2752981434 126
2759781031 13
2819042102 44
2820570352 116
2877103839 105
2878053286 97
2881898293 28
2931281920 151
2946051437 99
2947745968 3
2947818890 38
2975899179 77
3052336121 129
3118895249 57
3134364972 78
3159294203 130
3197165266 140
3210776703 36
3224180642 32
3236016622 41
3252655057 138
3279979113 144
3305405241 51
3310504013 171
3311786556 62
3326957411 68
3332444146 141
3345103274 75
3346435016 91
3369397036 134
3415828832 156
3419165889 96
3421043283 70
3475802041 125
3576346154 148
3611753873 52
3637528652 7
3640665415 50
3644108658 120
3650994493 80
3682404586 98
3705166655 22
3794242346 66
3813827420 93
3825964894 179
3834047911 173
3846291404 110
3863463209 82
3880856117 73
3896729982 86
3897441493 24
3930536579 16
3934144507 34
3954570302 64
3978014586 154
3985338750 115
4012176614 164
4020817277 132
4025582691 8
4028575057 49
4106514720 67
4120563849 108
4136759817 170
4162517235 165
4168711638 150
4173604952 167
4231238145 143
4269563040 169
4277558944 45
