1800764 79
87484882 113
125896844 65
132851176 71
158100332 156
197722022 160
212966424 151
268465553 76
277378561 101
346763723 99
347327944 106
391851701 53
409984302 42
435153685 108
442087175 133
465915581 110
482554758 82
582418999 104
600757238 30
646992379 176
677338192 94
680353138 125
723386437 77
725606561 7
755509855 116
777434108 6
795357209 13
833957915 46
882923786 167
934031291 93
984515489 89
1029684725 159
1039775941 132
1061673189 10
1102138352 164
1119750476 144
1145535496 123
1163785346 174
1165500044 162
1171145260 31
1187002154 16
1199928407 56
1302911819 5
1303866932 3
1315240339 14
1324646409 0
1353077104 19
1399969279 21
1404395783 88
1411244463 33
1423943361 137
1433784421 114
1473496205 2
1481700130 47
1490182304 4
1506500056 25
1540789971 138
1565581772 67
1583240062 121
1593335970 148
1703074003 83
1723374255 84
1755211868 111
1780965381 147
1817977319 40
1832923198 27
1836837436 69
1854296563 124
1880656059 152
1902819574 178
1957456795 128
1965817051 24
1966862849 12
1967912122 91
1979915395 18
1987706045 109
1991912470 161
2034853916 115
2040735391 74
2054922385 97
2070794468 105
2071342302 168
2088744826 45
2180276089 22
2191007551 134
2245017434 139
2302936662 62
2321067875 63
2335376072 20
2337471812 146
2338681792 1
2352408356 57
2386566304 158
2420023489 149
2493197103 118
2523580740 100
2533558194 155
2563637387 51
2564901090 23
2590626395 73
2612076060 177
2663355169 37
2675243293 68
2677761041 64
2680647675 103
2689742369 49
2714344193 60
2736746253 163
2739454820 140
2751470307 173
2752981434 119
2759781031 26
2819042102 50
2820570352 92
2877103839 107
2878053286 85
2881898293 41
2931281920 157
2946051437 112
2947745968 17
2947818890 38
2975899179 70
2976264608 9
3052336121 145
3109774447 8
3118895249 59
3134364972 80
3159294203 120
3197165266 129
3210776703 32
3224180642 48
3236016622 44
3252655057 126
3279979113 143
3305405241 29
3310504013 172
3311786556 52
3326957411 81
3332444146 127
3345103274 66
3346435016 86
3369397036 142
3415828832 153
3419165889 102
3421043283 54
3475802041 135
3576346154 130
3611753873 39
3637528652 15
3640665415 55
3644108658 131
3650994493 95
3682404586 58
3705166655 36
3794242346 78
3813827420 90
3825964894 179
3834047911 175
3846291404 122
3863463209 96
3880856117 72
3896729982 87
3897441493 43
3930536579 11
3934144507 34
3954570302 75
3978014586 150
3985338750 98
4012176614 165
4020817277 141
4028575057 28
4106514720 61
4120563849 117
4136759817 171
4162517235 169
4168711638 136
4173604952 166
4231238145 154
4269563040 170
4277558944 35
