1800764 152
87484882 125
97068523 70
125896844 12
132851176 111
158100332 148
197722022 169
212966424 154
268465553 153
277378561 99
346763723 74
347327944 110
386235461 88
391851701 91
409984302 89
435153685 72
442087175 108
465915581 147
482554758 47
582418999 39
646992379 176
677338192 140
680353138 97
715741596 51
723386437 9
725606561 28
755509855 48
777434108 83
789663515 66
795357209 22
833957915 32
849924382 68
882923786 168
905458755 43
934031291 113
984515489 24
1029684725 161
1039775941 81
1102138352 167
1119750476 122
1145535496 134
1163785346 171
1165500044 170
1171145260 52
1187002154 100
1199928407 42
1303866932 16
1315240339 95
1324646409 0
1378626860 8
1404395783 20
1411244463 63
1423943361 138
1433784421 150
1481700130 102
1506500056 5
1540789971 92
1565581772 123
1583240062 151
1593335970 117
1648888063 56
1687077153 7
1703074003 143
1723374255 21
1755211868 112
1780965381 120
1817977319 60
1836837436 36
1854296563 135
1878223483 14
1880656059 145
1957456795 69
1967912122 17
1979915395 29
1987706045 121
1991912470 163
2034853916 139
2040735391 114
2054922385 34
2070794468 146
2071342302 166
2088744826 58
2180276089 62
2191007551 73
2245017434 155
2302936662 84
2321067875 85
2335376072 40
2337471812 142
2352408356 76
2386566304 157
2420023489 104
2493197103 75
2523580740 101
2533558194 149
2563637387 80
2564901090 1
2590626395 136
2612076060 178
2623420502 94
2663355169 109
2675243293 71
2677761041 2
2680647675 144
2689742369 27
2714344193 128
2727339584 11
2736746253 164
2739454820 124
2751470307 175
2752981434 59
2759781031 44
2819042102 37
2820570352 23
2877103839 78
2878053286 30
2881898293 105
2931281920 158
2939038785 25
2940397723 90
2946051437 98
2947745968 79
2947818890 15
2975899179 31
2976264608 82
3052336121 159
3109774447 61
3118895249 132
3134364972 49
3159294203 50
3162794093 10
3197165266 77
3210776703 6
3224180642 93
3236016622 19
3252655057 57
3255384253 3
3279979113 106
3310504013 177
3311786556 4
3326957411 137
3332444146 64
3345103274 33
3346435016 38
3369397036 127
3415828832 131
3419165889 96
3439938365 86
3475802041 141
3576346154 67
3576952995 35
3637528652 13
3640665415 129
3644108658 156
3650994493 133
3705166655 54
3794242346 116
3813827420 55
3825964894 179
3846291404 119
3863463209 103
3880856117 45
3896729982 53
3897441493 65
3934144507 118
3954570302 130
3978014586 107
3985338750 46
4012176614 173
4020817277 126
4074327253 26
4088869787 18
4106514720 41
4120563849 115
4136759817 172
4162517235 174
4168711638 87
4173604952 165
4231238145 160
4269563040 162
