1800764 150
87484882 114
97068523 61
125896844 23
132851176 104
158100332 148
197722022 163
212966424 154
268465553 151
277378561 93
346763723 66
347327944 102
386235461 81
391851701 76
409984302 72
435153685 67
442087175 109
465915581 141
482554758 44
582418999 63
646992379 174
677338192 135
680353138 91
715741596 51
723386437 30
725606561 16
755509855 74
777434108 73
789663515 62
795357209 8
833957915 20
849924382 55
882923786 167
905458755 36
934031291 106
984515489 42
1029684725 159
1039775941 92
1102138352 164
1119750476 126
1145535496 125
1163785346 172
1165500044 168
1171145260 31
1187002154 100
1199928407 27
1303866932 3
1315240339 83
1324646409 0
1404395783 39
1411244463 45
1423943361 137
1433784421 144
1481700130 98
1540789971 103
1565581772 116
1583240062 146
1593335970 127
1648888063 53
1687077153 4
1703074003 145
1723374255 35
1755211868 105
1780965381 131
1817977319 40
1836837436 33
1854296563 129
1878223483 5
1880656059 147
1902819574 178
1957456795 87
1967912122 52
1979915395 17
1987706045 113
1991912470 160
2034853916 133
2040735391 107
2054922385 58
2070794468 142
2071342302 166
2088744826 41
2180276089 46
2191007551 97
2245017434 153
2302936662 68
2321067875 70
2335376072 24
2337471812 143
2352408356 59
2386566304 155
2420023489 117
2493197103 77
2523580740 95
2533558194 149
2563637387 64
2590626395 136
2612076060 176
2623420502 88
2663355169 111
2675243293 56
2677761041 22
2680647675 140
2689742369 19
2714344193 118
2736746253 162
2739454820 123
2751470307 173
2752981434 75
2759781031 25
2819042102 26
2820570352 50
2877103839 69
2878053286 38
2881898293 99
2931281920 157
2939038785 13
2940397723 82
2946051437 89
2947745968 65
2947818890 9
2975899179 29
2976264608 71
3052336121 156
3109774447 48
3118895249 132
3134364972 47
3159294203 78
3162794093 7
3197165266 90
3210776703 2
3224180642 79
3236016622 14
3252655057 85
3255384253 6
3279979113 115
3310504013 175
3311786556 11
3326957411 134
3332444146 86
3345103274 28
3346435016 43
3369397036 128
3415828832 139
3419165889 80
3421043283 12
3439938365 84
3475802041 138
3576346154 94
3576952995 21
3637528652 1
3640665415 130
3644108658 152
3650994493 122
3682404586 18
3705166655 34
3794242346 110
3813827420 57
3825964894 179
3834047911 177
3846291404 112
3863463209 96
3880856117 37
3896729982 54
3897441493 49
3934144507 119
3954570302 120
3978014586 121
3985338750 60
4012176614 169
4020817277 124
4074327253 10
4088869787 15
4106514720 32
4120563849 108
4136759817 171
4162517235 170
4168711638 101
4173604952 165
4231238145 158
4269563040 161
