1800764 184
75700180 17
87484882 168
97068523 90
120625731 7
125896844 65
132851176 150
158100332 196
197722022 207
203833072 24
212966424 199
256620174 13
268465553 183
277378561 145
346763723 121
347327944 154
386235461 115
391851701 133
409984302 124
435153685 120
442087175 161
448554581 28
465915581 187
482554758 97
548834259 39
582418999 103
600757238 30
646992379 219
677338192 172
680353138 143
715741596 69
723386437 67
725606561 64
755509855 111
777434108 108
789663515 83
795357209 59
833957915 71
849924382 89
882923786 212
905458755 62
934031291 153
960241349 40
972543760 26
984515489 77
1029684725 204
1030179093 15
1039775941 137
1061673189 14
1102138352 209
1119750476 176
1145535496 175
1163785346 215
1165500044 213
1171145260 86
1187002154 136
1199928407 85
1297835987 22
1303866932 53
1315240339 122
1324646409 0
1353077104 16
1378626860 41
1399969279 36
1404395783 75
1411244463 99
1423943361 188
1433784421 189
1481700130 139
1490182304 4
1506500056 52
1540789971 146
1565581772 155
1583240062 192
1593335970 173
1648888063 79
1687077153 35
1703074003 174
1723374255 73
1755211868 157
1780965381 178
1817977319 98
1831810901 3
1832923198 50
1836837436 88
1854296563 179
1878223483 44
1880656059 194
1902819574 223
1903318632 6
1957456795 129
1965817051 45
1966862849 8
1967912122 74
1979915395 68
1987706045 163
1991912470 205
2034853916 181
2040735391 151
2054922385 95
2070794468 186
2071342302 211
2088744826 100
2127417671 9
2137655290 11
2180276089 96
2191007551 134
2245017434 198
2273076216 1
2302936662 126
2321067875 128
2335376072 72
2337471812 193
2338681792 27
2352408356 114
2386566304 200
2420023489 165
2493197103 131
2523580740 147
2533558194 197
2563637387 117
2564901090 49
2590626395 167
2612076060 221
2616533013 12
2623420502 118
2641823919 21
2663355169 142
2675243293 112
2677761041 60
2680647675 185
2689742369 70
2714344193 158
2727339584 46
2736746253 208
2739454820 177
2751470307 218
2752981434 119
2759781031 76
2779948080 5
2819042102 80
2820570352 78
2877103839 127
2878053286 84
2881898293 140
2931281920 202
2939038785 51
2940397723 116
2946051437 144
2947745968 106
2947818890 61
2975899179 81
2976264608 110
2979186596 29
3044575483 31
3052336121 201
3109774447 87
3118895249 159
3134364972 101
3159294203 113
3162794093 37
3197165266 135
3210776703 54
3224180642 132
3236016622 63
3252655057 123
3255384253 33
3279979113 164
3305405241 32
3310504013 220
3311786556 58
3326957411 169
3332444146 125
3345103274 82
3346435016 94
3369397036 182
3415828832 190
3419165889 138
3421043283 55
3439938365 109
3475802041 191
3516413806 38
3576346154 130
3576952995 66
3611753873 42
3637528652 56
3640665415 156
3644108658 195
3650994493 171
3682404586 47
3705166655 92
3794242346 152
3813827420 107
3825964894 224
3834047911 222
3846291404 166
3863463209 149
3880856117 93
3885860355 19
3896729982 105
3897441493 102
3930536579 23
3934144507 148
3954570302 160
3978014586 170
3985338750 104
4012176614 214
4020817277 180
4025582691 2
4028575057 34
4056565709 20
4074327253 57
4084769632 10
4088869787 43
4106514720 91
4120563849 162
4123558703 25
4136759817 217
4162517235 216
4168711638 141
4173604952 210
4231238145 203
4238147281 18
4269563040 206
4277558944 48
