1800764 152
87484882 127
97068523 73
125896844 9
132851176 111
158100332 144
197722022 169
212966424 154
268465553 151
277378561 100
346763723 76
347327944 110
386235461 89
391851701 93
409984302 91
435153685 72
442087175 108
465915581 149
482554758 45
548834259 3
582418999 35
646992379 176
677338192 140
680353138 97
715741596 52
723386437 4
725606561 32
755509855 36
777434108 84
789663515 68
795357209 24
833957915 34
849924382 70
882923786 167
905458755 47
934031291 114
984515489 20
1029684725 161
1039775941 79
1102138352 168
1119750476 120
1145535496 135
1163785346 170
1165500044 171
1171145260 54
1187002154 99
1199928407 46
1303866932 21
1315240339 94
1324646409 0
1378626860 11
1404395783 14
1411244463 66
1423943361 138
1433784421 150
1481700130 103
1506500056 7
1540789971 88
1565581772 124
1583240062 153
1593335970 113
1648888063 61
1687077153 8
1703074003 143
1723374255 18
1755211868 112
1780965381 119
1817977319 64
1836837436 37
1854296563 136
1878223483 19
1880656059 145
1957456795 60
1967912122 10
1979915395 33
1987706045 122
1991912470 163
2034853916 139
2040735391 117
2054922385 27
2070794468 148
2071342302 166
2088744826 63
2180276089 67
2191007551 62
2245017434 156
2302936662 86
2321067875 87
2335376072 48
2337471812 142
2352408356 78
2386566304 155
2420023489 101
2493197103 75
2523580740 102
2533558194 147
2563637387 81
2564901090 1
2590626395 134
2612076060 178
2623420502 92
2663355169 109
2675243293 74
2680647675 146
2689742369 29
2714344193 128
2727339584 13
2736746253 164
2739454820 123
2751470307 175
2752981434 55
2759781031 49
2819042102 42
2820570352 17
2877103839 77
2878053286 28
2881898293 106
2931281920 158
2939038785 25
2940397723 90
2946051437 98
2947745968 80
2947818890 16
2975899179 30
2976264608 83
3052336121 159
3109774447 65
3118895249 132
3134364972 50
3159294203 40
3162794093 12
3197165266 71
3210776703 6
3224180642 96
3236016622 23
3252655057 53
3255384253 5
3279979113 104
3310504013 177
3311786556 2
3326957411 137
3332444146 56
3345103274 31
3346435016 38
3369397036 125
3415828832 130
3419165889 95
3439938365 85
3475802041 141
3576346154 57
3576952995 41
3637528652 15
3640665415 129
3644108658 157
3650994493 133
3705166655 59
3794242346 118
3813827420 58
3825964894 179
3846291404 121
3863463209 105
3880856117 44
3896729982 51
3897441493 69
3934144507 116
3954570302 131
3978014586 107
3985338750 39
4012176614 173
4020817277 126
4074327253 26
4088869787 22
4106514720 43
4120563849 115
4136759817 172
4162517235 174
4168711638 82
4173604952 165
4231238145 160
4269563040 162
