1800764 147
87484882 120
97068523 60
125896844 18
132851176 104
158100332 150
197722022 164
212966424 154
268465553 148
277378561 99
346763723 70
347327944 105
386235461 83
391851701 87
409984302 81
435153685 68
442087175 109
465915581 143
482554758 46
582418999 50
646992379 174
677338192 135
680353138 94
715741596 39
723386437 19
725606561 20
755509855 62
777434108 73
789663515 58
795357209 15
833957915 24
849924382 57
882923786 167
905458755 29
934031291 106
984515489 28
1029684725 159
1039775941 91
1102138352 165
1119750476 125
1145535496 133
1163785346 169
1165500044 168
1171145260 41
1187002154 95
1199928407 38
1303866932 9
1315240339 89
1324646409 0
1404395783 26
1411244463 56
1423943361 138
1433784421 145
1481700130 98
1506500056 4
1540789971 97
1565581772 115
1583240062 146
1593335970 123
1648888063 47
1703074003 139
1723374255 25
1755211868 107
1780965381 127
1817977319 51
1836837436 37
1854296563 134
1878223483 5
1880656059 149
1902819574 178
1957456795 78
1967912122 27
1979915395 21
1987706045 116
1991912470 160
2034853916 136
2040735391 108
2054922385 44
2070794468 142
2071342302 166
2088744826 53
2180276089 54
2191007551 86
2245017434 153
2302936662 77
2321067875 82
2335376072 30
2337471812 144
2352408356 65
2386566304 155
2420023489 113
2493197103 76
2523580740 100
2533558194 151
2563637387 69
2590626395 131
2612076060 176
2623420502 90
2663355169 103
2675243293 63
2677761041 14
2680647675 141
2689742369 22
2714344193 119
2727339584 3
2736746253 162
2739454820 128
2751470307 173
2752981434 67
2759781031 34
2819042102 35
2820570352 31
2877103839 74
2878053286 36
2881898293 101
2931281920 156
2939038785 13
2940397723 84
2946051437 96
2947745968 66
2947818890 12
2975899179 32
2976264608 71
3052336121 157
3109774447 49
3118895249 124
3134364972 48
3159294203 64
3162794093 1
3197165266 85
3210776703 6
3224180642 88
3236016622 17
3252655057 72
3279979113 112
3310504013 175
3311786556 10
3326957411 132
3332444146 75
3345103274 33
3346435016 43
3369397036 130
3415828832 137
3419165889 92
3421043283 7
3439938365 79
3475802041 140
3576346154 80
3576952995 23
3637528652 8
3640665415 121
3644108658 152
3650994493 126
3682404586 2
3705166655 45
3794242346 110
3813827420 61
3825964894 179
3834047911 177
3846291404 117
3863463209 102
3880856117 42
3896729982 55
3897441493 59
3934144507 111
3954570302 122
3978014586 118
3985338750 52
4012176614 170
4020817277 129
4074327253 16
4088869787 11
4106514720 40
4120563849 114
4136759817 171
4162517235 172
4168711638 93
4173604952 163
4231238145 158
4269563040 161
