1800764 28
87484882 91
125896844 95
132851176 44
158100332 160
197722022 141
212966424 132
268465553 25
277378561 89
346763723 111
347327944 82
391851701 31
409984302 3
435153685 115
442087175 127
456854657 7
465915581 74
480126874 9
482554758 94
521460429 35
582418999 120
600757238 67
646992379 175
677338192 65
680353138 122
723386437 109
755509855 129
795357209 2
833957915 51
882923786 166
934031291 73
972543760 5
976519997 14
984515489 114
1029684725 145
1039775941 137
1061459597 178
1061673189 50
1102138352 164
1119750476 144
1145535496 103
1163785346 174
1165500044 159
1171145260 23
1199928407 68
1302911819 46
1324646409 0
1353077104 59
1399969279 49
1402099477 17
1404395783 113
1411244463 15
1423943361 126
1433784421 80
1462563128 19
1473496205 37
1490182304 40
1497564029 21
1506500056 41
1540789971 151
1565581772 33
1583240062 90
1593335970 152
1703074003 36
1723374255 108
1755211868 87
1780965381 147
1817977319 26
1832923198 45
1836837436 84
1854296563 106
1880656059 143
1902819574 177
1957456795 139
1965817051 48
1966862849 57
1967912122 118
1979915395 6
1987706045 78
1991912470 161
2034853916 93
2040735391 47
2054922385 119
2070794468 72
2071342302 168
2088744826 32
2137655290 20
2191007551 150
2245017434 121
2273076216 8
2302936662 62
2321067875 61
2335376072 1
2337471812 138
2338681792 10
2352408356 55
2386566304 154
2420023489 158
2493197103 124
2523580740 88
2533558194 155
2563637387 34
2564901090 42
2590626395 30
2612076060 176
2675243293 75
2677761041 99
2680647675 70
2689742369 60
2714344193 22
2736746253 163
2739454820 131
2751470307 172
2752981434 128
2759781031 16
2819042102 58
2820570352 116
2877103839 112
2878053286 104
2931281920 149
2946051437 101
2947818890 54
2975899179 86
2979186596 4
3052336121 125
3118895249 18
3134364972 92
3159294203 130
3197165266 142
3210776703 53
3224180642 12
3236016622 56
3252655057 136
3279979113 148
3305405241 66
3310504013 169
3311786556 76
3326957411 43
3332444146 140
3345103274 85
3346435016 100
3369397036 135
3415828832 157
3419165889 98
3421043283 79
3453834671 11
3475802041 123
3576346154 146
3611753873 69
3637528652 13
3644108658 110
3650994493 71
3682404586 96
3705166655 29
3794242346 52
3813827420 102
3825964894 179
3834047911 173
3846291404 107
3863463209 81
3880856117 83
3896729982 97
3897441493 27
3930536579 39
3954570302 38
3978014586 156
3985338750 117
4012176614 162
4020817277 133
4025582691 24
4028575057 64
4106514720 77
4120563849 105
4136759817 170
4162517235 165
4168711638 153
4173604952 167
4231238145 134
4269563040 171
4277558944 63
