1800764 77
87484882 116
125896844 61
132851176 74
158100332 156
197722022 160
212966424 152
268465553 69
277378561 107
346763723 99
347327944 109
391851701 56
409984302 40
435153685 101
442087175 135
465915581 111
482554758 89
582418999 96
600757238 20
646992379 176
677338192 97
680353138 130
723386437 63
725606561 13
755509855 108
777434108 4
795357209 16
833957915 46
882923786 167
934031291 94
972543760 2
984515489 82
1029684725 159
1039775941 132
1061673189 7
1102138352 164
1119750476 144
1145535496 128
1163785346 174
1165500044 162
1171145260 37
1187002154 10
1199928407 58
1303866932 8
1315240339 15
1324646409 0
1353077104 12
1399969279 21
1404395783 79
1411244463 38
1423943361 138
1433784421 119
1481700130 41
1506500056 29
1540789971 136
1565581772 66
1583240062 125
1593335970 148
1703074003 84
1723374255 75
1755211868 113
1780965381 147
1817977319 43
1832923198 30
1836837436 71
1854296563 131
1880656059 151
1902819574 178
1957456795 122
1965817051 25
1966862849 3
1967912122 81
1979915395 19
1987706045 110
1991912470 161
2034853916 121
2040735391 80
2054922385 93
2070794468 104
2071342302 168
2088744826 47
2180276089 28
2191007551 129
2245017434 139
2302936662 68
2321067875 72
2335376072 22
2337471812 150
2338681792 6
2352408356 59
2386566304 158
2420023489 145
2493197103 117
2523580740 106
2533558194 155
2563637387 55
2564901090 27
2590626395 70
2612076060 177
2663355169 32
2675243293 76
2677761041 57
2680647675 102
2689742369 51
2714344193 62
2736746253 163
2739454820 140
2751470307 173
2752981434 115
2759781031 31
2819042102 53
2820570352 86
2877103839 103
2878053286 83
2881898293 35
2931281920 157
2946051437 114
2947745968 17
2947818890 39
2975899179 67
2976264608 9
2979186596 5
3052336121 149
3109774447 11
3118895249 60
3134364972 85
3159294203 112
3197165266 127
3210776703 34
3224180642 49
3236016622 44
3252655057 118
3279979113 141
3305405241 24
3310504013 172
3311786556 50
3326957411 87
3332444146 120
3345103274 65
3346435016 90
3369397036 143
3415828832 153
3419165889 105
3421043283 52
3475802041 137
3516413806 1
3576346154 123
3611753873 33
3637528652 18
3640665415 54
3644108658 133
3650994493 98
3682404586 48
3705166655 42
3794242346 88
3813827420 92
3825964894 179
3834047911 175
3846291404 126
3863463209 100
3880856117 73
3896729982 91
3897441493 45
3930536579 14
3934144507 26
3954570302 78
3978014586 146
3985338750 95
4012176614 165
4020817277 142
4028575057 23
4106514720 64
4120563849 124
4136759817 171
4162517235 169
4168711638 134
4173604952 166
4231238145 154
4269563040 170
4277558944 36
