1800764 62
87484882 95
125896844 91
132851176 54
158100332 159
197722022 147
212966424 134
268465553 56
277378561 88
346763723 104
347327944 86
391851701 35
409984302 18
435153685 112
442087175 125
456854657 5
465915581 82
480126874 2
482554758 89
521460429 29
582418999 120
600757238 67
646992379 175
677338192 73
680353138 121
723386437 110
755509855 129
833957915 40
882923786 166
934031291 72
976519997 4
984515489 114
1029684725 146
1039775941 135
1061459597 178
1061673189 39
1102138352 164
1119750476 140
1145535496 107
1163785346 174
1165500044 160
1171145260 19
1199928407 63
1302911819 43
1324646409 0
1353077104 51
1399969279 36
1402099477 8
1404395783 113
1411244463 17
1423943361 126
1433784421 93
1462563128 11
1473496205 30
1481700130 20
1490182304 31
1497564029 16
1506500056 26
1540789971 150
1565581772 49
1583240062 102
1593335970 148
1703074003 68
1723374255 105
1755211868 90
1780965381 144
1817977319 21
1832923198 32
1836837436 78
1854296563 111
1880656059 141
1902819574 177
1957456795 137
1965817051 33
1966862849 53
1967912122 118
1979915395 1
1987706045 84
1991912470 161
2034853916 101
2040735391 58
2054922385 119
2070794468 79
2071342302 168
2088744826 27
2137655290 9
2180276089 3
2191007551 153
2245017434 123
2302936662 60
2321067875 61
2337471812 136
2352408356 47
2386566304 154
2420023489 158
2493197103 122
2523580740 87
2533558194 156
2563637387 37
2564901090 28
2590626395 52
2612076060 176
2663355169 14
2675243293 69
2677761041 98
2680647675 77
2689742369 48
2714344193 45
2736746253 162
2739454820 130
2751470307 172
2752981434 127
2759781031 13
2819042102 46
2820570352 117
2877103839 108
2878053286 100
2881898293 15
2931281920 151
2946051437 99
2947818890 41
2975899179 81
3052336121 128
3118895249 44
3134364972 85
3159294203 131
3197165266 143
3210776703 38
3224180642 22
3236016622 42
3252655057 139
3279979113 145
3305405241 59
3310504013 170
3311786556 70
3326957411 66
3332444146 142
3345103274 80
3346435016 94
3369397036 133
3415828832 155
3419165889 96
3421043283 74
3453834671 6
3475802041 124
3576346154 149
3611753873 64
3637528652 7
3640665415 34
3644108658 115
3650994493 75
3682404586 103
3705166655 23
3794242346 65
3813827420 97
3825964894 179
3834047911 173
3846291404 109
3863463209 83
3880856117 76
3896729982 92
3897441493 24
3930536579 25
3934144507 12
3954570302 57
3978014586 157
3985338750 116
4012176614 163
4020817277 132
4025582691 10
4028575057 55
4106514720 71
4120563849 106
4136759817 169
4162517235 165
4168711638 152
4173604952 167
4231238145 138
4269563040 171
4277558944 50
