1800764 125
87484882 122
97068523 25
125896844 32
132851176 95
158100332 153
197722022 161
212966424 152
268465553 123
277378561 100
346763723 82
347327944 112
386235461 41
391851701 76
409984302 67
435153685 83
442087175 127
465915581 130
482554758 63
582418999 75
646992379 175
677338192 124
680353138 110
715741596 6
723386437 35
725606561 15
755509855 81
777434108 39
789663515 17
795357209 13
833957915 30
849924382 26
882923786 166
905458755 1
934031291 109
984515489 57
1029684725 159
1039775941 107
1102138352 163
1119750476 142
1145535496 132
1163785346 172
1165500044 168
1171145260 33
1187002154 71
1199928407 44
1303866932 3
1315240339 61
1324646409 0
1404395783 53
1411244463 40
1423943361 145
1433784421 136
1481700130 79
1506500056 11
1540789971 118
1565581772 102
1583240062 137
1593335970 143
1648888063 20
1703074003 120
1723374255 48
1755211868 114
1780965381 144
1817977319 43
1832923198 8
1836837436 56
1854296563 133
1880656059 151
1902819574 178
1957456795 93
1965817051 4
1967912122 55
1979915395 18
1987706045 117
1991912470 160
2034853916 131
2040735391 98
2054922385 68
2070794468 129
2071342302 167
2088744826 47
2180276089 36
2191007551 99
2245017434 150
2302936662 77
2321067875 78
2335376072 24
2337471812 149
2352408356 65
2386566304 156
2420023489 135
2493197103 90
2523580740 101
2533558194 154
2563637387 66
2564901090 7
2590626395 113
2612076060 177
2623420502 51
2663355169 85
2675243293 70
2677761041 29
2680647675 128
2689742369 31
2714344193 104
2736746253 162
2739454820 139
2751470307 173
2752981434 87
2759781031 28
2819042102 37
2820570352 58
2877103839 86
2878053286 59
2881898293 80
2931281920 157
2940397723 45
2946051437 103
2947745968 46
2947818890 19
2975899179 52
2976264608 42
3052336121 155
3109774447 27
3118895249 108
3134364972 64
3159294203 84
3197165266 97
3210776703 14
3224180642 74
3236016622 23
3252655057 89
3279979113 134
3310504013 174
3311786556 22
3326957411 115
3332444146 91
3345103274 50
3346435016 62
3369397036 141
3415828832 148
3419165889 92
3421043283 21
3439938365 34
3475802041 146
3576346154 94
3576952995 10
3611753873 5
3637528652 9
3640665415 96
3644108658 147
3650994493 119
3682404586 16
3705166655 38
3794242346 105
3813827420 73
3825964894 179
3834047911 176
3846291404 126
3863463209 106
3880856117 60
3896729982 69
3897441493 49
3934144507 88
3954570302 111
3978014586 138
3985338750 72
4012176614 169
4020817277 140
4074327253 2
4106514720 54
4120563849 121
4136759817 171
4162517235 170
4168711638 116
4173604952 165
4231238145 158
4269563040 164
4277558944 12
