1800764 43
87484882 99
125896844 84
132851176 55
158100332 159
197722022 150
212966424 141
268465553 35
277378561 93
346763723 108
347327944 89
391851701 39
409984302 16
435153685 115
442087175 128
465915581 78
482554758 91
521460429 19
582418999 120
600757238 58
646992379 175
677338192 70
680353138 122
723386437 98
755509855 124
795357209 9
833957915 49
882923786 166
934031291 73
972543760 2
976519997 7
984515489 107
1029684725 152
1039775941 134
1061459597 178
1061673189 32
1102138352 164
1119750476 143
1145535496 111
1163785346 174
1165500044 160
1171145260 26
1199928407 68
1302911819 25
1324646409 0
1353077104 46
1399969279 40
1402099477 4
1404395783 106
1411244463 22
1423943361 129
1433784421 90
1462563128 5
1473496205 21
1481700130 10
1490182304 23
1497564029 6
1506500056 34
1540789971 145
1565581772 47
1583240062 101
1593335970 151
1703074003 51
1723374255 102
1755211868 95
1780965381 149
1817977319 28
1832923198 42
1836837436 80
1854296563 116
1880656059 147
1902819574 177
1957456795 133
1965817051 41
1966862849 36
1967912122 110
1979915395 15
1987706045 85
1991912470 161
2034853916 103
2040735391 59
2054922385 118
2070794468 77
2071342302 168
2088744826 37
2137655290 14
2180276089 12
2191007551 139
2245017434 125
2273076216 1
2302936662 66
2321067875 67
2335376072 11
2337471812 142
2338681792 8
2352408356 61
2386566304 157
2420023489 154
2493197103 121
2523580740 92
2533558194 158
2563637387 44
2564901090 38
2590626395 45
2612076060 176
2675243293 72
2677761041 86
2680647675 75
2689742369 63
2714344193 33
2736746253 162
2739454820 137
2751470307 172
2752981434 123
2759781031 20
2819042102 62
2820570352 109
2877103839 112
2878053286 97
2931281920 153
2946051437 105
2947818890 50
2975899179 83
2979186596 3
3052336121 131
3118895249 29
3134364972 87
3159294203 126
3197165266 135
3210776703 48
3224180642 24
3236016622 53
3252655057 130
3279979113 148
3305405241 57
3310504013 169
3311786556 69
3326957411 56
3332444146 132
3345103274 79
3346435016 96
3369397036 140
3415828832 156
3419165889 104
3421043283 71
3475802041 127
3576346154 136
3611753873 65
3637528652 17
3640665415 18
3644108658 119
3650994493 74
3682404586 82
3705166655 31
3794242346 64
3813827420 100
3825964894 179
3834047911 173
3846291404 114
3863463209 88
3880856117 81
3896729982 94
3897441493 30
3930536579 27
3954570302 52
3978014586 155
3985338750 117
4012176614 163
4020817277 138
4025582691 13
4028575057 54
4106514720 76
4120563849 113
4136759817 170
4162517235 165
4168711638 146
4173604952 167
4231238145 144
4269563040 171
4277558944 60
