1800764 62
87484882 104
125896844 79
132851176 61
158100332 159
197722022 156
212966424 145
268465553 58
277378561 98
346763723 107
347327944 96
391851701 47
409984302 24
435153685 111
442087175 126
465915581 91
482554758 84
521460429 9
582418999 115
600757238 48
646992379 175
677338192 81
680353138 123
723386437 90
755509855 124
795357209 8
833957915 45
882923786 166
934031291 78
972543760 2
976519997 1
984515489 102
1029684725 153
1039775941 133
1061459597 178
1061673189 22
1102138352 163
1119750476 143
1145535496 118
1163785346 174
1165500044 160
1171145260 26
1199928407 59
1302911819 17
1324646409 0
1353077104 35
1399969279 30
1404395783 99
1411244463 23
1423943361 132
1433784421 103
1473496205 13
1481700130 25
1490182304 14
1506500056 28
1540789971 141
1565581772 56
1583240062 113
1593335970 150
1703074003 68
1723374255 93
1755211868 100
1780965381 148
1817977319 32
1832923198 33
1836837436 74
1854296563 119
1880656059 147
1902819574 177
1957456795 129
1965817051 31
1966862849 27
1967912122 108
1979915395 11
1987706045 95
1991912470 161
2034853916 110
2040735391 66
2054922385 114
2070794468 86
2071342302 168
2088744826 38
2137655290 6
2180276089 15
2191007551 138
2245017434 128
2302936662 64
2321067875 65
2335376072 10
2337471812 144
2338681792 4
2352408356 55
2386566304 157
2420023489 151
2493197103 121
2523580740 97
2533558194 158
2563637387 46
2564901090 29
2590626395 57
2612076060 176
2663355169 18
2675243293 72
2677761041 80
2680647675 85
2689742369 51
2714344193 54
2736746253 162
2739454820 137
2751470307 172
2752981434 122
2759781031 21
2819042102 53
2820570352 105
2877103839 109
2878053286 89
2881898293 20
2931281920 154
2946051437 106
2947745968 7
2947818890 41
2975899179 77
2979186596 3
3052336121 136
3118895249 52
3134364972 82
3159294203 125
3197165266 134
3210776703 39
3224180642 37
3236016622 44
3252655057 127
3279979113 146
3305405241 43
3310504013 171
3311786556 60
3326957411 69
3332444146 130
3345103274 73
3346435016 87
3369397036 140
3415828832 155
3419165889 101
3421043283 67
3475802041 131
3576346154 135
3611753873 50
3637528652 12
3640665415 40
3644108658 120
3650994493 83
3682404586 76
3705166655 34
3794242346 70
3813827420 94
3825964894 179
3834047911 173
3846291404 117
3863463209 92
3880856117 75
3896729982 88
3897441493 36
3930536579 19
3934144507 16
3954570302 63
3978014586 152
3985338750 112
4012176614 164
4020817277 139
4025582691 5
4028575057 42
4106514720 71
4120563849 116
4136759817 170
4162517235 165
4168711638 142
4173604952 167
4231238145 149
4269563040 169
4277558944 49
