1800764 115
87484882 124
97068523 18
125896844 35
132851176 98
158100332 152
197722022 160
212966424 153
268465553 114
277378561 107
346763723 89
347327944 118
386235461 27
391851701 82
409984302 65
435153685 88
442087175 130
465915581 129
482554758 66
582418999 69
646992379 175
677338192 123
680353138 117
723386437 34
725606561 17
755509855 74
777434108 33
789663515 6
795357209 16
833957915 39
849924382 22
882923786 166
934031291 111
984515489 48
1029684725 159
1039775941 104
1102138352 163
1119750476 142
1145535496 133
1163785346 172
1165500044 167
1171145260 42
1187002154 52
1199928407 56
1303866932 7
1315240339 46
1324646409 0
1399969279 2
1404395783 44
1411244463 51
1423943361 145
1433784421 135
1481700130 80
1506500056 15
1540789971 119
1565581772 100
1583240062 138
1593335970 139
1648888063 10
1703074003 116
1723374255 45
1755211868 120
1780965381 144
1817977319 53
1832923198 13
1836837436 60
1854296563 136
1880656059 151
1902819574 178
1957456795 91
1965817051 9
1967912122 40
1979915395 24
1987706045 122
1991912470 161
2034853916 131
2040735391 101
2054922385 62
2070794468 127
2071342302 168
2088744826 54
2180276089 41
2191007551 94
2245017434 150
2302936662 83
2321067875 84
2335376072 32
2337471812 149
2352408356 70
2386566304 156
2420023489 134
2493197103 95
2523580740 108
2533558194 154
2563637387 68
2564901090 11
2590626395 105
2612076060 177
2623420502 29
2663355169 77
2675243293 78
2677761041 25
2680647675 126
2689742369 38
2714344193 97
2727339584 1
2736746253 162
2739454820 140
2751470307 173
2752981434 86
2759781031 36
2819042102 50
2820570352 47
2877103839 92
2878053286 59
2881898293 75
2931281920 157
2940397723 30
2946051437 110
2947745968 43
2947818890 26
2975899179 55
2976264608 37
3052336121 155
3109774447 28
3118895249 99
3134364972 67
3159294203 79
3197165266 96
3210776703 20
3224180642 73
3236016622 31
3252655057 85
3279979113 132
3310504013 174
3311786556 23
3326957411 112
3332444146 87
3345103274 57
3346435016 64
3369397036 143
3415828832 148
3419165889 102
3421043283 21
3439938365 19
3475802041 146
3576346154 90
3576952995 8
3611753873 4
3637528652 14
3640665415 93
3644108658 147
3650994493 121
3682404586 5
3705166655 49
3794242346 103
3813827420 81
3825964894 179
3834047911 176
3846291404 128
3863463209 109
3880856117 63
3896729982 72
3897441493 58
3934144507 76
3954570302 106
3978014586 137
3985338750 71
4012176614 169
4020817277 141
4074327253 3
4106514720 61
4120563849 125
4136759817 171
4162517235 170
4168711638 113
4173604952 165
4231238145 158
4269563040 164
4277558944 12
