87484882 76
125896844 108
132851176 23
143419484 12
158100332 149
197722022 124
212966424 125
277378561 78
346763723 106
347327944 70
366165566 25
391851701 5
435153685 111
442087175 119
456854657 55
465915581 51
480126874 42
482554758 101
521460429 66
582418999 127
600757238 88
646992379 174
677338192 36
680353138 118
723386437 117
755509855 151
833957915 38
882923786 162
934031291 49
972543760 14
976519997 34
984515489 121
1029684725 128
1039775941 144
1061459597 178
1061673189 73
1102138352 153
1119750476 138
1145535496 85
1163785346 175
1165500044 139
1171145260 4
1199928407 62
1302911819 80
1324646409 0
1353077104 84
1399969279 60
1402099477 40
1404395783 122
1423943361 114
1433784421 63
1462563128 56
1473496205 68
1490182304 67
1497564029 61
1506500056 35
1540789971 161
1565581772 6
1567831198 15
1583240062 72
1593335970 147
1703074003 13
1721069724 2
1723374255 115
1755211868 74
1780965381 142
1817977319 11
1832923198 48
1836837436 92
1854296563 91
1880656059 135
1902819574 177
1957456795 156
1965817051 52
1966862849 87
1967912122 134
1987706045 64
1991912470 146
2023365118 26
2034853916 75
2040735391 24
2054922385 129
2070794468 45
2071342302 166
2088744826 21
2115991866 31
2137655290 32
2191007551 170
2245017434 105
2273076216 29
2302936662 41
2321067875 39
2337471812 132
2338681792 22
2352408356 33
2386566304 141
2420023489 163
2455595861 30
2493197103 130
2523580740 77
2533558194 145
2563637387 19
2564901090 37
2590626395 1
2612076060 176
2618357298 28
2654090424 18
2675243293 65
2677761041 113
2680647675 44
2689742369 59
2736746253 152
2739454820 131
2751470307 172
2752981434 140
2819042102 50
2820570352 126
2877103839 107
2878053286 109
2931281920 137
2946051437 93
2947818890 54
2975899179 99
2979186596 10
3052336121 110
3134364972 98
3159294203 154
3197165266 157
3210776703 57
3236016622 53
3252655057 158
3279979113 148
3305405241 83
3310504013 165
3311786556 86
3326957411 20
3332444146 159
3345103274 96
3346435016 104
3369397036 136
3415828832 155
3419165889 94
3421043283 100
3453834671 47
3475802041 112
3576346154 168
3611753873 82
3637528652 8
3644108658 90
3650994493 46
3682404586 116
3705166655 16
3794242346 27
3813827420 103
3825964894 179
3834047911 171
3846291404 97
3863463209 71
3880856117 89
3896729982 102
3897441493 9
3930536579 58
3954570302 17
3978014586 160
3985338750 120
4012176614 143
4020817277 133
4025582691 43
4028575057 81
4071585141 3
4084769632 7
4106514720 79
4120563849 95
4136759817 169
4162517235 150
4168711638 167
4173604952 164
4231238145 123
4269563040 173
4277558944 69
