1800764 116
87484882 122
97068523 17
125896844 45
132851176 89
158100332 154
197722022 160
212966424 152
268465553 113
277378561 100
346763723 83
347327944 110
386235461 30
391851701 71
409984302 57
435153685 84
442087175 132
465915581 128
482554758 68
582418999 82
646992379 175
677338192 121
680353138 119
723386437 50
725606561 9
755509855 85
777434108 31
789663515 7
795357209 11
833957915 35
849924382 20
882923786 166
934031291 105
984515489 61
1029684725 159
1039775941 118
1102138352 163
1119750476 143
1145535496 131
1163785346 172
1165500044 164
1171145260 37
1187002154 51
1199928407 49
1303866932 1
1315240339 46
1324646409 0
1399969279 4
1404395783 59
1411244463 42
1423943361 142
1433784421 134
1481700130 74
1506500056 15
1540789971 129
1565581772 92
1583240062 135
1593335970 145
1648888063 10
1703074003 112
1723374255 55
1755211868 115
1780965381 147
1817977319 44
1832923198 14
1836837436 56
1854296563 133
1880656059 151
1902819574 178
1957456795 106
1965817051 6
1967912122 63
1979915395 19
1987706045 117
1991912470 161
2034853916 130
2040735391 93
2054922385 77
2070794468 127
2071342302 168
2088744826 47
2180276089 36
2191007551 114
2245017434 148
2302936662 75
2321067875 78
2335376072 22
2337471812 149
2352408356 62
2386566304 156
2420023489 137
2493197103 96
2523580740 103
2533558194 155
2563637387 58
2564901090 12
2590626395 101
2612076060 177
2623420502 33
2663355169 76
2675243293 70
2677761041 41
2680647675 124
2689742369 38
2714344193 91
2736746253 162
2739454820 138
2751470307 173
2752981434 90
2759781031 29
2819042102 43
2820570352 65
2877103839 86
2878053286 64
2881898293 72
2931281920 158
2940397723 32
2946051437 107
2947745968 39
2947818890 23
2975899179 53
2976264608 34
3052336121 153
3109774447 21
3118895249 95
3134364972 69
3159294203 88
3197165266 111
3210776703 18
3224180642 66
3236016622 25
3252655057 98
3279979113 136
3305405241 3
3310504013 174
3311786556 28
3326957411 108
3332444146 102
3345103274 52
3346435016 67
3369397036 140
3415828832 150
3419165889 94
3421043283 26
3439938365 24
3475802041 144
3576346154 109
3576952995 5
3611753873 13
3637528652 8
3640665415 87
3644108658 146
3650994493 120
3682404586 27
3705166655 40
3794242346 97
3813827420 79
3825964894 179
3834047911 176
3846291404 125
3863463209 104
3880856117 60
3896729982 73
3897441493 48
3934144507 80
3954570302 99
3978014586 141
3985338750 81
4012176614 169
4020817277 139
4028575057 2
4106514720 54
4120563849 123
4136759817 171
4162517235 170
4168711638 126
4173604952 165
4231238145 157
4269563040 167
4277558944 16
