1800764 94
87484882 124
97068523 4
125896844 53
132851176 87
158100332 154
197722022 160
212966424 153
268465553 90
277378561 109
346763723 98
347327944 115
386235461 6
391851701 61
409984302 51
435153685 99
442087175 135
465915581 122
482554758 74
582418999 85
600757238 10
646992379 175
677338192 112
680353138 125
723386437 54
725606561 14
755509855 92
777434108 13
795357209 17
833957915 41
849924382 7
882923786 166
934031291 102
984515489 67
1029684725 159
1039775941 123
1102138352 164
1119750476 145
1145535496 132
1163785346 174
1165500044 163
1171145260 38
1187002154 24
1199928407 57
1303866932 9
1315240339 27
1324646409 0
1399969279 15
1404395783 63
1411244463 40
1423943361 140
1433784421 127
1481700130 55
1506500056 26
1540789971 133
1565581772 84
1583240062 131
1593335970 146
1703074003 97
1723374255 59
1755211868 120
1780965381 147
1817977319 44
1832923198 23
1836837436 69
1854296563 134
1880656059 151
1902819574 178
1957456795 111
1965817051 20
1967912122 60
1979915395 25
1987706045 117
1991912470 161
2034853916 128
2040735391 89
2054922385 79
2070794468 121
2071342302 167
2088744826 49
2180276089 34
2191007551 116
2245017434 148
2302936662 77
2321067875 78
2335376072 28
2337471812 149
2352408356 66
2386566304 157
2420023489 138
2493197103 107
2523580740 110
2533558194 155
2563637387 58
2564901090 22
2590626395 88
2612076060 177
2623420502 5
2663355169 47
2675243293 75
2677761041 46
2680647675 118
2689742369 45
2714344193 81
2736746253 162
2739454820 139
2751470307 173
2752981434 101
2759781031 33
2819042102 52
2820570352 68
2877103839 100
2878053286 72
2881898293 50
2931281920 158
2940397723 8
2946051437 114
2947745968 30
2947818890 35
2975899179 64
2976264608 18
3052336121 152
3109774447 16
3118895249 80
3134364972 76
3159294203 95
3197165266 119
3210776703 31
3224180642 56
3236016622 37
3252655057 103
3279979113 137
3305405241 11
3310504013 172
3311786556 39
3326957411 96
3332444146 105
3345103274 62
3346435016 73
3369397036 144
3415828832 150
3419165889 104
3421043283 36
3475802041 141
3576346154 108
3576952995 2
3611753873 21
3637528652 19
3640665415 70
3644108658 136
3650994493 113
3682404586 32
3705166655 42
3794242346 93
3813827420 83
3825964894 179
3834047911 176
3846291404 129
3863463209 106
3880856117 71
3896729982 82
3897441493 48
3930536579 3
3934144507 43
3954570302 91
3978014586 143
3985338750 86
4012176614 169
4020817277 142
4028575057 12
4074327253 1
4106514720 65
4120563849 126
4136759817 171
4162517235 170
4168711638 130
4173604952 165
4231238145 156
4269563040 168
4277558944 29
