1800764 94
87484882 117
97068523 1
125896844 58
132851176 82
158100332 156
197722022 160
212966424 152
268465553 91
277378561 102
346763723 96
347327944 107
386235461 8
391851701 57
409984302 46
435153685 98
442087175 133
465915581 116
482554758 74
582418999 92
600757238 16
646992379 175
677338192 106
680353138 124
723386437 63
725606561 7
755509855 105
777434108 14
795357209 11
833957915 39
849924382 6
882923786 166
934031291 97
984515489 76
1029684725 159
1039775941 130
1102138352 164
1119750476 144
1145535496 128
1163785346 174
1165500044 163
1171145260 35
1187002154 32
1199928407 55
1303866932 3
1315240339 27
1324646409 0
1353077104 5
1399969279 15
1404395783 73
1411244463 37
1423943361 138
1433784421 122
1481700130 53
1506500056 24
1540789971 135
1565581772 83
1583240062 129
1593335970 148
1703074003 95
1723374255 69
1755211868 112
1780965381 147
1817977319 40
1832923198 25
1836837436 64
1854296563 132
1880656059 151
1902819574 178
1957456795 120
1965817051 21
1967912122 77
1979915395 20
1987706045 110
1991912470 161
2034853916 123
2040735391 85
2054922385 89
2070794468 115
2071342302 167
2088744826 44
2180276089 33
2191007551 131
2245017434 143
2302936662 67
2321067875 70
2335376072 23
2337471812 149
2352408356 59
2386566304 158
2420023489 145
2493197103 113
2523580740 103
2533558194 155
2563637387 54
2564901090 22
2590626395 86
2612076060 177
2623420502 9
2663355169 51
2675243293 68
2677761041 56
2680647675 114
2689742369 43
2714344193 78
2736746253 162
2739454820 140
2751470307 173
2752981434 111
2759781031 30
2819042102 48
2820570352 79
2877103839 99
2878053286 71
2881898293 50
2931281920 157
2940397723 10
2946051437 108
2947745968 26
2947818890 34
2975899179 62
2976264608 18
3052336121 150
3109774447 12
3118895249 80
3134364972 72
3159294203 109
3197165266 127
3210776703 29
3224180642 52
3236016622 36
3252655057 118
3279979113 139
3305405241 19
3310504013 172
3311786556 42
3326957411 93
3332444146 119
3345103274 61
3346435016 75
3369397036 142
3415828832 153
3419165889 100
3421043283 45
3439938365 2
3475802041 137
3576346154 126
3611753873 28
3637528652 13
3640665415 66
3644108658 136
3650994493 104
3682404586 47
3705166655 38
3794242346 88
3813827420 84
3825964894 179
3834047911 176
3846291404 125
3863463209 101
3880856117 65
3896729982 81
3897441493 41
3930536579 4
3934144507 49
3954570302 87
3978014586 146
3985338750 90
4012176614 168
4020817277 141
4028575057 17
4106514720 60
4120563849 121
4136759817 171
4162517235 170
4168711638 134
4173604952 165
4231238145 154
4269563040 169
4277558944 31
