1800764 13
87484882 84
125896844 105
132851176 35
158100332 155
197722022 131
212966424 128
268465553 8
277378561 87
346763723 109
347327944 79
391851701 21
435153685 112
442087175 126
456854657 27
465915581 66
480126874 26
482554758 97
521460429 48
582418999 123
600757238 77
646992379 174
677338192 53
680353138 125
723386437 113
755509855 138
833957915 46
882923786 166
934031291 65
972543760 11
976519997 28
984515489 116
1029684725 136
1039775941 141
1061459597 178
1061673189 62
1102138352 165
1119750476 140
1145535496 94
1163785346 175
1165500044 150
1171145260 16
1199928407 68
1302911819 64
1324646409 0
1353077104 70
1399969279 49
1402099477 34
1404395783 115
1411244463 10
1423943361 124
1433784421 75
1462563128 38
1473496205 50
1490182304 51
1497564029 39
1506500056 41
1540789971 154
1565581772 22
1583240062 82
1593335970 151
1703074003 23
1723374255 111
1755211868 83
1780965381 147
1817977319 19
1832923198 44
1836837436 90
1854296563 98
1880656059 137
1902819574 177
1957456795 143
1965817051 47
1966862849 69
1967912122 121
1979915395 2
1987706045 76
1991912470 160
2034853916 86
2040735391 37
2054922385 122
2070794468 60
2071342302 168
2088744826 29
2115991866 1
2137655290 31
2191007551 159
2245017434 114
2273076216 18
2302936662 57
2321067875 56
2337471812 134
2338681792 17
2352408356 45
2386566304 148
2420023489 162
2493197103 127
2523580740 85
2533558194 152
2563637387 30
2564901090 42
2590626395 15
2612076060 176
2654090424 5
2675243293 73
2677761041 107
2680647675 59
2689742369 61
2714344193 7
2736746253 163
2739454820 132
2751470307 172
2752981434 130
2759781031 12
2819042102 58
2820570352 118
2877103839 110
2878053286 106
2931281920 142
2946051437 96
2947818890 54
2975899179 92
2979186596 9
3052336121 119
3118895249 3
3134364972 93
3159294203 139
3197165266 146
3210776703 52
3224180642 6
3236016622 55
3252655057 144
3279979113 149
3305405241 72
3310504013 169
3311786556 81
3326957411 33
3332444146 145
3345103274 91
3346435016 104
3369397036 135
3415828832 156
3419165889 95
3421043283 89
3453834671 32
3475802041 120
3576346154 153
3611753873 74
3637528652 14
3644108658 100
3650994493 63
3682404586 108
3705166655 24
3794242346 40
3813827420 103
3825964894 179
3834047911 173
3846291404 102
3863463209 80
3880856117 88
3896729982 101
3897441493 20
3930536579 43
3954570302 25
3978014586 161
3985338750 117
4012176614 158
4020817277 133
4025582691 36
4028575057 71
4084769632 4
4106514720 78
4120563849 99
4136759817 170
4162517235 164
4168711638 157
4173604952 167
4231238145 129
4269563040 171
4277558944 67
