87484882 61
125896844 114
132851176 1
143419484 28
158100332 148
197722022 111
212966424 116
277378561 71
346763723 109
347327944 56
366165566 40
435153685 112
442087175 118
456854657 72
465915581 27
480126874 62
482554758 103
521460429 82
582418999 136
600757238 99
646992379 174
677338192 17
680353138 119
723386437 130
755509855 159
833957915 35
882923786 154
934031291 31
972543760 18
976519997 49
984515489 132
1029684725 117
1039775941 156
1061459597 175
1061673189 85
1102138352 145
1119750476 137
1145535496 74
1163785346 178
1165500044 126
1171145260 3
1199928407 63
1302911819 95
1324646409 0
1353077104 97
1399969279 65
1402099477 59
1404395783 133
1423943361 110
1433784421 38
1462563128 70
1473496205 83
1490182304 80
1497564029 75
1506500056 37
1540789971 166
1567831198 32
1583240062 47
1593335970 150
1721069724 22
1723374255 121
1755211868 64
1780965381 146
1817977319 6
1832923198 46
1836837436 90
1854296563 77
1880656059 124
1902819574 177
1957456795 164
1965817051 53
1966862849 102
1967912122 144
1987706045 43
1991912470 142
2023365118 45
2034853916 58
2040735391 4
2054922385 139
2070794468 21
2071342302 157
2088744826 12
2115991866 55
2137655290 42
2191007551 173
2245017434 96
2273076216 36
2302936662 34
2321067875 33
2335932329 16
2337471812 122
2338681792 25
2352408356 29
2386566304 138
2420023489 165
2455595861 50
2493197103 135
2523580740 69
2533558194 147
2563637387 8
2564901090 39
2612076060 176
2616533013 14
2618357298 44
2654090424 30
2675243293 66
2677761041 120
2680647675 20
2689742369 52
2736746253 143
2739454820 123
2751470307 167
2752981434 149
2819042102 41
2820570352 140
2877103839 108
2878053286 113
2931281920 128
2946051437 84
2947818890 51
2975899179 98
2979186596 15
3052336121 100
3134364972 94
3159294203 161
3197165266 163
3210776703 54
3236016622 48
3238789951 2
3252655057 169
3279979113 152
3305405241 92
3310504013 151
3311786556 91
3332444146 168
3345103274 93
3346435016 107
3369397036 129
3415828832 153
3419165889 86
3421043283 105
3453834671 67
3475802041 106
3570828790 23
3576346154 172
3611753873 89
3637528652 13
3644108658 73
3650994493 24
3682404586 131
3705166655 10
3735285954 11
3794242346 9
3813827420 104
3825964894 179
3834047911 162
3846291404 81
3863463209 60
3880856117 87
3896729982 101
3897441493 5
3930536579 68
3978014586 160
3985338750 127
4012176614 134
4020817277 125
4025582691 57
4028575057 88
4044901966 7
4071585141 26
4084769632 19
4106514720 78
4120563849 79
4136759817 158
4162517235 141
4168711638 170
4173604952 155
4231238145 115
4269563040 171
4277558944 76
