1800764 88
87484882 121
125896844 58
132851176 83
158100332 156
197722022 160
212966424 152
268465553 84
277378561 107
346763723 97
347327944 110
386235461 4
391851701 57
409984302 45
435153685 98
442087175 135
465915581 115
482554758 81
582418999 95
600757238 16
646992379 175
677338192 101
680353138 128
723386437 61
725606561 11
755509855 99
777434108 10
795357209 15
833957915 44
849924382 6
882923786 166
934031291 96
984515489 75
1029684725 159
1039775941 130
1061673189 3
1102138352 164
1119750476 145
1145535496 131
1163785346 174
1165500044 162
1171145260 36
1187002154 14
1199928407 56
1303866932 9
1315240339 17
1324646409 0
1353077104 7
1399969279 19
1404395783 70
1411244463 37
1423943361 138
1433784421 122
1481700130 50
1506500056 27
1540789971 134
1565581772 78
1583240062 129
1593335970 147
1703074003 92
1723374255 67
1755211868 114
1780965381 148
1817977319 43
1832923198 28
1836837436 65
1854296563 132
1880656059 151
1902819574 178
1957456795 119
1965817051 24
1967912122 72
1979915395 22
1987706045 112
1991912470 161
2034853916 126
2040735391 85
2054922385 90
2070794468 111
2071342302 167
2088744826 49
2180276089 30
2191007551 123
2245017434 142
2302936662 71
2321067875 73
2335376072 25
2337471812 149
2338681792 2
2352408356 60
2386566304 158
2420023489 144
2493197103 117
2523580740 106
2533558194 155
2563637387 55
2564901090 26
2590626395 82
2612076060 177
2663355169 38
2675243293 74
2677761041 54
2680647675 108
2689742369 51
2714344193 68
2736746253 163
2739454820 140
2751470307 173
2752981434 109
2759781031 32
2819042102 53
2820570352 76
2877103839 100
2878053286 77
2881898293 42
2931281920 157
2940397723 5
2946051437 113
2947745968 23
2947818890 35
2975899179 64
2976264608 12
2979186596 1
3052336121 150
3109774447 13
3118895249 66
3134364972 79
3159294203 102
3197165266 124
3210776703 31
3224180642 52
3236016622 39
3252655057 116
3279979113 139
3305405241 21
3310504013 172
3311786556 48
3326957411 91
3332444146 118
3345103274 63
3346435016 80
3369397036 143
3415828832 153
3419165889 105
3421043283 47
3475802041 137
3576346154 120
3611753873 29
3637528652 18
3640665415 59
3644108658 136
3650994493 103
3682404586 40
3705166655 41
3794242346 89
3813827420 93
3825964894 179
3834047911 176
3846291404 127
3863463209 104
3880856117 69
3896729982 87
3897441493 46
3930536579 8
3934144507 34
3954570302 86
3978014586 146
3985338750 94
4012176614 168
4020817277 141
4028575057 20
4106514720 62
4120563849 125
4136759817 171
4162517235 170
4168711638 133
4173604952 165
4231238145 154
4269563040 169
4277558944 33
