1800764 15
87484882 75
125896844 108
132851176 24
143419484 4
158100332 149
197722022 125
212966424 123
268465553 9
277378561 79
346763723 105
347327944 71
366165566 22
391851701 10
435153685 110
442087175 119
456854657 56
465915581 60
480126874 40
482554758 101
521460429 65
582418999 126
600757238 86
646992379 174
677338192 43
680353138 118
723386437 117
755509855 150
833957915 37
882923786 163
934031291 55
972543760 6
976519997 33
984515489 121
1029684725 131
1039775941 144
1061459597 178
1061673189 70
1102138352 155
1119750476 138
1145535496 88
1163785346 175
1165500044 140
1171145260 2
1199928407 62
1302911819 81
1324646409 0
1353077104 84
1399969279 59
1402099477 38
1404395783 122
1423943361 115
1433784421 66
1462563128 54
1473496205 68
1490182304 67
1497564029 61
1506500056 35
1540789971 161
1565581772 16
1567831198 11
1583240062 73
1593335970 146
1703074003 20
1723374255 114
1755211868 74
1780965381 142
1817977319 7
1832923198 44
1836837436 90
1854296563 93
1880656059 136
1902819574 177
1957456795 156
1965817051 47
1966862849 89
1967912122 134
1987706045 63
1991912470 148
2023365118 25
2034853916 76
2040735391 26
2054922385 128
2070794468 51
2071342302 166
2088744826 19
2115991866 31
2137655290 32
2191007551 170
2245017434 107
2273076216 28
2302936662 42
2321067875 41
2337471812 132
2338681792 17
2352408356 34
2386566304 141
2420023489 162
2455595861 29
2493197103 129
2523580740 77
2533558194 145
2563637387 18
2564901090 36
2590626395 13
2612076060 176
2618357298 27
2654090424 12
2675243293 64
2677761041 113
2680647675 48
2689742369 58
2736746253 151
2739454820 130
2751470307 172
2752981434 139
2819042102 46
2820570352 127
2877103839 106
2878053286 109
2931281920 137
2946051437 92
2947818890 52
2975899179 99
2979186596 3
3052336121 111
3134364972 98
3159294203 154
3197165266 157
3210776703 53
3236016622 50
3252655057 158
3279979113 147
3305405241 83
3310504013 167
3311786556 85
3326957411 23
3332444146 159
3345103274 94
3346435016 104
3369397036 135
3415828832 153
3419165889 91
3421043283 100
3453834671 45
3475802041 112
3576346154 168
3611753873 82
3637528652 5
3644108658 95
3650994493 49
3682404586 116
3705166655 14
3794242346 30
3813827420 103
3825964894 179
3834047911 171
3846291404 97
3863463209 72
3880856117 87
3896729982 102
3897441493 8
3930536579 57
3954570302 21
3978014586 160
3985338750 120
4012176614 143
4020817277 133
4025582691 39
4028575057 80
4084769632 1
4106514720 78
4120563849 96
4136759817 169
4162517235 152
4168711638 165
4173604952 164
4231238145 124
4269563040 173
4277558944 69
