1800764 68
87484882 90
125896844 104
132851176 44
158100332 147
197722022 138
212966424 130
268465553 66
277378561 84
346763723 105
347327944 80
391851701 25
409984302 6
435153685 108
442087175 121
456854657 35
465915581 85
480126874 18
482554758 92
521460429 47
582418999 123
600757238 73
646992379 175
677338192 72
680353138 118
723386437 112
755509855 145
833957915 26
882923786 165
934031291 63
976519997 10
984515489 116
1029684725 137
1039775941 141
1061459597 178
1061673189 54
1102138352 162
1119750476 136
1145535496 101
1163785346 174
1165500044 152
1171145260 1
1187002154 11
1199928407 46
1302911819 67
1324646409 0
1353077104 69
1399969279 33
1402099477 15
1404395783 119
1423943361 120
1433784421 93
1462563128 29
1473496205 51
1481700130 21
1490182304 45
1497564029 39
1506500056 17
1540789971 153
1565581772 50
1583240062 98
1593335970 144
1703074003 64
1723374255 111
1755211868 87
1780965381 140
1817977319 5
1832923198 24
1836837436 76
1854296563 103
1880656059 134
1902819574 177
1957456795 150
1965817051 27
1966862849 77
1967912122 127
1987706045 79
1991912470 157
2023365118 3
2034853916 96
2040735391 53
2054922385 125
2070794468 81
2071342302 168
2088744826 13
2115991866 12
2137655290 4
2191007551 167
2245017434 114
2302936662 41
2321067875 42
2337471812 132
2352408356 37
2386566304 143
2420023489 158
2455595861 8
2493197103 126
2523580740 83
2533558194 146
2563637387 23
2564901090 19
2590626395 57
2612076060 176
2618357298 2
2663355169 28
2675243293 58
2677761041 110
2680647675 78
2689742369 40
2714344193 48
2736746253 159
2739454820 128
2751470307 172
2752981434 135
2819042102 38
2820570352 124
2877103839 107
2878053286 106
2881898293 20
2931281920 139
2946051437 94
2947818890 32
2975899179 86
3052336121 122
3118895249 52
3134364972 88
3159294203 148
3197165266 151
3210776703 31
3224180642 14
3236016622 34
3252655057 156
3279979113 142
3305405241 65
3310504013 170
3311786556 70
3326957411 59
3332444146 155
3345103274 82
3346435016 99
3369397036 131
3415828832 149
3419165889 91
3421043283 89
3453834671 22
3475802041 117
3576346154 164
3611753873 62
3640665415 43
3644108658 109
3650994493 71
3682404586 115
3705166655 7
3794242346 55
3813827420 97
3825964894 179
3834047911 173
3846291404 102
3863463209 75
3880856117 74
3896729982 95
3897441493 9
3930536579 30
3934144507 36
3954570302 56
3978014586 154
3985338750 113
4012176614 160
4020817277 129
4025582691 16
4028575057 60
4106514720 61
4120563849 100
4136759817 169
4162517235 163
4168711638 161
4173604952 166
4231238145 133
4269563040 171
4277558944 49
