1800764 108
87484882 111
97068523 8
125896844 58
132851176 78
158100332 156
197722022 160
212966424 152
268465553 107
277378561 98
346763723 86
347327944 102
386235461 31
391851701 53
409984302 47
435153685 91
442087175 131
465915581 117
482554758 68
582418999 94
600757238 20
646992379 175
677338192 109
680353138 119
723386437 72
755509855 115
777434108 27
789663515 4
795357209 1
833957915 34
849924382 11
882923786 166
934031291 95
984515489 77
1029684725 159
1039775941 129
1102138352 164
1119750476 144
1145535496 122
1163785346 174
1165500044 163
1171145260 29
1187002154 49
1199928407 46
1315240339 43
1324646409 0
1353077104 7
1399969279 6
1404395783 76
1411244463 35
1423943361 136
1433784421 123
1481700130 59
1506500056 13
1540789971 137
1565581772 83
1583240062 126
1593335970 146
1648888063 2
1703074003 103
1723374255 74
1755211868 104
1780965381 145
1817977319 38
1832923198 14
1836837436 55
1854296563 124
1880656059 150
1902819574 178
1957456795 127
1965817051 10
1966862849 5
1967912122 82
1979915395 9
1987706045 106
1991912470 161
2034853916 121
2040735391 81
2054922385 89
2070794468 116
2071342302 167
2088744826 41
2180276089 26
2191007551 133
2245017434 143
2302936662 64
2321067875 65
2335376072 16
2337471812 147
2352408356 50
2386566304 158
2420023489 148
2493197103 110
2523580740 99
2533558194 155
2563637387 48
2564901090 12
2590626395 96
2612076060 177
2623420502 37
2663355169 66
2675243293 63
2677761041 62
2680647675 113
2689742369 39
2714344193 84
2736746253 162
2739454820 139
2751470307 173
2752981434 112
2759781031 21
2819042102 42
2820570352 80
2877103839 90
2878053286 71
2881898293 61
2931281920 157
2940397723 33
2946051437 101
2947745968 32
2947818890 23
2975899179 56
2976264608 30
3052336121 151
3109774447 15
3118895249 87
3134364972 67
3159294203 120
3197165266 130
3210776703 19
3224180642 51
3236016622 28
3252655057 125
3279979113 142
3305405241 18
3310504013 172
3311786556 44
3326957411 100
3332444146 128
3345103274 54
3346435016 70
3369397036 141
3415828832 153
3419165889 92
3421043283 45
3439938365 24
3475802041 135
3576346154 132
3611753873 25
3637528652 3
3640665415 79
3644108658 134
3650994493 105
3682404586 57
3705166655 36
3794242346 85
3813827420 75
3825964894 179
3834047911 176
3846291404 118
3863463209 97
3880856117 60
3896729982 73
3897441493 40
3934144507 69
3954570302 93
3978014586 149
3985338750 88
4012176614 168
4020817277 140
4028575057 17
4106514720 52
4120563849 114
4136759817 171
4162517235 170
4168711638 138
4173604952 165
4231238145 154
4269563040 169
4277558944 22
