1800764 34
87484882 87
125896844 104
132851176 38
158100332 153
197722022 135
212966424 128
268465553 31
277378561 84
346763723 107
347327944 80
391851701 18
409984302 1
435153685 110
442087175 125
456854657 28
465915581 70
480126874 23
482554758 96
521460429 53
582418999 123
600757238 75
646992379 174
677338192 60
680353138 121
723386437 113
755509855 139
833957915 42
882923786 166
934031291 63
972543760 3
976519997 19
984515489 115
1029684725 137
1039775941 141
1061459597 178
1061673189 59
1102138352 163
1119750476 138
1145535496 97
1163785346 175
1165500044 151
1171145260 12
1199928407 62
1302911819 64
1324646409 0
1353077104 71
1399969279 48
1402099477 24
1404395783 116
1411244463 8
1423943361 122
1433784421 81
1462563128 32
1473496205 58
1490182304 56
1497564029 37
1506500056 33
1540789971 155
1565581772 30
1583240062 88
1593335970 147
1703074003 40
1723374255 112
1755211868 83
1780965381 143
1817977319 14
1832923198 39
1836837436 86
1854296563 100
1880656059 136
1902819574 177
1957456795 146
1965817051 45
1966862849 74
1967912122 126
1987706045 77
1991912470 156
2034853916 91
2040735391 41
2054922385 124
2070794468 67
2071342302 168
2088744826 21
2115991866 7
2137655290 17
2191007551 164
2245017434 114
2273076216 13
2302936662 55
2321067875 54
2337471812 132
2338681792 9
2352408356 46
2386566304 144
2420023489 161
2455595861 4
2493197103 127
2523580740 82
2533558194 152
2563637387 25
2564901090 35
2590626395 29
2612076060 176
2618357298 2
2675243293 68
2677761041 109
2680647675 66
2689742369 57
2714344193 22
2736746253 162
2739454820 129
2751470307 172
2752981434 133
2759781031 5
2819042102 52
2820570352 120
2877103839 108
2878053286 106
2931281920 140
2946051437 95
2947818890 50
2975899179 92
3052336121 119
3118895249 20
3134364972 93
3159294203 142
3197165266 148
3210776703 49
3224180642 10
3236016622 51
3252655057 149
3279979113 145
3305405241 72
3310504013 169
3311786556 78
3326957411 44
3332444146 150
3345103274 89
3346435016 103
3369397036 134
3415828832 154
3419165889 94
3421043283 90
3453834671 26
3475802041 118
3576346154 160
3611753873 73
3637528652 6
3640665415 11
3644108658 105
3650994493 65
3682404586 111
3705166655 16
3794242346 47
3813827420 101
3825964894 179
3834047911 173
3846291404 102
3863463209 79
3880856117 85
3896729982 98
3897441493 15
3930536579 43
3954570302 36
3978014586 157
3985338750 117
4012176614 158
4020817277 131
4025582691 27
4028575057 69
4106514720 76
4120563849 99
4136759817 170
4162517235 165
4168711638 159
4173604952 167
4231238145 130
4269563040 171
4277558944 61
