1800764 122
87484882 99
97068523 24
125896844 65
132851176 71
158100332 156
197722022 160
212966424 144
268465553 123
277378561 75
346763723 73
347327944 85
386235461 55
391851701 47
409984302 43
435153685 84
442087175 121
465915581 118
482554758 61
521460429 5
582418999 107
600757238 36
646992379 176
677338192 106
680353138 111
715741596 15
723386437 88
755509855 133
777434108 42
789663515 29
833957915 17
849924382 19
882923786 166
905458755 4
934031291 82
984515489 92
1029684725 159
1039775941 130
1061673189 12
1102138352 164
1119750476 135
1145535496 112
1163785346 174
1165500044 163
1171145260 11
1187002154 69
1199928407 35
1302911819 30
1315240339 54
1324646409 0
1353077104 31
1399969279 2
1404395783 94
1411244463 21
1423943361 126
1433784421 119
1473496205 8
1481700130 64
1490182304 6
1540789971 147
1565581772 86
1583240062 120
1593335970 146
1648888063 13
1703074003 116
1723374255 79
1755211868 89
1780965381 140
1817977319 22
1832923198 1
1836837436 51
1854296563 115
1880656059 141
1902819574 178
1957456795 137
1966862849 38
1967912122 110
1987706045 91
1991912470 161
2034853916 109
2040735391 77
2054922385 108
2070794468 117
2071342302 167
2088744826 25
2180276089 16
2191007551 158
2245017434 132
2302936662 49
2321067875 50
2337471812 136
2352408356 40
2386566304 157
2420023489 152
2493197103 113
2523580740 76
2533558194 153
2563637387 37
2590626395 103
2612076060 177
2623420502 60
2663355169 81
2675243293 46
2677761041 70
2680647675 114
2689742369 23
2714344193 90
2736746253 162
2739454820 128
2751470307 173
2752981434 124
2759781031 3
2819042102 27
2820570352 105
2877103839 78
2878053286 68
2881898293 67
2931281920 154
2940397723 56
2946051437 83
2947745968 33
2947818890 10
2975899179 57
2976264608 39
3052336121 142
3109774447 9
3118895249 100
3134364972 59
3159294203 134
3197165266 138
3210776703 7
3224180642 45
3236016622 14
3252655057 143
3279979113 139
3305405241 32
3310504013 172
3311786556 41
3326957411 102
3332444146 145
3345103274 52
3346435016 63
3369397036 131
3415828832 151
3419165889 72
3421043283 48
3439938365 58
3475802041 125
3576346154 155
3611753873 34
3640665415 97
3644108658 127
3650994493 98
3682404586 87
3705166655 18
3794242346 80
3813827420 66
3825964894 179
3834047911 175
3846291404 104
3863463209 74
3880856117 53
3896729982 62
3897441493 26
3934144507 96
3954570302 93
3978014586 149
3985338750 95
4012176614 168
4020817277 129
4028575057 28
4106514720 44
4120563849 101
4136759817 171
4162517235 169
4168711638 148
4173604952 165
4231238145 150
4269563040 170
4277558944 20
