87484882 76
125896844 107
132851176 20
143419484 9
158100332 152
197722022 123
212966424 125
277378561 79
346763723 106
347327944 72
366165566 22
391851701 6
435153685 111
442087175 122
456854657 49
465915581 48
480126874 39
482554758 101
521460429 65
582418999 127
600757238 87
646992379 174
677338192 33
680353138 121
723386437 117
755509855 145
833957915 42
882923786 163
934031291 50
972543760 17
976519997 34
984515489 119
1029684725 129
1039775941 144
1061459597 178
1061673189 70
1102138352 154
1119750476 138
1145535496 86
1163785346 175
1165500044 139
1171145260 7
1199928407 63
1302911819 77
1324646409 0
1353077104 82
1399969279 61
1402099477 40
1404395783 120
1423943361 116
1433784421 62
1462563128 52
1473496205 67
1490182304 66
1497564029 59
1506500056 36
1540789971 160
1565581772 2
1567831198 16
1583240062 71
1593335970 148
1703074003 4
1721069724 5
1723374255 114
1755211868 75
1780965381 142
1817977319 12
1832923198 51
1836837436 92
1854296563 91
1880656059 135
1902819574 177
1957456795 155
1965817051 54
1966862849 85
1967912122 130
1987706045 64
1991912470 147
2023365118 25
2034853916 74
2040735391 23
2054922385 128
2070794468 38
2071342302 168
2088744826 24
2115991866 30
2137655290 32
2191007551 169
2245017434 105
2273076216 31
2302936662 47
2321067875 45
2337471812 133
2338681792 26
2352408356 35
2386566304 141
2420023489 162
2455595861 29
2493197103 131
2523580740 78
2533558194 146
2563637387 21
2564901090 41
2612076060 176
2616533013 1
2618357298 27
2654090424 18
2675243293 68
2677761041 112
2680647675 37
2689742369 60
2736746253 153
2739454820 132
2751470307 172
2752981434 140
2819042102 53
2820570352 126
2877103839 108
2878053286 109
2931281920 137
2946051437 93
2947818890 56
2975899179 99
2979186596 13
3052336121 110
3134364972 98
3159294203 150
3197165266 157
3210776703 57
3236016622 55
3252655057 158
3279979113 149
3305405241 84
3310504013 166
3311786556 88
3326957411 15
3332444146 159
3345103274 96
3346435016 104
3369397036 136
3415828832 156
3419165889 94
3421043283 100
3453834671 46
3475802041 113
3576346154 167
3611753873 83
3637528652 14
3644108658 89
3650994493 44
3682404586 115
3705166655 19
3794242346 28
3813827420 103
3825964894 179
3834047911 171
3846291404 97
3863463209 73
3880856117 90
3896729982 102
3897441493 11
3930536579 58
3954570302 8
3978014586 161
3985338750 118
4012176614 143
4020817277 134
4025582691 43
4028575057 81
4071585141 3
4084769632 10
4106514720 80
4120563849 95
4136759817 170
4162517235 151
4168711638 164
4173604952 165
4231238145 124
4269563040 173
4277558944 69
