1800764 71
87484882 93
125896844 98
132851176 53
158100332 154
197722022 142
212966424 132
268465553 70
277378561 87
346763723 103
347327944 85
391851701 33
409984302 13
435153685 109
442087175 125
456854657 16
465915581 88
480126874 6
482554758 90
521460429 38
582418999 119
600757238 65
646992379 175
677338192 75
680353138 118
723386437 112
755509855 138
833957915 32
882923786 166
934031291 72
976519997 4
984515489 114
1029684725 140
1039775941 137
1061459597 178
1061673189 44
1102138352 163
1119750476 136
1145535496 105
1163785346 174
1165500044 159
1171145260 10
1187002154 9
1199928407 49
1302911819 51
1315240339 1
1324646409 0
1353077104 57
1399969279 31
1402099477 7
1404395783 115
1411244463 8
1423943361 126
1433784421 97
1462563128 17
1473496205 40
1481700130 27
1490182304 39
1497564029 22
1506500056 19
1540789971 151
1565581772 54
1583240062 101
1593335970 147
1703074003 69
1723374255 110
1755211868 89
1780965381 141
1817977319 14
1832923198 26
1836837436 74
1854296563 108
1880656059 135
1902819574 177
1957456795 145
1965817051 28
1966862849 64
1967912122 122
1987706045 84
1991912470 160
2034853916 99
2040735391 56
2054922385 120
2070794468 83
2071342302 168
2088744826 21
2137655290 3
2180276089 2
2191007551 161
2245017434 121
2302936662 47
2321067875 48
2337471812 133
2352408356 43
2386566304 150
2420023489 157
2493197103 124
2523580740 86
2533558194 152
2563637387 30
2564901090 20
2590626395 60
2612076060 176
2663355169 29
2675243293 63
2677761041 107
2680647675 82
2689742369 42
2714344193 50
2736746253 162
2739454820 129
2751470307 172
2752981434 128
2759781031 5
2819042102 41
2820570352 117
2877103839 106
2878053286 100
2881898293 24
2931281920 144
2946051437 96
2947818890 36
2975899179 79
3052336121 127
3118895249 52
3134364972 81
3159294203 139
3197165266 146
3210776703 34
3224180642 23
3236016622 37
3252655057 148
3279979113 143
3305405241 58
3310504013 170
3311786556 68
3326957411 66
3332444146 149
3345103274 78
3346435016 94
3369397036 131
3415828832 153
3419165889 92
3421043283 77
3453834671 12
3475802041 123
3576346154 158
3611753873 59
3640665415 45
3644108658 113
3650994493 76
3682404586 111
3705166655 15
3794242346 61
3813827420 95
3825964894 179
3834047911 173
3846291404 104
3863463209 80
3880856117 73
3896729982 91
3897441493 18
3930536579 25
3934144507 35
3954570302 62
3978014586 155
3985338750 116
4012176614 164
4020817277 130
4025582691 11
4028575057 55
4106514720 67
4120563849 102
4136759817 169
4162517235 165
4168711638 156
4173604952 167
4231238145 134
4269563040 171
4277558944 46
