1800764 61
87484882 110
125896844 76
132851176 64
158100332 159
197722022 157
212966424 147
268465553 56
277378561 103
346763723 108
347327944 101
391851701 50
409984302 28
435153685 114
442087175 133
465915581 95
482554758 85
521460429 7
582418999 112
600757238 39
646992379 176
677338192 83
680353138 126
723386437 81
725606561 4
755509855 120
795357209 14
833957915 49
882923786 167
934031291 82
972543760 3
984515489 94
1029684725 155
1039775941 132
1061673189 18
1102138352 164
1119750476 145
1145535496 119
1163785346 175
1165500044 161
1171145260 30
1199928407 63
1302911819 11
1303866932 2
1324646409 0
1353077104 24
1399969279 27
1404395783 93
1411244463 29
1423943361 137
1433784421 109
1473496205 10
1481700130 26
1490182304 12
1506500056 32
1540789971 139
1565581772 59
1583240062 116
1593335970 150
1703074003 66
1723374255 87
1755211868 105
1780965381 148
1817977319 35
1832923198 34
1836837436 78
1854296563 121
1880656059 149
1902819574 178
1957456795 129
1965817051 33
1966862849 16
1967912122 97
1979915395 19
1987706045 100
1991912470 162
2034853916 115
2040735391 67
2054922385 106
2070794468 92
2071342302 169
2088744826 44
2137655290 5
2180276089 22
2191007551 134
2245017434 135
2302936662 70
2321067875 71
2335376072 17
2337471812 146
2338681792 8
2352408356 58
2386566304 160
2420023489 151
2493197103 123
2523580740 102
2533558194 158
2563637387 51
2564901090 31
2590626395 57
2612076060 177
2663355169 15
2675243293 74
2677761041 75
2680647675 90
2689742369 54
2714344193 53
2736746253 163
2739454820 141
2751470307 173
2752981434 124
2759781031 25
2819042102 55
2820570352 98
2877103839 111
2878053286 89
2881898293 23
2931281920 156
2946051437 113
2947745968 9
2947818890 45
2975899179 79
2979186596 6
3052336121 140
3118895249 52
3134364972 84
3159294203 122
3197165266 131
3210776703 43
3224180642 37
3236016622 48
3252655057 127
3279979113 144
3305405241 41
3310504013 172
3311786556 60
3326957411 69
3332444146 128
3345103274 77
3346435016 88
3369397036 143
3415828832 154
3419165889 104
3421043283 62
3475802041 136
3576346154 130
3611753873 47
3637528652 20
3640665415 40
3644108658 125
3650994493 86
3682404586 68
3705166655 38
3794242346 72
3813827420 96
3825964894 179
3834047911 174
3846291404 118
3863463209 99
3880856117 80
3896729982 91
3897441493 42
3930536579 21
3934144507 13
3954570302 65
3978014586 152
3985338750 107
4012176614 165
4020817277 142
4025582691 1
4028575057 36
4106514720 73
4120563849 117
4136759817 171
4162517235 166
4168711638 138
4173604952 168
4231238145 153
4269563040 170
4277558944 46
