1800764 52
87484882 79
125896844 108
132851176 28
158100332 147
197722022 130
212966424 123
268465553 50
277378561 76
346763723 105
347327944 72
366165566 16
391851701 11
435153685 109
442087175 117
456854657 55
465915581 65
480126874 40
482554758 100
521460429 66
582418999 127
600757238 90
646992379 174
677338192 58
680353138 116
723386437 119
755509855 154
833957915 24
882923786 161
934031291 56
976519997 20
984515489 120
1029684725 135
1039775941 146
1061459597 178
1061673189 69
1102138352 152
1119750476 137
1145535496 94
1163785346 175
1165500044 142
1199928407 54
1302911819 87
1324646409 0
1353077104 86
1399969279 49
1402099477 32
1404395783 122
1423943361 114
1433784421 75
1462563128 53
1473496205 67
1481700130 2
1490182304 64
1497564029 57
1506500056 17
1540789971 159
1565581772 26
1567831198 3
1583240062 84
1593335970 144
1703074003 51
1723374255 115
1755211868 74
1780965381 141
1817977319 6
1832923198 27
1836837436 85
1854296563 96
1880656059 134
1902819574 177
1957456795 158
1965817051 35
1966862849 98
1967912122 136
1987706045 68
1991912470 148
2023365118 22
2034853916 82
2040735391 33
2054922385 131
2070794468 63
2071342302 165
2088744826 10
2115991866 31
2137655290 15
2191007551 170
2245017434 110
2273076216 13
2302936662 43
2321067875 42
2337471812 129
2338681792 1
2352408356 25
2386566304 140
2420023489 160
2455595861 29
2493197103 126
2523580740 73
2533558194 143
2563637387 12
2564901090 19
2590626395 34
2612076060 176
2618357298 18
2663355169 5
2675243293 60
2677761041 113
2680647675 62
2689742369 47
2714344193 21
2736746253 151
2739454820 125
2751470307 172
2752981434 139
2819042102 37
2820570352 133
2877103839 106
2878053286 107
2931281920 138
2946051437 91
2947818890 39
2975899179 93
3052336121 112
3118895249 23
3134364972 92
3159294203 155
3197165266 157
3210776703 41
3224180642 4
3236016622 38
3252655057 164
3279979113 145
3305405241 80
3310504013 167
3311786556 81
3326957411 46
3332444146 163
3345103274 88
3346435016 104
3369397036 132
3415828832 150
3419165889 89
3421043283 99
3453834671 45
3475802041 111
3576346154 169
3611753873 78
3640665415 14
3644108658 102
3650994493 59
3682404586 121
3705166655 8
3794242346 44
3813827420 103
3825964894 179
3834047911 173
3846291404 97
3863463209 71
3880856117 83
3896729982 101
3897441493 7
3930536579 48
3934144507 9
3954570302 36
3978014586 156
3985338750 118
4012176614 149
4020817277 128
4025582691 30
4028575057 77
4106514720 70
4120563849 95
4136759817 168
4162517235 153
4168711638 166
4173604952 162
4231238145 124
4269563040 171
4277558944 61
