1800764 154
87484882 125
97068523 75
125896844 8
132851176 111
158100332 144
197722022 169
212966424 152
268465553 156
277378561 99
346763723 68
347327944 109
386235461 94
391851701 89
409984302 87
435153685 66
442087175 105
465915581 147
482554758 44
582418999 45
646992379 176
677338192 142
680353138 91
715741596 57
723386437 11
725606561 29
755509855 50
777434108 85
789663515 76
795357209 18
833957915 30
849924382 70
882923786 167
905458755 52
934031291 113
984515489 22
1029684725 161
1039775941 82
1102138352 168
1119750476 120
1145535496 131
1163785346 171
1165500044 170
1171145260 49
1187002154 106
1199928407 39
1303866932 14
1315240339 96
1324646409 0
1378626860 9
1404395783 21
1411244463 58
1423943361 135
1433784421 150
1481700130 104
1506500056 2
1540789971 90
1565581772 126
1583240062 151
1593335970 114
1648888063 65
1687077153 13
1703074003 149
1723374255 19
1755211868 110
1780965381 119
1817977319 56
1836837436 34
1854296563 132
1878223483 17
1880656059 143
1957456795 69
1967912122 20
1979915395 28
1987706045 121
1991912470 163
2034853916 137
2040735391 116
2054922385 35
2070794468 148
2071342302 166
2088744826 55
2180276089 60
2191007551 77
2245017434 155
2302936662 81
2321067875 83
2335376072 42
2337471812 140
2352408356 72
2386566304 153
2420023489 102
2493197103 73
2523580740 100
2533558194 145
2563637387 79
2590626395 141
2612076060 178
2623420502 98
2663355169 117
2675243293 64
2677761041 5
2680647675 146
2689742369 27
2714344193 129
2727339584 6
2736746253 164
2739454820 122
2751470307 175
2752981434 59
2759781031 43
2819042102 36
2820570352 23
2877103839 74
2878053286 33
2881898293 108
2931281920 158
2939038785 25
2940397723 95
2946051437 97
2947745968 80
2947818890 10
2975899179 31
2976264608 84
3052336121 159
3109774447 61
3118895249 136
3134364972 47
3159294203 53
3162794093 16
3197165266 78
3210776703 3
3224180642 92
3236016622 15
3252655057 63
3255384253 12
3279979113 103
3310504013 177
3311786556 4
3326957411 139
3332444146 67
3345103274 32
3346435016 37
3369397036 124
3415828832 128
3419165889 88
3439938365 93
3475802041 138
3576346154 71
3576952995 40
3637528652 7
3640665415 134
3644108658 157
3650994493 133
3705166655 51
3794242346 118
3813827420 54
3825964894 179
3846291404 115
3863463209 101
3880856117 41
3896729982 48
3897441493 62
3934144507 127
3954570302 130
3978014586 107
3985338750 46
4012176614 173
4020817277 123
4074327253 24
4088869787 26
4106514720 38
4120563849 112
4123558703 1
4136759817 172
4162517235 174
4168711638 86
4173604952 165
4231238145 160
4269563040 162
