1800764 38
87484882 97
125896844 86
132851176 54
158100332 159
197722022 149
212966424 140
268465553 33
277378561 93
346763723 109
347327944 89
391851701 34
409984302 17
435153685 116
442087175 128
465915581 78
482554758 92
521460429 22
582418999 120
600757238 63
646992379 175
677338192 69
680353138 122
723386437 102
755509855 125
795357209 11
833957915 51
882923786 166
934031291 71
972543760 2
976519997 8
984515489 107
1029684725 151
1039775941 134
1061459597 178
1061673189 35
1102138352 164
1119750476 144
1145535496 108
1163785346 174
1165500044 160
1171145260 23
1199928407 68
1302911819 27
1324646409 0
1353077104 48
1399969279 43
1402099477 5
1404395783 106
1411244463 20
1423943361 129
1433784421 87
1462563128 6
1473496205 24
1481700130 4
1490182304 25
1497564029 10
1506500056 37
1540789971 146
1565581772 46
1583240062 98
1593335970 152
1703074003 47
1723374255 104
1755211868 94
1780965381 150
1817977319 28
1832923198 44
1836837436 79
1854296563 114
1880656059 145
1902819574 177
1957456795 132
1965817051 45
1966862849 42
1967912122 115
1979915395 13
1987706045 84
1991912470 161
2034853916 100
2040735391 56
2054922385 119
2070794468 74
2071342302 168
2088744826 36
2137655290 14
2180276089 7
2191007551 141
2245017434 123
2273076216 1
2302936662 66
2321067875 67
2335376072 9
2337471812 142
2338681792 12
2352408356 58
2386566304 156
2420023489 154
2493197103 121
2523580740 91
2533558194 158
2563637387 41
2564901090 39
2590626395 40
2612076060 176
2675243293 75
2677761041 90
2680647675 73
2689742369 62
2714344193 30
2736746253 162
2739454820 136
2751470307 172
2752981434 124
2759781031 19
2819042102 60
2820570352 112
2877103839 111
2878053286 99
2931281920 153
2946051437 105
2947818890 52
2975899179 82
2979186596 3
3052336121 130
3118895249 26
3134364972 88
3159294203 126
3197165266 135
3210776703 49
3224180642 21
3236016622 55
3252655057 131
3279979113 148
3305405241 59
3310504013 169
3311786556 70
3326957411 53
3332444146 133
3345103274 80
3346435016 96
3369397036 139
3415828832 157
3419165889 103
3421043283 76
3475802041 127
3576346154 137
3611753873 65
3637528652 18
3640665415 16
3644108658 118
3650994493 72
3682404586 83
3705166655 32
3794242346 64
3813827420 101
3825964894 179
3834047911 173
3846291404 113
3863463209 85
3880856117 81
3896729982 95
3897441493 29
3930536579 31
3954570302 50
3978014586 155
3985338750 117
4012176614 163
4020817277 138
4025582691 15
4028575057 57
4106514720 77
4120563849 110
4136759817 170
4162517235 165
4168711638 147
4173604952 167
4231238145 143
4269563040 171
4277558944 61
