1800764 72
87484882 140
125896844 133
132851176 95
143419484 34
158100332 204
197722022 191
212966424 184
256620174 15
268465553 68
277378561 138
346763723 156
347327944 132
366165566 14
391851701 80
409984302 58
435153685 162
442087175 174
448554581 24
456854657 42
465915581 120
480126874 45
482554758 141
521460429 70
548834259 16
582418999 165
600757238 108
646992379 220
677338192 113
680353138 168
723386437 146
725606561 37
755509855 169
795357209 53
833957915 99
849924382 1
882923786 211
934031291 118
960241349 26
972543760 50
976519997 57
984515489 153
1029684725 194
1030179093 7
1039775941 179
1061459597 223
1061673189 85
1102138352 209
1119750476 189
1145535496 151
1163785346 219
1165500044 205
1171145260 71
1199928407 114
1297835987 2
1302911819 77
1303866932 40
1315240339 12
1324646409 0
1353077104 96
1399969279 92
1402099477 54
1404395783 152
1411244463 67
1423943361 175
1433784421 128
1462563128 55
1473496205 73
1481700130 44
1490182304 74
1497564029 56
1506500056 87
1540789971 192
1565581772 82
1567831198 31
1583240062 139
1593335970 197
1703074003 84
1721069724 33
1723374255 149
1755211868 137
1780965381 196
1817977319 75
1832923198 91
1836837436 125
1854296563 155
1880656059 190
1902819574 222
1957456795 178
1965817051 93
1966862849 90
1967912122 160
1979915395 59
1987706045 124
1991912470 206
2023365118 10
2034853916 142
2040735391 97
2054922385 164
2070794468 116
2071342302 213
2088744826 83
2115991866 22
2127417671 8
2137655290 61
2180276089 48
2191007551 186
2245017434 167
2273076216 49
2302936662 111
2321067875 110
2335376072 51
2337471812 187
2338681792 60
2352408356 103
2386566304 201
2420023489 199
2455595861 18
2493197103 166
2523580740 136
2533558194 203
2563637387 86
2564901090 88
2590626395 78
2612076060 221
2616533013 41
2618357298 20
2654090424 39
2663355169 30
2675243293 121
2677761041 135
2680647675 115
2689742369 107
2714344193 69
2727339584 19
2736746253 208
2739454820 182
2751470307 217
2752981434 170
2759781031 66
2779948080 11
2819042102 105
2820570352 158
2877103839 159
2878053286 145
2881898293 35
2931281920 198
2946051437 150
2947745968 32
2947818890 100
2975899179 130
2976264608 9
2979186596 52
3044575483 38
3052336121 173
3109774447 25
3118895249 65
3134364972 134
3159294203 172
3197165266 180
3210776703 98
3220657959 3
3224180642 64
3236016622 101
3238789951 29
3252655057 176
3279979113 195
3305405241 106
3310504013 214
3311786556 119
3326957411 94
3332444146 177
3345103274 126
3346435016 144
3369397036 185
3415828832 202
3419165889 148
3421043283 122
3453834671 47
3475802041 171
3516413806 36
3576346154 181
3576952995 5
3611753873 112
3637528652 63
3640665415 46
3644108658 161
3650994493 117
3682404586 129
3705166655 79
3735285954 4
3794242346 102
3813827420 147
3825964894 224
3834047911 218
3846291404 157
3863463209 131
3880856117 127
3885860355 27
3896729982 143
3897441493 76
3930536579 81
3934144507 21
3934575285 13
3954570302 89
3978014586 200
3985338750 163
4012176614 207
4020817277 183
4025582691 62
4028575057 104
4056565709 28
4071585141 23
4074327253 17
4084769632 43
4106514720 123
4120563849 154
4136759817 215
4162517235 210
4168711638 193
4173604952 212
4231238145 188
4238147281 6
4269563040 216
4277558944 109
