1800764 146
87484882 125
97068523 58
125896844 16
132851176 105
158100332 151
197722022 165
212966424 155
268465553 144
277378561 101
346763723 74
347327944 108
386235461 82
391851701 92
409984302 87
435153685 72
442087175 114
465915581 145
482554758 46
582418999 45
646992379 175
677338192 134
680353138 97
715741596 34
723386437 15
725606561 24
755509855 54
777434108 75
789663515 52
795357209 19
833957915 31
849924382 56
882923786 168
905458755 29
934031291 111
984515489 26
1029684725 160
1039775941 90
1102138352 166
1119750476 127
1145535496 135
1163785346 170
1165500044 169
1171145260 47
1187002154 95
1199928407 41
1303866932 13
1315240339 89
1324646409 0
1378626860 1
1404395783 22
1411244463 62
1423943361 140
1433784421 148
1481700130 98
1506500056 7
1540789971 96
1565581772 116
1583240062 149
1593335970 124
1648888063 48
1703074003 139
1723374255 23
1755211868 112
1780965381 126
1817977319 60
1832923198 2
1836837436 40
1854296563 136
1878223483 6
1880656059 150
1957456795 73
1967912122 21
1979915395 27
1987706045 120
1991912470 161
2034853916 137
2040735391 110
2054922385 38
2070794468 142
2071342302 167
2088744826 61
2180276089 59
2191007551 79
2245017434 154
2302936662 86
2321067875 88
2335376072 36
2337471812 147
2352408356 70
2386566304 156
2420023489 107
2493197103 80
2523580740 102
2533558194 152
2563637387 78
2564901090 3
2590626395 128
2612076060 177
2623420502 85
2663355169 104
2675243293 67
2677761041 10
2680647675 141
2689742369 28
2714344193 119
2727339584 5
2736746253 163
2739454820 130
2751470307 174
2752981434 66
2759781031 39
2819042102 37
2820570352 25
2877103839 81
2878053286 35
2881898293 100
2931281920 157
2939038785 14
2940397723 83
2946051437 99
2947745968 69
2947818890 17
2975899179 32
2976264608 76
3052336121 158
3109774447 53
3118895249 123
3134364972 51
3159294203 57
3197165266 84
3210776703 9
3224180642 91
3236016622 20
3252655057 65
3279979113 109
3310504013 176
3311786556 11
3326957411 131
3332444146 68
3345103274 33
3346435016 43
3369397036 133
3415828832 138
3419165889 94
3421043283 4
3439938365 77
3475802041 143
3576346154 71
3576952995 30
3637528652 12
3640665415 118
3644108658 153
3650994493 129
3705166655 50
3794242346 113
3813827420 63
3825964894 179
3834047911 178
3846291404 121
3863463209 103
3880856117 44
3896729982 55
3897441493 64
3934144507 106
3954570302 122
3978014586 115
3985338750 49
4012176614 171
4020817277 132
4074327253 18
4088869787 8
4106514720 42
4120563849 117
4136759817 172
4162517235 173
4168711638 93
4173604952 164
4231238145 159
4269563040 162
