1800764 69
87484882 109
125896844 79
132851176 64
158100332 160
197722022 158
212966424 147
268465553 65
277378561 99
346763723 105
347327944 100
391851701 50
409984302 33
435153685 110
442087175 127
465915581 98
482554758 83
521460429 8
582418999 115
600757238 44
646992379 176
677338192 85
680353138 124
723386437 89
725606561 2
755509855 123
795357209 9
833957915 46
882923786 166
934031291 82
984515489 101
1029684725 155
1039775941 131
1061673189 19
1102138352 164
1119750476 144
1145535496 119
1163785346 175
1165500044 162
1171145260 27
1187002154 7
1199928407 58
1302911819 16
1315240339 6
1324646409 0
1353077104 32
1399969279 23
1404395783 96
1411244463 26
1423943361 135
1433784421 112
1473496205 11
1481700130 36
1490182304 12
1506500056 25
1540789971 142
1565581772 60
1583240062 116
1593335970 150
1703074003 73
1723374255 90
1755211868 103
1780965381 149
1817977319 35
1832923198 31
1836837436 75
1854296563 120
1880656059 148
1902819574 178
1957456795 129
1965817051 29
1966862849 21
1967912122 106
1979915395 13
1987706045 97
1991912470 161
2034853916 114
2040735391 66
2054922385 113
2070794468 93
2071342302 169
2088744826 39
2137655290 5
2180276089 18
2191007551 137
2245017434 133
2302936662 61
2321067875 62
2335376072 15
2337471812 145
2338681792 4
2352408356 54
2386566304 159
2420023489 152
2493197103 121
2523580740 95
2533558194 157
2563637387 48
2564901090 24
2590626395 63
2612076060 177
2663355169 28
2675243293 70
2677761041 80
2680647675 92
2689742369 51
2714344193 56
2736746253 163
2739454820 138
2751470307 173
2752981434 122
2759781031 20
2819042102 53
2820570352 104
2877103839 108
2878053286 88
2881898293 30
2931281920 156
2946051437 107
2947745968 10
2947818890 42
2975899179 78
3052336121 139
3109774447 1
3118895249 55
3134364972 81
3159294203 126
3197165266 134
3210776703 38
3224180642 40
3236016622 45
3252655057 128
3279979113 146
3305405241 43
3310504013 172
3311786556 57
3326957411 72
3332444146 130
3345103274 74
3346435016 84
3369397036 141
3415828832 154
3419165889 102
3421043283 59
3475802041 132
3576346154 136
3611753873 49
3637528652 14
3640665415 52
3644108658 125
3650994493 87
3682404586 77
3705166655 34
3794242346 71
3813827420 91
3825964894 179
3834047911 174
3846291404 118
3863463209 94
3880856117 76
3896729982 86
3897441493 37
3930536579 17
3934144507 22
3954570302 67
3978014586 153
3985338750 111
4012176614 165
4020817277 140
4025582691 3
4028575057 41
4106514720 68
4120563849 117
4136759817 171
4162517235 167
4168711638 143
4173604952 168
4231238145 151
4269563040 170
4277558944 47
