1800764 121
87484882 125
97068523 27
125896844 25
132851176 99
158100332 152
197722022 161
212966424 154
268465553 118
277378561 106
346763723 86
347327944 115
386235461 40
391851701 80
409984302 74
435153685 84
442087175 127
465915581 133
482554758 64
582418999 65
646992379 175
677338192 124
680353138 108
715741596 4
723386437 23
725606561 20
755509855 68
777434108 42
789663515 18
795357209 16
833957915 37
849924382 28
882923786 166
934031291 113
984515489 39
1029684725 159
1039775941 96
1102138352 164
1119750476 140
1145535496 135
1163785346 172
1165500044 168
1171145260 44
1187002154 69
1199928407 52
1303866932 8
1315240339 63
1324646409 0
1404395783 34
1411244463 54
1423943361 145
1433784421 138
1481700130 89
1506500056 11
1540789971 110
1565581772 103
1583240062 144
1593335970 137
1648888063 21
1703074003 119
1723374255 35
1755211868 117
1780965381 141
1817977319 56
1832923198 10
1836837436 55
1854296563 136
1880656059 150
1902819574 178
1957456795 88
1965817051 5
1967912122 30
1979915395 24
1987706045 120
1991912470 160
2034853916 134
2040735391 102
2054922385 57
2070794468 131
2071342302 167
2088744826 59
2180276089 46
2191007551 91
2245017434 151
2302936662 83
2321067875 87
2335376072 29
2337471812 149
2352408356 72
2386566304 156
2420023489 128
2493197103 94
2523580740 107
2533558194 153
2563637387 73
2564901090 9
2590626395 114
2612076060 177
2623420502 43
2663355169 90
2675243293 76
2677761041 17
2680647675 130
2689742369 33
2714344193 101
2727339584 2
2736746253 162
2739454820 139
2751470307 173
2752981434 79
2759781031 36
2819042102 45
2820570352 38
2877103839 93
2878053286 51
2881898293 85
2931281920 157
2940397723 41
2946051437 105
2947745968 53
2947818890 22
2975899179 48
2976264608 47
3052336121 155
3109774447 32
3118895249 104
3134364972 66
3159294203 71
3197165266 95
3210776703 15
3224180642 77
3236016622 26
3252655057 78
3279979113 129
3310504013 174
3311786556 19
3326957411 116
3332444146 81
3345103274 49
3346435016 62
3369397036 143
3415828832 147
3419165889 97
3421043283 13
3439938365 31
3475802041 146
3576346154 82
3576952995 14
3611753873 1
3637528652 12
3640665415 98
3644108658 148
3650994493 122
3682404586 3
3705166655 50
3794242346 109
3813827420 75
3825964894 179
3834047911 176
3846291404 126
3863463209 111
3880856117 61
3896729982 70
3897441493 60
3934144507 92
3954570302 112
3978014586 132
3985338750 67
4012176614 169
4020817277 142
4074327253 6
4106514720 58
4120563849 123
4136759817 171
4162517235 170
4168711638 100
4173604952 165
4231238145 158
4269563040 163
4277558944 7
