1800764 122
87484882 125
97068523 25
125896844 28
132851176 99
158100332 152
197722022 161
212966424 154
268465553 120
277378561 103
346763723 85
347327944 115
386235461 39
391851701 78
409984302 72
435153685 84
442087175 127
465915581 132
482554758 64
582418999 66
646992379 175
677338192 124
680353138 110
715741596 3
723386437 29
725606561 17
755509855 75
777434108 40
789663515 18
795357209 15
833957915 34
849924382 26
882923786 166
905458755 1
934031291 111
984515489 45
1029684725 159
1039775941 98
1102138352 164
1119750476 142
1145535496 134
1163785346 172
1165500044 168
1171145260 37
1187002154 67
1199928407 52
1303866932 6
1315240339 61
1324646409 0
1404395783 38
1411244463 51
1423943361 145
1433784421 137
1481700130 83
1506500056 11
1540789971 114
1565581772 102
1583240062 139
1593335970 138
1648888063 20
1703074003 119
1723374255 36
1755211868 117
1780965381 144
1817977319 54
1832923198 10
1836837436 57
1854296563 135
1880656059 150
1902819574 178
1957456795 92
1965817051 4
1967912122 35
1979915395 23
1987706045 118
1991912470 160
2034853916 133
2040735391 100
2054922385 63
2070794468 130
2071342302 167
2088744826 55
2180276089 42
2191007551 94
2245017434 151
2302936662 79
2321067875 80
2335376072 27
2337471812 149
2352408356 70
2386566304 156
2420023489 131
2493197103 93
2523580740 105
2533558194 153
2563637387 71
2564901090 8
2590626395 113
2612076060 177
2623420502 46
2663355169 87
2675243293 73
2677761041 22
2680647675 128
2689742369 32
2714344193 101
2736746253 162
2739454820 140
2751470307 173
2752981434 82
2759781031 31
2819042102 41
2820570352 44
2877103839 90
2878053286 56
2881898293 81
2931281920 157
2940397723 43
2946051437 104
2947745968 53
2947818890 21
2975899179 49
2976264608 48
3052336121 155
3109774447 30
3118895249 107
3134364972 65
3159294203 76
3197165266 95
3210776703 14
3224180642 77
3236016622 24
3252655057 86
3279979113 129
3310504013 174
3311786556 19
3326957411 116
3332444146 88
3345103274 50
3346435016 62
3369397036 143
3415828832 147
3419165889 96
3421043283 16
3439938365 33
3475802041 146
3576346154 91
3576952995 13
3611753873 2
3637528652 12
3640665415 97
3644108658 148
3650994493 121
3682404586 7
3705166655 47
3794242346 106
3813827420 74
3825964894 179
3834047911 176
3846291404 126
3863463209 108
3880856117 60
3896729982 69
3897441493 59
3934144507 89
3954570302 112
3978014586 136
3985338750 68
4012176614 169
4020817277 141
4074327253 5
4106514720 58
4120563849 123
4136759817 171
4162517235 170
4168711638 109
4173604952 165
4231238145 158
4269563040 163
4277558944 9
