1800764 119
87484882 124
97068523 19
125896844 40
132851176 92
158100332 153
197722022 160
212966424 152
268465553 117
277378561 103
346763723 85
347327944 113
386235461 32
391851701 73
409984302 63
435153685 86
442087175 130
465915581 129
482554758 67
582418999 75
646992379 175
677338192 122
680353138 114
715741596 1
723386437 43
725606561 14
755509855 83
777434108 34
789663515 11
795357209 12
833957915 31
849924382 21
882923786 167
934031291 110
984515489 57
1029684725 159
1039775941 111
1102138352 163
1119750476 142
1145535496 132
1163785346 172
1165500044 166
1171145260 36
1187002154 60
1199928407 49
1303866932 4
1315240339 50
1324646409 0
1399969279 2
1404395783 54
1411244463 45
1423943361 144
1433784421 134
1481700130 78
1506500056 13
1540789971 123
1565581772 99
1583240062 136
1593335970 143
1648888063 16
1703074003 116
1723374255 51
1755211868 115
1780965381 145
1817977319 46
1832923198 10
1836837436 58
1854296563 133
1880656059 151
1902819574 178
1957456795 95
1965817051 6
1967912122 55
1979915395 20
1987706045 118
1991912470 161
2034853916 131
2040735391 98
2054922385 70
2070794468 128
2071342302 168
2088744826 47
2180276089 38
2191007551 104
2245017434 150
2302936662 79
2321067875 80
2335376072 25
2337471812 148
2352408356 66
2386566304 156
2420023489 137
2493197103 91
2523580740 105
2533558194 154
2563637387 65
2564901090 9
2590626395 109
2612076060 177
2623420502 37
2663355169 81
2675243293 71
2677761041 30
2680647675 127
2689742369 33
2714344193 96
2736746253 162
2739454820 139
2751470307 173
2752981434 88
2759781031 29
2819042102 44
2820570352 59
2877103839 87
2878053286 61
2881898293 77
2931281920 157
2940397723 35
2946051437 108
2947745968 41
2947818890 22
2975899179 53
2976264608 39
3052336121 155
3109774447 27
3118895249 100
3134364972 68
3159294203 84
3197165266 102
3210776703 17
3224180642 69
3236016622 26
3252655057 89
3279979113 135
3310504013 174
3311786556 24
3326957411 112
3332444146 93
3345103274 52
3346435016 64
3369397036 141
3415828832 149
3419165889 94
3421043283 23
3439938365 28
3475802041 146
3576346154 97
3576952995 5
3611753873 7
3637528652 8
3640665415 90
3644108658 147
3650994493 120
3682404586 18
3705166655 42
3794242346 101
3813827420 76
3825964894 179
3834047911 176
3846291404 126
3863463209 106
3880856117 62
3896729982 72
3897441493 48
3934144507 82
3954570302 107
3978014586 138
3985338750 74
4012176614 169
4020817277 140
4074327253 3
4106514720 56
4120563849 125
4136759817 171
4162517235 170
4168711638 121
4173604952 165
4231238145 158
4269563040 164
4277558944 15
