1800764 127
87484882 126
97068523 31
125896844 22
132851176 102
158100332 151
197722022 161
212966424 154
268465553 125
277378561 104
346763723 84
347327944 114
386235461 50
391851701 87
409984302 78
435153685 83
442087175 122
465915581 136
482554758 63
582418999 61
646992379 174
677338192 129
680353138 101
715741596 8
723386437 19
725606561 21
755509855 66
777434108 51
789663515 23
795357209 17
833957915 36
849924382 35
882923786 167
905458755 4
934031291 112
984515489 33
1029684725 159
1039775941 96
1102138352 164
1119750476 138
1145535496 135
1163785346 171
1165500044 168
1171145260 44
1187002154 76
1199928407 46
1303866932 10
1315240339 70
1324646409 0
1404395783 28
1411244463 56
1423943361 145
1433784421 143
1481700130 93
1506500056 12
1540789971 99
1565581772 109
1583240062 144
1593335970 133
1648888063 26
1703074003 121
1723374255 29
1755211868 116
1780965381 139
1817977319 59
1832923198 7
1836837436 47
1854296563 137
1880656059 150
1902819574 178
1957456795 81
1965817051 3
1967912122 27
1979915395 25
1987706045 118
1991912470 160
2034853916 134
2040735391 106
2054922385 45
2070794468 132
2071342302 166
2088744826 60
2180276089 48
2191007551 85
2245017434 152
2302936662 86
2321067875 89
2335376072 32
2337471812 148
2352408356 72
2386566304 155
2420023489 120
2493197103 88
2523580740 105
2533558194 153
2563637387 75
2564901090 6
2590626395 115
2612076060 176
2623420502 54
2663355169 94
2675243293 73
2677761041 15
2680647675 131
2689742369 34
2714344193 108
2727339584 2
2736746253 163
2739454820 140
2751470307 173
2752981434 77
2759781031 37
2819042102 40
2820570352 30
2877103839 90
2878053286 43
2881898293 92
2931281920 157
2939038785 1
2940397723 53
2946051437 103
2947745968 62
2947818890 20
2975899179 41
2976264608 57
3052336121 156
3109774447 38
3118895249 111
3134364972 67
3159294203 68
3197165266 91
3210776703 13
3224180642 82
3236016622 24
3252655057 74
3279979113 124
3310504013 175
3311786556 16
3326957411 117
3332444146 79
3345103274 42
3346435016 55
3369397036 142
3415828832 146
3419165889 97
3421043283 9
3439938365 39
3475802041 147
3576346154 80
3576952995 18
3637528652 14
3640665415 100
3644108658 149
3650994493 123
3705166655 49
3794242346 110
3813827420 71
3825964894 179
3834047911 177
3846291404 128
3863463209 107
3880856117 58
3896729982 69
3897441493 64
3934144507 95
3954570302 113
3978014586 130
3985338750 65
4012176614 169
4020817277 141
4074327253 11
4106514720 52
4120563849 119
4136759817 172
4162517235 170
4168711638 98
4173604952 165
4231238145 158
4269563040 162
4277558944 5
