1800764 24
87484882 84
125896844 105
132851176 30
158100332 150
197722022 130
212966424 128
268465553 18
277378561 85
346763723 106
347327944 74
366165566 5
391851701 16
435153685 110
442087175 122
456854657 40
465915581 64
480126874 33
482554758 101
521460429 61
582418999 124
600757238 82
646992379 174
677338192 55
680353138 121
723386437 116
755509855 142
833957915 43
882923786 166
934031291 59
972543760 4
976519997 29
984515489 117
1029684725 135
1039775941 140
1061459597 178
1061673189 66
1102138352 160
1119750476 138
1145535496 94
1163785346 175
1165500044 143
1171145260 7
1199928407 65
1302911819 69
1324646409 0
1353077104 73
1399969279 54
1402099477 34
1404395783 119
1423943361 120
1433784421 71
1462563128 42
1473496205 63
1490182304 62
1497564029 46
1506500056 37
1540789971 158
1565581772 23
1583240062 81
1593335970 147
1703074003 27
1723374255 112
1755211868 80
1780965381 141
1817977319 13
1832923198 44
1836837436 89
1854296563 97
1880656059 136
1902819574 177
1957456795 149
1965817051 45
1966862849 79
1967912122 126
1987706045 70
1991912470 153
2023365118 8
2034853916 87
2040735391 32
2054922385 125
2070794468 60
2071342302 168
2088744826 22
2115991866 19
2137655290 28
2191007551 165
2245017434 111
2273076216 21
2302936662 49
2321067875 48
2337471812 133
2338681792 11
2352408356 41
2386566304 144
2420023489 162
2455595861 15
2493197103 127
2523580740 83
2533558194 148
2563637387 25
2564901090 39
2590626395 20
2612076060 176
2618357298 12
2654090424 2
2675243293 68
2677761041 109
2680647675 58
2689742369 56
2714344193 10
2736746253 157
2739454820 131
2751470307 172
2752981434 137
2759781031 3
2819042102 53
2820570352 123
2877103839 108
2878053286 107
2931281920 139
2946051437 96
2947818890 52
2975899179 92
2979186596 1
3052336121 114
3118895249 9
3134364972 95
3159294203 145
3197165266 151
3210776703 50
3236016622 51
3252655057 154
3279979113 146
3305405241 76
3310504013 169
3311786556 86
3326957411 31
3332444146 155
3345103274 90
3346435016 104
3369397036 134
3415828832 156
3419165889 93
3421043283 91
3453834671 36
3475802041 115
3576346154 164
3611753873 77
3637528652 6
3644108658 100
3650994493 57
3682404586 113
3705166655 17
3794242346 38
3813827420 103
3825964894 179
3834047911 173
3846291404 99
3863463209 75
3880856117 88
3896729982 102
3897441493 14
3930536579 47
3954570302 26
3978014586 161
3985338750 118
4012176614 152
4020817277 132
4025582691 35
4028575057 72
4106514720 78
4120563849 98
4136759817 170
4162517235 159
4168711638 163
4173604952 167
4231238145 129
4269563040 171
4277558944 67
