1800764 14
87484882 86
125896844 99
132851176 38
158100332 157
197722022 134
212966424 129
268465553 9
277378561 89
346763723 109
347327944 80
391851701 25
435153685 113
442087175 127
456854657 17
465915581 69
480126874 20
482554758 95
521460429 43
582418999 121
600757238 73
646992379 175
677338192 59
680353138 124
723386437 112
755509855 131
795357209 3
833957915 49
882923786 166
934031291 66
972543760 8
976519997 24
984515489 115
1029684725 139
1039775941 140
1061459597 178
1061673189 55
1102138352 165
1119750476 141
1145535496 96
1163785346 174
1165500044 153
1171145260 18
1199928407 70
1302911819 53
1324646409 0
1353077104 67
1399969279 51
1402099477 27
1404395783 114
1411244463 11
1423943361 125
1433784421 77
1462563128 31
1473496205 45
1490182304 47
1497564029 35
1506500056 40
1540789971 152
1565581772 26
1583240062 82
1593335970 150
1703074003 30
1723374255 111
1755211868 84
1780965381 147
1817977319 21
1832923198 46
1836837436 90
1854296563 100
1880656059 138
1902819574 177
1957456795 143
1965817051 48
1966862849 65
1967912122 119
1979915395 4
1987706045 76
1991912470 161
2034853916 88
2040735391 39
2054922385 120
2070794468 63
2071342302 168
2088744826 34
2137655290 28
2191007551 154
2245017434 118
2273076216 16
2302936662 60
2321067875 58
2337471812 136
2338681792 13
2352408356 50
2386566304 151
2420023489 160
2493197103 126
2523580740 85
2533558194 156
2563637387 36
2564901090 42
2590626395 19
2612076060 176
2654090424 1
2675243293 75
2677761041 107
2680647675 62
2689742369 61
2714344193 10
2736746253 163
2739454820 132
2751470307 172
2752981434 128
2759781031 12
2819042102 57
2820570352 117
2877103839 110
2878053286 108
2931281920 146
2946051437 97
2947818890 54
2975899179 92
2979186596 7
3052336121 122
3118895249 5
3134364972 93
3159294203 135
3197165266 145
3210776703 52
3224180642 6
3236016622 56
3252655057 142
3279979113 148
3305405241 72
3310504013 169
3311786556 78
3326957411 37
3332444146 144
3345103274 91
3346435016 102
3369397036 137
3415828832 158
3419165889 94
3421043283 83
3453834671 22
3475802041 123
3576346154 149
3611753873 74
3637528652 15
3644108658 104
3650994493 64
3682404586 106
3705166655 29
3794242346 41
3813827420 103
3825964894 179
3834047911 173
3846291404 105
3863463209 81
3880856117 87
3896729982 98
3897441493 23
3930536579 44
3954570302 33
3978014586 159
3985338750 116
4012176614 162
4020817277 133
4025582691 32
4028575057 71
4084769632 2
4106514720 79
4120563849 101
4136759817 170
4162517235 164
4168711638 155
4173604952 167
4231238145 130
4269563040 171
4277558944 68
