1800764 17
87484882 87
125896844 99
132851176 38
158100332 157
197722022 135
212966424 130
268465553 11
277378561 89
346763723 109
347327944 80
391851701 27
409984302 1
435153685 113
442087175 127
456854657 16
465915581 70
480126874 18
482554758 95
521460429 41
582418999 121
600757238 73
646992379 175
677338192 60
680353138 124
723386437 112
755509855 129
795357209 3
833957915 49
882923786 166
934031291 68
972543760 8
976519997 22
984515489 115
1029684725 139
1039775941 140
1061459597 178
1061673189 54
1102138352 164
1119750476 143
1145535496 97
1163785346 174
1165500044 154
1171145260 19
1199928407 71
1302911819 52
1324646409 0
1353077104 65
1399969279 50
1402099477 23
1404395783 114
1411244463 10
1423943361 125
1433784421 77
1462563128 30
1473496205 45
1490182304 46
1497564029 33
1506500056 40
1540789971 152
1565581772 28
1583240062 83
1593335970 150
1703074003 32
1723374255 110
1755211868 84
1780965381 147
1817977319 24
1832923198 47
1836837436 88
1854296563 102
1880656059 138
1902819574 177
1957456795 142
1965817051 48
1966862849 62
1967912122 118
1979915395 4
1987706045 76
1991912470 161
2034853916 90
2040735391 39
2054922385 120
2070794468 64
2071342302 168
2088744826 34
2137655290 26
2191007551 153
2245017434 119
2273076216 14
2302936662 59
2321067875 58
2337471812 137
2338681792 13
2352408356 51
2386566304 151
2420023489 160
2493197103 126
2523580740 85
2533558194 156
2563637387 36
2564901090 42
2590626395 20
2612076060 176
2675243293 75
2677761041 105
2680647675 63
2689742369 61
2714344193 9
2736746253 163
2739454820 132
2751470307 172
2752981434 128
2759781031 12
2819042102 57
2820570352 116
2877103839 111
2878053286 108
2931281920 146
2946051437 96
2947818890 55
2975899179 92
2979186596 5
3052336121 123
3118895249 7
3134364972 93
3159294203 134
3197165266 145
3210776703 53
3224180642 6
3236016622 56
3252655057 141
3279979113 149
3305405241 72
3310504013 169
3311786556 78
3326957411 37
3332444146 144
3345103274 91
3346435016 100
3369397036 136
3415828832 158
3419165889 94
3421043283 82
3453834671 21
3475802041 122
3576346154 148
3611753873 74
3637528652 15
3644108658 107
3650994493 66
3682404586 104
3705166655 29
3794242346 44
3813827420 101
3825964894 179
3834047911 173
3846291404 106
3863463209 81
3880856117 86
3896729982 98
3897441493 25
3930536579 43
3954570302 35
3978014586 159
3985338750 117
4012176614 162
4020817277 133
4025582691 31
4028575057 69
4084769632 2
4106514720 79
4120563849 103
4136759817 170
4162517235 165
4168711638 155
4173604952 167
4231238145 131
4269563040 171
4277558944 67
