1800764 50
87484882 84
125896844 106
132851176 35
158100332 148
197722022 134
212966424 127
268465553 46
277378561 82
346763723 105
347327944 76
366165566 9
391851701 15
435153685 109
442087175 122
456854657 45
465915581 68
480126874 28
482554758 98
521460429 58
582418999 123
600757238 83
646992379 174
677338192 62
680353138 119
723386437 116
755509855 147
833957915 31
882923786 164
934031291 59
976519997 21
984515489 120
1029684725 136
1039775941 142
1061459597 178
1061673189 64
1102138352 160
1119750476 137
1145535496 96
1163785346 175
1165500044 143
1171145260 5
1199928407 56
1302911819 73
1324646409 0
1353077104 77
1399969279 47
1402099477 25
1404395783 121
1411244463 1
1423943361 117
1433784421 79
1462563128 39
1473496205 61
1481700130 3
1490182304 57
1497564029 55
1506500056 22
1540789971 158
1565581772 29
1583240062 89
1593335970 145
1703074003 53
1723374255 112
1755211868 81
1780965381 140
1817977319 7
1832923198 32
1836837436 87
1854296563 100
1880656059 135
1902819574 177
1957456795 152
1965817051 36
1966862849 86
1967912122 130
1987706045 71
1991912470 151
2023365118 13
2034853916 88
2040735391 37
2054922385 125
2070794468 67
2071342302 167
2088744826 14
2115991866 20
2137655290 19
2191007551 168
2245017434 111
2273076216 11
2302936662 52
2321067875 51
2337471812 132
2338681792 4
2352408356 33
2386566304 141
2420023489 162
2455595861 16
2493197103 126
2523580740 80
2533558194 146
2563637387 17
2564901090 26
2590626395 34
2612076060 176
2618357298 12
2675243293 65
2677761041 110
2680647675 66
2689742369 54
2714344193 23
2736746253 155
2739454820 129
2751470307 172
2752981434 138
2819042102 44
2820570352 124
2877103839 107
2878053286 108
2931281920 139
2946051437 95
2947818890 43
2975899179 91
3052336121 114
3118895249 24
3134364972 92
3159294203 149
3197165266 153
3210776703 41
3224180642 6
3236016622 42
3252655057 156
3279979113 144
3305405241 75
3310504013 169
3311786556 78
3326957411 49
3332444146 157
3345103274 90
3346435016 103
3369397036 133
3415828832 150
3419165889 93
3421043283 94
3453834671 30
3475802041 113
3576346154 166
3611753873 72
3640665415 18
3644108658 104
3650994493 63
3682404586 115
3705166655 10
3794242346 48
3813827420 102
3825964894 179
3834047911 173
3846291404 101
3863463209 74
3880856117 85
3896729982 99
3897441493 8
3930536579 40
3934144507 2
3954570302 38
3978014586 159
3985338750 118
4012176614 154
4020817277 131
4025582691 27
4028575057 70
4106514720 69
4120563849 97
4136759817 170
4162517235 161
4168711638 163
4173604952 165
4231238145 128
4269563040 171
4277558944 60
