1800764 134
87484882 118
97068523 35
125896844 31
132851176 97
158100332 153
197722022 161
212966424 152
268465553 135
277378561 90
346763723 78
347327944 106
386235461 65
391851701 77
409984302 68
435153685 79
442087175 123
465915581 132
482554758 53
582418999 74
646992379 175
677338192 124
680353138 98
715741596 21
723386437 45
725606561 12
755509855 82
777434108 57
789663515 32
795357209 10
833957915 22
849924382 34
882923786 166
905458755 16
934031291 103
984515489 55
1029684725 159
1039775941 105
1102138352 163
1119750476 141
1145535496 125
1163785346 172
1165500044 168
1171145260 27
1187002154 81
1199928407 37
1303866932 2
1315240339 71
1324646409 0
1404395783 51
1411244463 38
1423943361 144
1433784421 139
1481700130 83
1506500056 8
1540789971 120
1565581772 107
1583240062 142
1593335970 143
1648888063 26
1703074003 127
1723374255 48
1755211868 108
1780965381 145
1817977319 39
1832923198 5
1836837436 46
1854296563 128
1880656059 150
1902819574 178
1957456795 96
1965817051 1
1967912122 60
1979915395 15
1987706045 112
1991912470 160
2034853916 126
2040735391 100
2054922385 69
2070794468 131
2071342302 167
2088744826 40
2180276089 36
2191007551 109
2245017434 151
2302936662 72
2321067875 76
2335376072 20
2337471812 147
2352408356 58
2386566304 156
2420023489 133
2493197103 86
2523580740 93
2533558194 154
2563637387 62
2564901090 3
2590626395 119
2612076060 177
2623420502 73
2663355169 89
2675243293 61
2677761041 30
2680647675 130
2689742369 23
2714344193 110
2736746253 162
2739454820 136
2751470307 173
2752981434 84
2759781031 24
2819042102 28
2820570352 59
2877103839 80
2878053286 50
2881898293 88
2931281920 157
2940397723 67
2946051437 91
2947745968 49
2947818890 14
2975899179 42
2976264608 56
3052336121 155
3109774447 29
3118895249 115
3134364972 54
3159294203 87
3197165266 101
3210776703 11
3224180642 75
3236016622 17
3252655057 92
3279979113 129
3310504013 174
3311786556 18
3326957411 121
3332444146 95
3345103274 41
3346435016 52
3369397036 138
3415828832 148
3419165889 85
3421043283 19
3439938365 64
3475802041 146
3576346154 104
3576952995 13
3611753873 7
3637528652 6
3640665415 111
3644108658 149
3650994493 122
3682404586 25
3705166655 33
3794242346 102
3813827420 66
3825964894 179
3834047911 176
3846291404 117
3863463209 94
3880856117 47
3896729982 63
3897441493 44
3934144507 99
3954570302 113
3978014586 140
3985338750 70
4012176614 169
4020817277 137
4074327253 4
4106514720 43
4120563849 114
4136759817 171
4162517235 170
4168711638 116
4173604952 165
4231238145 158
4269563040 164
4277558944 9
