1800764 46
87484882 102
125896844 84
132851176 61
158100332 159
197722022 151
212966424 143
268465553 43
277378561 98
346763723 110
347327944 92
391851701 42
409984302 21
435153685 113
442087175 128
465915581 83
482554758 87
521460429 14
582418999 118
600757238 53
646992379 175
677338192 72
680353138 125
723386437 90
755509855 122
795357209 11
833957915 52
882923786 166
934031291 74
972543760 5
976519997 4
984515489 103
1029684725 153
1039775941 134
1061459597 178
1061673189 26
1102138352 164
1119750476 145
1145535496 116
1163785346 174
1165500044 160
1171145260 27
1199928407 68
1302911819 20
1324646409 0
1353077104 36
1399969279 37
1402099477 3
1404395783 101
1411244463 24
1423943361 132
1433784421 96
1462563128 2
1473496205 17
1481700130 16
1490182304 19
1506500056 33
1540789971 142
1565581772 51
1583240062 105
1593335970 150
1703074003 56
1723374255 95
1755211868 100
1780965381 149
1817977319 30
1832923198 40
1836837436 80
1854296563 119
1880656059 147
1902819574 177
1957456795 130
1965817051 38
1966862849 29
1967912122 107
1979915395 15
1987706045 88
1991912470 161
2034853916 106
2040735391 64
2054922385 114
2070794468 78
2071342302 168
2088744826 41
2137655290 10
2180276089 13
2191007551 137
2245017434 126
2302936662 66
2321067875 67
2335376072 12
2337471812 144
2338681792 9
2352408356 63
2386566304 157
2420023489 152
2493197103 121
2523580740 97
2533558194 158
2563637387 44
2564901090 35
2590626395 47
2612076060 176
2663355169 1
2675243293 71
2677761041 85
2680647675 77
2689742369 59
2714344193 39
2736746253 162
2739454820 138
2751470307 172
2752981434 123
2759781031 23
2819042102 60
2820570352 108
2877103839 111
2878053286 94
2881898293 7
2931281920 155
2946051437 109
2947818890 49
2975899179 82
2979186596 6
3052336121 136
3118895249 34
3134364972 86
3159294203 124
3197165266 133
3210776703 45
3224180642 28
3236016622 54
3252655057 127
3279979113 146
3305405241 50
3310504013 171
3311786556 69
3326957411 62
3332444146 129
3345103274 79
3346435016 91
3369397036 140
3415828832 156
3419165889 104
3421043283 70
3475802041 131
3576346154 135
3611753873 58
3637528652 18
3640665415 22
3644108658 120
3650994493 76
3682404586 75
3705166655 32
3794242346 65
3813827420 99
3825964894 179
3834047911 173
3846291404 117
3863463209 89
3880856117 81
3896729982 93
3897441493 31
3930536579 25
3954570302 57
3978014586 154
3985338750 112
4012176614 163
4020817277 139
4025582691 8
4028575057 48
4106514720 73
4120563849 115
4136759817 170
4162517235 165
4168711638 141
4173604952 167
4231238145 148
4269563040 169
4277558944 55
