1800764 146
87484882 119
97068523 57
125896844 20
132851176 104
158100332 150
197722022 163
212966424 154
268465553 148
277378561 97
346763723 70
347327944 105
386235461 78
391851701 82
409984302 76
435153685 69
442087175 111
465915581 142
482554758 47
582418999 60
646992379 174
677338192 135
680353138 94
715741596 33
723386437 23
725606561 18
755509855 66
777434108 68
789663515 55
795357209 13
833957915 24
849924382 53
882923786 167
905458755 25
934031291 106
984515489 35
1029684725 159
1039775941 92
1102138352 165
1119750476 129
1145535496 132
1163785346 170
1165500044 168
1171145260 37
1187002154 93
1199928407 34
1303866932 6
1315240339 84
1324646409 0
1404395783 32
1411244463 52
1423943361 137
1433784421 144
1481700130 96
1506500056 4
1540789971 102
1565581772 113
1583240062 145
1593335970 127
1648888063 44
1703074003 138
1723374255 28
1755211868 108
1780965381 131
1817977319 48
1832923198 2
1836837436 38
1854296563 134
1878223483 3
1880656059 149
1902819574 178
1957456795 87
1967912122 36
1979915395 19
1987706045 114
1991912470 160
2034853916 136
2040735391 107
2054922385 54
2070794468 140
2071342302 166
2088744826 50
2180276089 49
2191007551 91
2245017434 153
2302936662 73
2321067875 77
2335376072 26
2337471812 147
2352408356 63
2386566304 155
2420023489 118
2493197103 80
2523580740 98
2533558194 151
2563637387 65
2590626395 125
2612076060 176
2623420502 86
2663355169 103
2675243293 62
2677761041 17
2680647675 139
2689742369 22
2714344193 117
2736746253 162
2739454820 128
2751470307 173
2752981434 72
2759781031 27
2819042102 29
2820570352 39
2877103839 74
2878053286 40
2881898293 99
2931281920 157
2939038785 11
2940397723 79
2946051437 95
2947745968 64
2947818890 15
2975899179 30
2976264608 67
3052336121 156
3109774447 46
3118895249 123
3134364972 51
3159294203 71
3197165266 89
3210776703 5
3224180642 83
3236016622 16
3252655057 81
3279979113 115
3310504013 175
3311786556 12
3326957411 126
3332444146 85
3345103274 31
3346435016 45
3369397036 133
3415828832 141
3419165889 90
3421043283 9
3439938365 75
3475802041 143
3576346154 88
3576952995 21
3637528652 7
3640665415 120
3644108658 152
3650994493 124
3682404586 10
3705166655 42
3794242346 109
3813827420 61
3825964894 179
3834047911 177
3846291404 116
3863463209 101
3880856117 43
3896729982 58
3897441493 56
3934144507 110
3954570302 121
3978014586 122
3985338750 59
4012176614 169
4020817277 130
4074327253 14
4088869787 8
4106514720 41
4120563849 112
4136759817 172
4162517235 171
4168711638 100
4173604952 164
4231238145 158
4269563040 161
4277558944 1
