1800764 140
87484882 158
97068523 45
125896844 105
132851176 121
143419484 2
158100332 201
197722022 205
212966424 197
256620174 1
268465553 136
277378561 147
346763723 138
347327944 150
386235461 57
391851701 100
409984302 89
435153685 145
442087175 176
448554581 13
456854657 10
465915581 157
480126874 15
482554758 115
521460429 39
548834259 19
582418999 148
600757238 73
646992379 221
677338192 151
680353138 167
715741596 21
723386437 116
725606561 46
755509855 162
777434108 59
789663515 38
795357209 50
833957915 85
849924382 48
882923786 211
905458755 14
934031291 135
960241349 26
972543760 33
976519997 27
984515489 129
1029684725 204
1039775941 174
1061673189 49
1102138352 209
1119750476 189
1145535496 168
1163785346 219
1165500044 207
1171145260 76
1187002154 83
1199928407 96
1297835987 4
1302911819 44
1303866932 42
1315240339 75
1324646409 0
1353077104 56
1378626860 7
1399969279 58
1402099477 23
1404395783 127
1411244463 80
1423943361 181
1433784421 165
1462563128 24
1473496205 41
1481700130 97
1490182304 43
1497564029 25
1506500056 66
1540789971 183
1565581772 124
1583240062 169
1593335970 192
1648888063 40
1703074003 137
1721069724 5
1723374255 120
1755211868 154
1780965381 190
1817977319 84
1832923198 67
1836837436 107
1854296563 170
1878223483 8
1880656059 196
1902819574 223
1957456795 172
1965817051 63
1966862849 53
1967912122 133
1979915395 55
1987706045 153
1991912470 206
2034853916 164
2040735391 125
2054922385 141
2070794468 156
2071342302 213
2088744826 87
2137655290 32
2180276089 72
2191007551 179
2245017434 186
2273076216 22
2302936662 106
2321067875 111
2335376072 61
2337471812 191
2338681792 36
2352408356 99
2386566304 203
2420023489 194
2493197103 159
2523580740 146
2533558194 200
2563637387 94
2564901090 65
2590626395 130
2612076060 222
2616533013 18
2623420502 62
2654090424 9
2663355169 98
2675243293 110
2677761041 109
2680647675 155
2689742369 88
2714344193 119
2727339584 29
2736746253 208
2739454820 184
2751470307 218
2752981434 161
2759781031 70
2819042102 90
2820570352 132
2877103839 144
2878053286 118
2881898293 95
2931281920 202
2939038785 16
2940397723 60
2946051437 152
2947745968 69
2947818890 78
2975899179 108
2976264608 64
2979186596 35
3044575483 28
3052336121 193
3109774447 54
3118895249 123
3134364972 114
3159294203 166
3197165266 175
3210776703 74
3224180642 93
3236016622 81
3238789951 6
3252655057 171
3279979113 188
3305405241 71
3310504013 217
3311786556 91
3326957411 134
3332444146 173
3345103274 104
3346435016 117
3369397036 187
3415828832 198
3419165889 142
3421043283 92
3439938365 51
3453834671 20
3475802041 180
3516413806 31
3576346154 177
3576952995 37
3611753873 79
3637528652 52
3640665415 113
3644108658 178
3650994493 149
3682404586 103
3705166655 82
3794242346 128
3813827420 126
3825964894 224
3834047911 220
3846291404 163
3863463209 143
3880856117 112
3885860355 11
3896729982 122
3897441493 86
3930536579 47
3934144507 101
3954570302 131
3978014586 195
3985338750 139
4012176614 212
4020817277 185
4025582691 30
4028575057 68
4056565709 12
4074327253 34
4084769632 17
4106514720 102
4120563849 160
4136759817 216
4162517235 214
4168711638 182
4173604952 210
4231238145 199
4238147281 3
4269563040 215
4277558944 77
