87484882 79
125896844 105
132851176 24
143419484 6
158100332 154
197722022 126
212966424 129
277378561 85
346763723 106
347327944 73
366165566 7
391851701 8
435153685 111
442087175 123
456854657 38
465915581 50
480126874 34
482554758 101
521460429 62
582418999 124
600757238 86
646992379 174
677338192 35
680353138 121
723386437 116
755509855 141
833957915 47
882923786 166
934031291 53
972543760 21
976519997 33
984515489 118
1029684725 131
1039775941 143
1061459597 178
1061673189 68
1102138352 159
1119750476 139
1145535496 88
1163785346 175
1165500044 140
1171145260 13
1199928407 66
1302911819 70
1324646409 0
1353077104 76
1399969279 60
1402099477 36
1404395783 119
1423943361 117
1433784421 65
1462563128 44
1473496205 64
1490182304 63
1497564029 51
1506500056 42
1540789971 160
1565581772 2
1567831198 11
1583240062 72
1593335970 148
1703074003 1
1721069724 3
1723374255 114
1755211868 78
1780965381 145
1817977319 18
1832923198 52
1836837436 91
1854296563 92
1880656059 136
1902819574 177
1957456795 149
1965817051 54
1966862849 80
1967912122 127
1987706045 67
1991912470 151
2023365118 10
2034853916 75
2040735391 26
2054922385 125
2070794468 43
2071342302 169
2088744826 29
2115991866 25
2137655290 32
2191007551 165
2245017434 109
2273076216 31
2302936662 49
2321067875 48
2337471812 133
2338681792 28
2352408356 40
2386566304 142
2420023489 164
2455595861 22
2493197103 130
2523580740 83
2533558194 150
2563637387 27
2564901090 45
2612076060 176
2616533013 4
2618357298 20
2654090424 16
2675243293 71
2677761041 110
2680647675 41
2689742369 61
2736746253 157
2739454820 132
2751470307 172
2752981434 137
2759781031 5
2819042102 56
2820570352 122
2877103839 108
2878053286 107
2931281920 138
2946051437 95
2947818890 58
2975899179 99
2979186596 15
3052336121 113
3134364972 100
3159294203 144
3197165266 153
3210776703 59
3236016622 57
3252655057 152
3279979113 147
3305405241 81
3310504013 168
3311786556 87
3326957411 14
3332444146 155
3345103274 93
3346435016 104
3369397036 135
3415828832 158
3419165889 94
3421043283 97
3453834671 37
3475802041 115
3576346154 162
3611753873 82
3637528652 19
3644108658 90
3650994493 46
3682404586 112
3705166655 23
3794242346 30
3813827420 103
3825964894 179
3834047911 171
3846291404 98
3863463209 74
3880856117 89
3896729982 102
3897441493 17
3930536579 55
3954570302 9
3978014586 161
3985338750 120
4012176614 146
4020817277 134
4025582691 39
4028575057 77
4084769632 12
4106514720 84
4120563849 96
4136759817 170
4162517235 156
4168711638 163
4173604952 167
4231238145 128
4269563040 173
4277558944 69
