1800764 19
87484882 75
125896844 108
132851176 22
143419484 5
158100332 149
197722022 125
212966424 123
268465553 13
277378561 79
346763723 105
347327944 70
366165566 24
391851701 9
435153685 110
442087175 117
456854657 59
465915581 60
480126874 43
482554758 101
521460429 67
582418999 126
600757238 88
646992379 174
677338192 44
680353138 116
723386437 119
755509855 152
833957915 37
882923786 162
934031291 53
972543760 6
976519997 35
984515489 121
1029684725 129
1039775941 145
1061459597 178
1061673189 72
1102138352 154
1119750476 138
1145535496 87
1163785346 175
1165500044 139
1199928407 62
1302911819 82
1324646409 0
1353077104 84
1399969279 58
1402099477 39
1404395783 122
1423943361 114
1433784421 65
1462563128 55
1473496205 69
1490182304 68
1497564029 61
1506500056 34
1540789971 159
1565581772 16
1567831198 11
1583240062 73
1593335970 146
1703074003 21
1723374255 115
1755211868 74
1780965381 142
1817977319 7
1832923198 42
1836837436 89
1854296563 93
1880656059 135
1902819574 177
1957456795 156
1965817051 47
1966862849 92
1967912122 136
1987706045 64
1991912470 147
2023365118 27
2034853916 76
2040735391 25
2054922385 132
2070794468 54
2071342302 165
2088744826 17
2115991866 32
2137655290 31
2191007551 170
2245017434 107
2273076216 26
2302936662 41
2321067875 38
2337471812 131
2338681792 15
2352408356 33
2386566304 141
2420023489 163
2455595861 30
2493197103 130
2523580740 77
2533558194 144
2563637387 18
2564901090 36
2590626395 14
2612076060 176
2618357298 28
2654090424 10
2675243293 63
2677761041 113
2680647675 52
2689742369 57
2714344193 4
2736746253 150
2739454820 127
2751470307 172
2752981434 140
2819042102 46
2820570352 128
2877103839 106
2878053286 109
2931281920 137
2946051437 91
2947818890 49
2975899179 99
2979186596 2
3052336121 111
3134364972 98
3159294203 155
3197165266 157
3210776703 50
3236016622 48
3252655057 160
3279979113 148
3305405241 83
3310504013 166
3311786556 85
3326957411 23
3332444146 161
3345103274 94
3346435016 104
3369397036 134
3415828832 153
3419165889 90
3421043283 100
3453834671 45
3475802041 112
3576346154 169
3611753873 81
3637528652 3
3644108658 96
3650994493 51
3682404586 118
3705166655 12
3794242346 29
3813827420 103
3825964894 179
3834047911 171
3846291404 97
3863463209 71
3880856117 86
3896729982 102
3897441493 8
3930536579 56
3954570302 20
3978014586 158
3985338750 120
4012176614 143
4020817277 133
4025582691 40
4028575057 80
4084769632 1
4106514720 78
4120563849 95
4136759817 168
4162517235 151
4168711638 167
4173604952 164
4231238145 124
4269563040 173
4277558944 66
