1800764 156
87484882 126
97068523 80
125896844 3
132851176 116
158100332 139
197722022 169
212966424 153
268465553 157
277378561 101
346763723 66
347327944 109
386235461 94
391851701 91
409984302 90
435153685 61
442087175 105
465915581 147
482554758 42
548834259 6
582418999 30
646992379 176
677338192 145
680353138 86
715741596 69
723386437 1
725606561 39
755509855 36
777434108 89
789663515 79
795357209 21
833957915 31
849924382 77
882923786 167
905458755 60
934031291 115
960241349 4
984515489 13
1029684725 162
1039775941 75
1102138352 168
1119750476 113
1145535496 131
1163785346 170
1165500044 171
1171145260 56
1187002154 108
1199928407 45
1303866932 18
1315240339 98
1324646409 0
1378626860 17
1404395783 9
1411244463 68
1423943361 129
1433784421 150
1481700130 107
1506500056 5
1540789971 82
1565581772 127
1583240062 149
1593335970 106
1648888063 74
1687077153 20
1703074003 151
1723374255 10
1755211868 111
1780965381 110
1817977319 65
1836837436 34
1854296563 130
1878223483 24
1880656059 142
1957456795 57
1967912122 8
1979915395 38
1987706045 125
1991912470 163
2034853916 138
2040735391 122
2054922385 23
2070794468 148
2071342302 166
2088744826 63
2180276089 71
2191007551 59
2245017434 154
2302936662 84
2321067875 85
2335376072 48
2337471812 135
2352408356 76
2386566304 152
2420023489 97
2493197103 64
2523580740 102
2533558194 141
2563637387 81
2590626395 144
2612076060 178
2623420502 99
2663355169 124
2675243293 67
2680647675 146
2689742369 27
2714344193 132
2727339584 15
2736746253 165
2739454820 117
2751470307 174
2752981434 52
2759781031 49
2819042102 44
2820570352 12
2877103839 72
2878053286 25
2881898293 112
2931281920 158
2939038785 32
2940397723 95
2946051437 96
2947745968 83
2947818890 11
2975899179 26
2976264608 88
3052336121 159
3109774447 73
3118895249 140
3134364972 46
3159294203 40
3162794093 22
3197165266 62
3210776703 2
3224180642 92
3236016622 16
3252655057 50
3255384253 19
3279979113 100
3310504013 177
3326957411 143
3332444146 54
3345103274 28
3346435016 35
3369397036 118
3415828832 121
3419165889 87
3439938365 93
3475802041 136
3576346154 55
3576952995 51
3637528652 14
3640665415 137
3644108658 155
3650994493 134
3705166655 58
3794242346 123
3813827420 53
3825964894 179
3846291404 120
3863463209 104
3880856117 43
3896729982 47
3897441493 70
3934144507 128
3954570302 133
3978014586 103
3985338750 37
4012176614 173
4020817277 119
4074327253 29
4088869787 33
4106514720 41
4120563849 114
4123558703 7
4136759817 172
4162517235 175
4168711638 78
4173604952 164
4231238145 160
4269563040 161
