1800764 130
87484882 98
97068523 36
125896844 58
132851176 81
158100332 154
197722022 160
212966424 146
268465553 133
277378561 74
346763723 67
347327944 87
386235461 63
391851701 53
409984302 48
435153685 73
442087175 116
465915581 118
482554758 56
521460429 2
582418999 92
600757238 30
646992379 175
677338192 110
680353138 104
715741596 34
723386437 78
755509855 126
777434108 52
789663515 41
833957915 12
849924382 31
882923786 166
905458755 23
934031291 85
984515489 82
1029684725 159
1039775941 125
1061673189 7
1102138352 163
1119750476 134
1145535496 111
1163785346 174
1165500044 164
1171145260 13
1187002154 89
1199928407 33
1302911819 17
1315240339 61
1324646409 0
1353077104 20
1404395783 83
1411244463 25
1423943361 123
1433784421 120
1473496205 4
1481700130 72
1490182304 3
1540789971 144
1565581772 95
1583240062 122
1593335970 143
1648888063 28
1703074003 121
1723374255 68
1755211868 90
1780965381 142
1817977319 26
1836837436 45
1854296563 114
1880656059 145
1902819574 178
1957456795 135
1966862849 32
1967912122 99
1987706045 93
1991912470 161
2034853916 113
2040735391 86
2054922385 94
2070794468 119
2071342302 167
2088744826 27
2180276089 19
2191007551 155
2245017434 137
2302936662 50
2321067875 51
2335376072 6
2337471812 139
2352408356 38
2386566304 158
2420023489 150
2493197103 102
2523580740 75
2533558194 153
2563637387 40
2590626395 112
2612076060 177
2623420502 71
2663355169 96
2675243293 43
2677761041 65
2680647675 117
2689742369 14
2714344193 103
2736746253 162
2739454820 127
2751470307 172
2752981434 115
2759781031 9
2819042102 22
2820570352 91
2877103839 70
2878053286 62
2881898293 80
2931281920 157
2940397723 64
2946051437 79
2947745968 37
2947818890 8
2975899179 47
2976264608 49
3052336121 147
3109774447 18
3118895249 108
3134364972 54
3159294203 131
3197165266 136
3210776703 5
3224180642 55
3236016622 10
3252655057 140
3279979113 138
3305405241 21
3310504013 173
3311786556 35
3326957411 107
3332444146 141
3345103274 44
3346435016 59
3369397036 129
3415828832 151
3419165889 69
3421043283 42
3439938365 66
3475802041 124
3576346154 152
3576952995 1
3611753873 24
3640665415 106
3644108658 132
3650994493 105
3682404586 77
3705166655 16
3794242346 88
3813827420 60
3825964894 179
3834047911 176
3846291404 100
3863463209 76
3880856117 46
3896729982 57
3897441493 29
3934144507 109
3954570302 101
3978014586 149
3985338750 84
4012176614 169
4020817277 128
4028575057 15
4106514720 39
4120563849 97
4136759817 171
4162517235 170
4168711638 148
4173604952 165
4231238145 156
4269563040 168
4277558944 11
