1800764 193
75700180 2
87484882 157
97068523 96
125896844 73
132851176 140
158100332 198
197722022 206
203833072 20
212966424 197
268465553 194
277378561 131
346763723 115
347327944 142
386235461 121
391851701 118
409984302 113
435153685 117
442087175 156
448554581 14
465915581 185
482554758 92
521460429 16
548834259 30
582418999 116
600757238 44
646992379 220
677338192 172
680353138 136
715741596 88
723386437 93
725606561 58
755509855 130
777434108 114
789663515 100
795357209 53
833957915 65
849924382 89
882923786 211
905458755 72
934031291 145
960241349 29
972543760 15
976519997 1
984515489 102
1029684725 204
1039775941 144
1061673189 26
1102138352 208
1119750476 177
1145535496 166
1158381613 24
1163785346 217
1165500044 213
1171145260 69
1187002154 138
1199928407 70
1297835987 10
1302911819 27
1303866932 41
1315240339 122
1324646409 0
1334840611 19
1353077104 33
1378626860 36
1379015881 7
1399969279 34
1404395783 101
1411244463 83
1423943361 179
1433784421 187
1435493433 3
1473496205 22
1481700130 135
1490182304 23
1497564029 4
1506500056 46
1540789971 159
1565581772 155
1583240062 189
1593335970 180
1648888063 87
1687077153 47
1703074003 188
1723374255 95
1755211868 146
1780965381 182
1817977319 77
1832923198 43
1836837436 84
1854296563 167
1878223483 42
1880656059 192
1902819574 223
1957456795 141
1965817051 37
1966862849 32
1967912122 107
1979915395 60
1987706045 152
1991912470 205
2034853916 171
2040735391 148
2054922385 112
2070794468 186
2071342302 212
2088744826 79
2137655290 11
2180276089 80
2191007551 158
2245017434 196
2282804109 12
2302936662 108
2321067875 111
2335376072 66
2337471812 190
2338681792 18
2352408356 97
2386566304 201
2420023489 178
2493197103 126
2523580740 132
2533558194 199
2563637387 103
2564901090 40
2590626395 173
2612076060 222
2623420502 128
2641823919 13
2663355169 151
2675243293 98
2677761041 76
2680647675 183
2689742369 64
2714344193 161
2727339584 35
2736746253 207
2739454820 174
2751470307 218
2752981434 127
2759781031 67
2819042102 68
2820570352 106
2877103839 119
2878053286 91
2881898293 137
2931281920 202
2939038785 55
2940397723 123
2946051437 129
2947745968 104
2947818890 56
2975899179 78
2976264608 110
2979186596 21
3044575483 17
3052336121 200
3109774447 81
3118895249 169
3134364972 90
3159294203 133
3162794093 49
3197165266 147
3210776703 51
3224180642 120
3236016622 59
3252655057 139
3255384253 48
3279979113 168
3305405241 39
3310504013 219
3311786556 61
3326957411 170
3332444146 143
3345103274 74
3346435016 94
3369397036 176
3415828832 191
3419165889 124
3421043283 63
3439938365 125
3475802041 184
3516413806 28
3576346154 153
3576952995 62
3611753873 50
3637528652 45
3640665415 165
3644108658 195
3650994493 163
3682404586 82
3705166655 71
3794242346 149
3813827420 105
3825964894 224
3834047911 221
3846291404 154
3863463209 134
3880856117 86
3885860355 6
3896729982 99
3897441493 85
3930536579 25
3934144507 164
3954570302 162
3978014586 181
3985338750 109
4012176614 214
4020817277 175
4025582691 9
4028575057 38
4056565709 8
4074327253 54
4088869787 57
4106514720 75
4120563849 150
4123558703 31
4136759817 216
4162517235 215
4168711638 160
4173604952 210
4231238145 203
4238147281 5
4269563040 209
4277558944 52
