87484882 79
125896844 105
132851176 28
143419484 3
158100332 152
197722022 129
212966424 128
277378561 85
346763723 106
347327944 72
366165566 7
391851701 14
435153685 111
442087175 122
456854657 38
465915581 57
480126874 34
482554758 101
521460429 62
582418999 124
600757238 86
646992379 174
677338192 41
680353138 121
723386437 116
755509855 141
833957915 44
882923786 166
934031291 55
972543760 15
976519997 33
984515489 118
1029684725 132
1039775941 143
1061459597 178
1061673189 66
1102138352 159
1119750476 139
1145535496 89
1163785346 175
1165500044 140
1171145260 10
1199928407 65
1302911819 71
1324646409 0
1353077104 76
1399969279 60
1402099477 35
1404395783 119
1411244463 1
1423943361 117
1433784421 67
1462563128 43
1473496205 64
1490182304 63
1497564029 50
1506500056 39
1540789971 160
1565581772 8
1567831198 5
1583240062 73
1593335970 147
1703074003 13
1723374255 113
1755211868 77
1780965381 144
1817977319 18
1832923198 46
1836837436 90
1854296563 93
1880656059 136
1902819574 177
1957456795 150
1965817051 52
1966862849 80
1967912122 126
1987706045 68
1991912470 153
2023365118 9
2034853916 78
2040735391 29
2054922385 125
2070794468 48
2071342302 168
2088744826 27
2115991866 25
2137655290 32
2191007551 165
2245017434 109
2273076216 30
2302936662 49
2321067875 47
2337471812 134
2338681792 24
2352408356 40
2386566304 142
2420023489 164
2455595861 21
2493197103 130
2523580740 84
2533558194 149
2563637387 26
2564901090 42
2590626395 2
2612076060 176
2618357298 19
2654090424 12
2675243293 70
2677761041 110
2680647675 45
2689742369 61
2736746253 157
2739454820 131
2751470307 173
2752981434 137
2759781031 4
2819042102 54
2820570352 123
2877103839 108
2878053286 107
2931281920 138
2946051437 95
2947818890 59
2975899179 97
2979186596 11
3052336121 114
3134364972 99
3159294203 145
3197165266 151
3210776703 58
3236016622 56
3252655057 154
3279979113 146
3305405241 81
3310504013 169
3311786556 87
3326957411 23
3332444146 155
3345103274 91
3346435016 104
3369397036 135
3415828832 158
3419165889 94
3421043283 96
3453834671 36
3475802041 115
3576346154 162
3611753873 82
3637528652 16
3644108658 92
3650994493 51
3682404586 112
3705166655 22
3794242346 31
3813827420 103
3825964894 179
3834047911 171
3846291404 100
3863463209 74
3880856117 88
3896729982 102
3897441493 17
3930536579 53
3954570302 20
3978014586 161
3985338750 120
4012176614 148
4020817277 133
4025582691 37
4028575057 75
4084769632 6
4106514720 83
4120563849 98
4136759817 170
4162517235 156
4168711638 163
4173604952 167
4231238145 127
4269563040 172
4277558944 69
