1800764 126
87484882 121
97068523 25
125896844 33
132851176 92
158100332 153
197722022 160
212966424 152
268465553 125
277378561 97
346763723 81
347327944 112
386235461 46
391851701 75
409984302 67
435153685 82
442087175 127
465915581 131
482554758 63
582418999 76
646992379 175
677338192 123
680353138 111
715741596 6
723386437 39
725606561 14
755509855 83
777434108 41
789663515 19
795357209 12
833957915 29
849924382 26
882923786 166
905458755 2
934031291 106
984515489 57
1029684725 159
1039775941 109
1102138352 163
1119750476 142
1145535496 132
1163785346 172
1165500044 167
1171145260 32
1187002154 72
1199928407 42
1303866932 3
1315240339 60
1324646409 0
1404395783 55
1411244463 38
1423943361 144
1433784421 135
1481700130 79
1506500056 11
1540789971 122
1565581772 102
1583240062 137
1593335970 143
1648888063 18
1703074003 120
1723374255 52
1755211868 114
1780965381 145
1817977319 40
1832923198 9
1836837436 54
1854296563 133
1880656059 151
1902819574 178
1957456795 94
1965817051 4
1967912122 59
1979915395 16
1987706045 116
1991912470 161
2034853916 130
2040735391 96
2054922385 70
2070794468 129
2071342302 168
2088744826 45
2180276089 34
2191007551 108
2245017434 150
2302936662 77
2321067875 78
2335376072 24
2337471812 148
2352408356 65
2386566304 156
2420023489 136
2493197103 89
2523580740 98
2533558194 154
2563637387 66
2564901090 7
2590626395 113
2612076060 177
2623420502 53
2663355169 84
2675243293 68
2677761041 31
2680647675 128
2689742369 30
2714344193 104
2736746253 162
2739454820 138
2751470307 173
2752981434 88
2759781031 27
2819042102 35
2820570352 61
2877103839 85
2878053286 58
2881898293 80
2931281920 157
2940397723 48
2946051437 100
2947745968 44
2947818890 17
2975899179 50
2976264608 43
3052336121 155
3109774447 28
3118895249 107
3134364972 64
3159294203 86
3197165266 105
3210776703 15
3224180642 71
3236016622 21
3252655057 91
3279979113 134
3310504013 174
3311786556 22
3326957411 115
3332444146 93
3345103274 49
3346435016 62
3369397036 141
3415828832 149
3419165889 90
3421043283 20
3439938365 37
3475802041 146
3576346154 99
3576952995 10
3611753873 5
3637528652 8
3640665415 95
3644108658 147
3650994493 118
3682404586 23
3705166655 36
3794242346 103
3813827420 73
3825964894 179
3834047911 176
3846291404 124
3863463209 101
3880856117 56
3896729982 69
3897441493 47
3934144507 87
3954570302 110
3978014586 139
3985338750 74
4012176614 169
4020817277 140
4074327253 1
4106514720 51
4120563849 119
4136759817 171
4162517235 170
4168711638 117
4173604952 165
4231238145 158
4269563040 164
4277558944 13
