1800764 94
87484882 96
125896844 84
132851176 59
158100332 154
197722022 153
212966424 133
268465553 95
277378561 81
346763723 93
347327944 85
386235461 19
391851701 40
409984302 31
435153685 102
442087175 123
456854657 3
465915581 101
482554758 74
521460429 27
582418999 117
600757238 52
646992379 175
677338192 90
680353138 119
723386437 110
755509855 136
777434108 10
833957915 25
882923786 165
934031291 73
984515489 113
1029684725 148
1039775941 135
1061459597 178
1061673189 34
1102138352 163
1119750476 134
1145535496 109
1163785346 174
1165500044 161
1171145260 6
1187002154 42
1199928407 41
1302911819 44
1315240339 28
1324646409 0
1353077104 47
1399969279 17
1404395783 115
1411244463 12
1423943361 125
1433784421 107
1462563128 1
1473496205 30
1481700130 45
1490182304 29
1497564029 11
1506500056 5
1540789971 149
1565581772 66
1583240062 111
1593335970 144
1703074003 88
1723374255 103
1755211868 89
1780965381 140
1817977319 16
1832923198 13
1836837436 61
1854296563 112
1880656059 137
1902819574 177
1957456795 142
1965817051 14
1966862849 53
1967912122 121
1987706045 87
1991912470 160
2034853916 105
2040735391 64
2054922385 118
2070794468 100
2071342302 168
2088744826 21
2180276089 2
2191007551 159
2245017434 126
2302936662 50
2321067875 51
2337471812 132
2352408356 39
2386566304 150
2420023489 157
2493197103 122
2523580740 79
2533558194 152
2563637387 36
2564901090 7
2590626395 75
2612076060 176
2623420502 32
2663355169 56
2675243293 54
2677761041 97
2680647675 99
2689742369 33
2714344193 69
2736746253 162
2739454820 128
2751470307 172
2752981434 127
2819042102 35
2820570352 116
2877103839 98
2878053286 91
2881898293 49
2931281920 147
2940397723 23
2946051437 92
2947745968 4
2947818890 24
2975899179 65
2976264608 8
3052336121 130
3118895249 71
3134364972 70
3159294203 138
3197165266 143
3210776703 20
3224180642 37
3236016622 26
3252655057 145
3279979113 141
3305405241 46
3310504013 171
3311786556 55
3326957411 78
3332444146 146
3345103274 63
3346435016 80
3369397036 131
3415828832 151
3419165889 83
3421043283 62
3439938365 22
3475802041 124
3576346154 158
3611753873 48
3640665415 68
3644108658 120
3650994493 86
3682404586 108
3705166655 15
3794242346 67
3813827420 82
3825964894 179
3834047911 173
3846291404 106
3863463209 77
3880856117 60
3896729982 76
3897441493 18
3930536579 9
3934144507 58
3954570302 72
3978014586 155
3985338750 114
4012176614 164
4020817277 129
4028575057 43
4106514720 57
4120563849 104
4136759817 170
4162517235 167
4168711638 156
4173604952 166
4231238145 139
4269563040 169
4277558944 38
