87484882 73
125896844 109
132851176 11
143419484 19
158100332 150
197722022 117
212966424 122
277378561 78
346763723 106
347327944 67
366165566 26
391851701 3
435153685 112
442087175 118
456854657 55
465915581 38
480126874 47
482554758 101
521460429 69
582418999 129
600757238 94
646992379 174
677338192 29
680353138 121
723386437 120
755509855 153
833957915 44
882923786 160
934031291 43
972543760 20
976519997 42
984515489 124
1029684725 126
1039775941 148
1061459597 177
1061673189 76
1102138352 152
1119750476 139
1145535496 81
1163785346 175
1165500044 138
1171145260 6
1199928407 64
1302911819 80
1324646409 0
1353077104 86
1399969279 61
1402099477 46
1404395783 125
1423943361 114
1433784421 59
1462563128 57
1473496205 72
1490182304 70
1497564029 62
1506500056 40
1540789971 163
1567831198 23
1583240062 65
1593335970 149
1721069724 10
1723374255 115
1755211868 75
1780965381 143
1817977319 9
1832923198 49
1836837436 96
1854296563 87
1880656059 134
1902819574 178
1957456795 156
1965817051 53
1966862849 90
1967912122 136
1987706045 63
1991912470 144
2023365118 27
2034853916 71
2040735391 14
2054922385 132
2070794468 34
2071342302 165
2088744826 21
2115991866 33
2137655290 37
2191007551 170
2245017434 104
2273076216 31
2302936662 41
2321067875 39
2337471812 127
2338681792 25
2352408356 35
2386566304 140
2420023489 166
2455595861 30
2493197103 133
2523580740 77
2533558194 146
2563637387 18
2564901090 45
2612076060 176
2616533013 7
2618357298 28
2654090424 24
2675243293 66
2677761041 113
2680647675 32
2689742369 58
2736746253 147
2739454820 130
2751470307 172
2752981434 141
2759781031 2
2819042102 51
2820570352 128
2877103839 107
2878053286 110
2931281920 137
2946051437 91
2947818890 54
2975899179 99
2979186596 16
3052336121 108
3134364972 98
3159294203 155
3197165266 157
3210776703 56
3236016622 52
3252655057 158
3279979113 151
3305405241 85
3310504013 162
3311786556 88
3326957411 5
3332444146 159
3345103274 97
3346435016 105
3369397036 135
3415828832 154
3419165889 93
3421043283 100
3453834671 50
3475802041 111
3570828790 1
3576346154 169
3611753873 84
3637528652 13
3644108658 83
3650994493 36
3682404586 116
3705166655 15
3794242346 22
3813827420 103
3825964894 179
3834047911 171
3846291404 95
3863463209 68
3880856117 92
3896729982 102
3897441493 8
3930536579 60
3954570302 4
3978014586 161
3985338750 123
4012176614 142
4020817277 131
4025582691 48
4028575057 82
4071585141 12
4084769632 17
4106514720 79
4120563849 89
4136759817 168
4162517235 145
4168711638 167
4173604952 164
4231238145 119
4269563040 173
4277558944 74
