1800764 111
87484882 112
97068523 13
125896844 56
132851176 79
158100332 155
197722022 160
212966424 152
268465553 110
277378561 95
346763723 81
347327944 102
386235461 37
391851701 57
409984302 47
435153685 88
442087175 131
465915581 120
482554758 67
582418999 92
600757238 20
646992379 175
677338192 108
680353138 115
723386437 70
755509855 113
777434108 29
789663515 8
795357209 2
833957915 28
849924382 14
882923786 166
934031291 96
984515489 77
1029684725 159
1039775941 128
1102138352 164
1119750476 143
1145535496 122
1163785346 174
1165500044 163
1171145260 27
1187002154 52
1199928407 46
1315240339 45
1324646409 0
1353077104 5
1399969279 4
1404395783 76
1411244463 34
1423943361 137
1433784421 125
1481700130 64
1506500056 11
1540789971 134
1565581772 86
1583240062 129
1593335970 146
1648888063 6
1703074003 107
1723374255 71
1755211868 103
1780965381 145
1817977319 36
1832923198 12
1836837436 55
1854296563 124
1880656059 150
1902819574 178
1957456795 126
1965817051 7
1966862849 3
1967912122 80
1979915395 10
1987706045 104
1991912470 161
2034853916 121
2040735391 84
2054922385 85
2070794468 119
2071342302 167
2088744826 39
2180276089 26
2191007551 133
2245017434 144
2302936662 62
2321067875 63
2335376072 16
2337471812 148
2352408356 49
2386566304 157
2420023489 147
2493197103 106
2523580740 97
2533558194 154
2563637387 48
2564901090 9
2590626395 99
2612076060 177
2623420502 43
2663355169 73
2675243293 61
2677761041 60
2680647675 117
2689742369 35
2714344193 90
2736746253 162
2739454820 139
2751470307 173
2752981434 109
2759781031 22
2819042102 42
2820570352 78
2877103839 87
2878053286 69
2881898293 66
2931281920 158
2940397723 38
2946051437 100
2947745968 33
2947818890 23
2975899179 54
2976264608 32
3052336121 151
3109774447 18
3118895249 93
3134364972 65
3159294203 116
3197165266 130
3210776703 19
3224180642 51
3236016622 25
3252655057 123
3279979113 142
3305405241 17
3310504013 172
3311786556 41
3326957411 101
3332444146 127
3345103274 53
3346435016 68
3369397036 141
3415828832 153
3419165889 91
3421043283 44
3439938365 31
3475802041 138
3576346154 132
3611753873 24
3637528652 1
3640665415 83
3644108658 135
3650994493 105
3682404586 58
3705166655 30
3794242346 89
3813827420 74
3825964894 179
3834047911 176
3846291404 118
3863463209 94
3880856117 59
3896729982 72
3897441493 40
3934144507 75
3954570302 98
3978014586 149
3985338750 82
4012176614 169
4020817277 140
4028575057 15
4106514720 50
4120563849 114
4136759817 171
4162517235 170
4168711638 136
4173604952 165
4231238145 156
4269563040 168
4277558944 21
