1800764 133
87484882 103
97068523 36
125896844 52
132851176 86
158100332 155
197722022 160
212966424 151
268465553 135
277378561 80
346763723 71
347327944 93
386235461 64
391851701 56
409984302 49
435153685 75
442087175 116
465915581 121
482554758 54
582418999 88
600757238 19
646992379 175
677338192 112
680353138 100
715741596 29
723386437 69
725606561 1
755509855 117
777434108 50
789663515 38
833957915 18
849924382 33
882923786 166
905458755 20
934031291 90
984515489 72
1029684725 159
1039775941 122
1102138352 163
1119750476 137
1145535496 113
1163785346 174
1165500044 164
1171145260 21
1187002154 85
1199928407 35
1302911819 7
1315240339 63
1324646409 0
1353077104 10
1404395783 74
1411244463 28
1423943361 130
1433784421 124
1481700130 77
1506500056 2
1540789971 139
1565581772 96
1583240062 125
1593335970 146
1648888063 27
1703074003 123
1723374255 68
1755211868 95
1780965381 142
1817977319 30
1832923198 3
1836837436 44
1854296563 115
1880656059 148
1902819574 178
1957456795 126
1966862849 16
1967912122 89
1979915395 5
1987706045 98
1991912470 161
2034853916 114
2040735391 91
2054922385 87
2070794468 120
2071342302 167
2088744826 32
2180276089 26
2191007551 147
2245017434 144
2302936662 53
2321067875 55
2335376072 8
2337471812 145
2352408356 41
2386566304 157
2420023489 150
2493197103 97
2523580740 82
2533558194 154
2563637387 42
2590626395 111
2612076060 177
2623420502 70
2663355169 94
2675243293 47
2677761041 60
2680647675 118
2689742369 22
2714344193 101
2736746253 162
2739454820 132
2751470307 172
2752981434 107
2759781031 14
2819042102 25
2820570352 81
2877103839 73
2878053286 61
2881898293 79
2931281920 158
2940397723 65
2946051437 84
2947745968 39
2947818890 9
2975899179 45
2976264608 48
3052336121 153
3109774447 23
3118895249 109
3134364972 51
3159294203 119
3197165266 127
3210776703 6
3224180642 57
3236016622 13
3252655057 128
3279979113 138
3305405241 15
3310504013 173
3311786556 31
3326957411 110
3332444146 129
3345103274 43
3346435016 58
3369397036 136
3415828832 152
3419165889 76
3421043283 37
3439938365 66
3475802041 131
3576346154 143
3576952995 4
3611753873 17
3640665415 108
3644108658 140
3650994493 106
3682404586 67
3705166655 24
3794242346 92
3813827420 62
3825964894 179
3834047911 176
3846291404 104
3863463209 83
3880856117 46
3896729982 59
3897441493 34
3934144507 105
3954570302 102
3978014586 149
3985338750 78
4012176614 169
4020817277 134
4028575057 12
4106514720 40
4120563849 99
4136759817 171
4162517235 170
4168711638 141
4173604952 165
4231238145 156
4269563040 168
4277558944 11
