1800764 121
87484882 91
97068523 26
125896844 72
132851176 68
158100332 151
197722022 158
212966424 136
268465553 123
277378561 70
346763723 78
347327944 80
386235461 56
391851701 43
409984302 36
435153685 85
442087175 120
456854657 7
465915581 111
482554758 59
521460429 24
582418999 115
600757238 48
646992379 176
677338192 98
680353138 112
715741596 23
723386437 102
755509855 141
777434108 41
789663515 30
833957915 12
849924382 18
882923786 166
905458755 11
934031291 75
984515489 105
1029684725 153
1039775941 135
1061673189 27
1102138352 164
1119750476 133
1145535496 104
1163785346 174
1165500044 163
1171145260 2
1187002154 79
1199928407 29
1302911819 46
1315240339 53
1324646409 0
1353077104 38
1399969279 1
1404395783 107
1411244463 13
1423943361 126
1433784421 114
1473496205 25
1481700130 62
1490182304 21
1497564029 8
1540789971 149
1565581772 83
1583240062 116
1593335970 140
1648888063 14
1703074003 113
1723374255 89
1755211868 82
1780965381 138
1817977319 15
1836837436 50
1854296563 106
1880656059 137
1902819574 178
1957456795 145
1966862849 52
1967912122 122
1987706045 86
1991912470 160
2034853916 103
2040735391 74
2054922385 117
2070794468 110
2071342302 167
2088744826 16
2180276089 6
2191007551 161
2245017434 127
2302936662 45
2321067875 47
2337471812 132
2352408356 32
2386566304 148
2420023489 156
2493197103 119
2523580740 71
2533558194 150
2563637387 31
2590626395 99
2612076060 177
2623420502 63
2663355169 84
2675243293 42
2677761041 87
2680647675 109
2689742369 19
2714344193 90
2736746253 162
2739454820 128
2751470307 173
2752981434 129
2819042102 20
2820570352 118
2877103839 81
2878053286 73
2881898293 66
2931281920 146
2940397723 58
2946051437 77
2947745968 28
2947818890 5
2975899179 55
2976264608 37
3052336121 134
3109774447 4
3118895249 97
3134364972 57
3159294203 143
3197165266 144
3210776703 3
3224180642 44
3236016622 10
3252655057 155
3279979113 139
3305405241 35
3310504013 172
3311786556 39
3326957411 95
3332444146 154
3345103274 51
3346435016 64
3369397036 131
3415828832 147
3419165889 67
3421043283 54
3439938365 60
3475802041 124
3576346154 159
3611753873 34
3640665415 96
3644108658 125
3650994493 92
3682404586 108
3705166655 9
3794242346 76
3813827420 65
3825964894 179
3834047911 175
3846291404 94
3863463209 69
3880856117 49
3896729982 61
3897441493 17
3934144507 100
3954570302 88
3978014586 152
3985338750 101
4012176614 168
4020817277 130
4028575057 33
4106514720 40
4120563849 93
4136759817 171
4162517235 169
4168711638 157
4173604952 165
4231238145 142
4269563040 170
4277558944 22
