87484882 70
125896844 110
132851176 16
143419484 21
158100332 148
197722022 116
212966424 120
277378561 77
346763723 106
347327944 67
366165566 26
391851701 1
435153685 112
442087175 117
456854657 62
465915581 42
480126874 50
482554758 101
521460429 73
582418999 131
600757238 95
646992379 174
677338192 27
680353138 119
723386437 123
755509855 154
833957915 40
882923786 156
934031291 43
972543760 18
976519997 45
984515489 125
1029684725 124
1039775941 152
1061459597 177
1061673189 78
1102138352 150
1119750476 139
1145535496 80
1163785346 176
1165500044 137
1171145260 2
1199928407 63
1302911819 85
1324646409 0
1353077104 90
1399969279 59
1402099477 48
1404395783 126
1423943361 113
1433784421 57
1462563128 60
1473496205 76
1490182304 74
1497564029 64
1506500056 38
1540789971 163
1567831198 24
1583240062 66
1593335970 149
1703074003 3
1721069724 11
1723374255 115
1755211868 71
1780965381 143
1817977319 7
1832923198 46
1836837436 94
1854296563 83
1880656059 130
1902819574 178
1957456795 157
1965817051 52
1966862849 97
1967912122 138
1987706045 61
1991912470 144
2023365118 30
2034853916 69
2040735391 19
2054922385 135
2070794468 33
2071342302 162
2088744826 20
2115991866 41
2137655290 37
2191007551 171
2245017434 104
2273076216 28
2302936662 39
2321067875 36
2337471812 127
2338681792 25
2352408356 29
2386566304 140
2420023489 166
2455595861 34
2493197103 133
2523580740 75
2533558194 146
2563637387 14
2564901090 44
2612076060 175
2616533013 5
2618357298 31
2654090424 23
2675243293 65
2677761041 114
2680647675 32
2689742369 56
2736746253 147
2739454820 128
2751470307 172
2752981434 142
2819042102 47
2820570352 134
2877103839 107
2878053286 109
2931281920 136
2946051437 88
2947818890 53
2975899179 99
2979186596 13
3052336121 108
3134364972 98
3159294203 155
3197165266 158
3210776703 55
3236016622 51
3252655057 164
3279979113 151
3305405241 86
3310504013 160
3311786556 92
3326957411 10
3332444146 165
3345103274 96
3346435016 105
3369397036 132
3415828832 153
3419165889 89
3421043283 100
3453834671 54
3475802041 111
3570828790 4
3576346154 169
3611753873 84
3637528652 9
3644108658 81
3650994493 35
3682404586 121
3705166655 12
3794242346 22
3813827420 103
3825964894 179
3834047911 170
3846291404 93
3863463209 68
3880856117 91
3896729982 102
3897441493 6
3930536579 58
3954570302 8
3978014586 161
3985338750 122
4012176614 141
4020817277 129
4025582691 49
4028575057 82
4071585141 17
4084769632 15
4106514720 79
4120563849 87
4136759817 167
4162517235 145
4168711638 168
4173604952 159
4231238145 118
4269563040 173
4277558944 72
