1800764 120
87484882 106
97068523 21
125896844 61
132851176 75
158100332 156
197722022 160
212966424 150
268465553 121
277378561 83
346763723 76
347327944 94
386235461 46
391851701 54
409984302 44
435153685 82
442087175 124
465915581 118
482554758 62
582418999 100
600757238 29
646992379 175
677338192 108
680353138 111
715741596 8
723386437 73
755509855 125
777434108 40
789663515 22
833957915 26
849924382 17
882923786 166
934031291 88
984515489 79
1029684725 159
1039775941 127
1061673189 4
1102138352 164
1119750476 139
1145535496 116
1163785346 174
1165500044 163
1171145260 20
1187002154 67
1199928407 39
1302911819 9
1315240339 49
1324646409 0
1353077104 15
1404395783 80
1411244463 30
1423943361 129
1433784421 122
1481700130 66
1506500056 3
1540789971 141
1565581772 90
1583240062 123
1593335970 146
1648888063 11
1703074003 112
1723374255 72
1755211868 99
1780965381 144
1817977319 32
1832923198 6
1836837436 53
1854296563 119
1880656059 148
1902819574 178
1957456795 128
1965817051 5
1966862849 23
1967912122 98
1979915395 1
1987706045 102
1991912470 161
2034853916 114
2040735391 81
2054922385 96
2070794468 115
2071342302 167
2088744826 33
2180276089 25
2191007551 147
2245017434 138
2302936662 58
2321067875 59
2335376072 7
2337471812 143
2352408356 43
2386566304 158
2420023489 152
2493197103 109
2523580740 85
2533558194 155
2563637387 41
2564901090 2
2590626395 103
2612076060 177
2623420502 57
2663355169 74
2675243293 52
2677761041 65
2680647675 113
2689742369 31
2714344193 93
2736746253 162
2739454820 135
2751470307 173
2752981434 117
2759781031 12
2819042102 34
2820570352 92
2877103839 78
2878053286 68
2881898293 70
2931281920 157
2940397723 47
2946051437 91
2947745968 36
2947818890 14
2975899179 56
2976264608 38
3052336121 149
3109774447 13
3118895249 101
3134364972 60
3159294203 126
3197165266 133
3210776703 10
3224180642 50
3236016622 16
3252655057 131
3279979113 140
3305405241 24
3310504013 172
3311786556 37
3326957411 104
3332444146 134
3345103274 51
3346435016 63
3369397036 137
3415828832 153
3419165889 77
3421043283 42
3439938365 48
3475802041 130
3576346154 142
3611753873 28
3640665415 95
3644108658 132
3650994493 105
3682404586 71
3705166655 27
3794242346 86
3813827420 69
3825964894 179
3834047911 176
3846291404 110
3863463209 84
3880856117 55
3896729982 64
3897441493 35
3934144507 87
3954570302 97
3978014586 151
3985338750 89
4012176614 168
4020817277 136
4028575057 19
4106514720 45
4120563849 107
4136759817 171
4162517235 170
4168711638 145
4173604952 165
4231238145 154
4269563040 169
4277558944 18
