1800764 39
87484882 90
125896844 101
132851176 42
158100332 154
197722022 136
212966424 129
268465553 36
277378561 88
346763723 108
347327944 80
391851701 25
409984302 5
435153685 112
442087175 126
456854657 22
465915581 75
480126874 16
482554758 95
521460429 44
582418999 120
600757238 74
646992379 175
677338192 63
680353138 123
723386437 113
755509855 137
833957915 40
882923786 166
934031291 66
972543760 3
976519997 14
984515489 114
1029684725 139
1039775941 141
1061459597 178
1061673189 57
1102138352 164
1119750476 138
1145535496 100
1163785346 174
1165500044 153
1171145260 12
1199928407 62
1302911819 60
1324646409 0
1353077104 64
1399969279 43
1402099477 19
1404395783 115
1411244463 10
1423943361 125
1433784421 82
1462563128 26
1473496205 52
1481700130 4
1490182304 51
1497564029 30
1506500056 31
1540789971 152
1565581772 33
1583240062 92
1593335970 149
1703074003 47
1723374255 111
1755211868 87
1780965381 144
1817977319 17
1832923198 37
1836837436 83
1854296563 103
1880656059 135
1902819574 177
1957456795 143
1965817051 38
1966862849 67
1967912122 122
1979915395 2
1987706045 78
1991912470 161
2034853916 93
2040735391 48
2054922385 119
2070794468 73
2071342302 168
2088744826 24
2137655290 15
2191007551 160
2245017434 117
2273076216 8
2302936662 58
2321067875 59
2337471812 134
2338681792 6
2352408356 46
2386566304 150
2420023489 159
2493197103 127
2523580740 85
2533558194 151
2563637387 28
2564901090 32
2590626395 34
2612076060 176
2675243293 70
2677761041 106
2680647675 72
2689742369 56
2714344193 29
2736746253 163
2739454820 130
2751470307 172
2752981434 128
2759781031 9
2819042102 54
2820570352 118
2877103839 109
2878053286 105
2931281920 142
2946051437 96
2947818890 49
2975899179 89
2979186596 1
3052336121 124
3118895249 27
3134364972 91
3159294203 140
3197165266 146
3210776703 45
3224180642 11
3236016622 50
3252655057 145
3279979113 147
3305405241 68
3310504013 169
3311786556 77
3326957411 53
3332444146 148
3345103274 86
3346435016 99
3369397036 133
3415828832 155
3419165889 94
3421043283 84
3453834671 21
3475802041 121
3576346154 156
3611753873 71
3637528652 7
3640665415 13
3644108658 107
3650994493 69
3682404586 110
3705166655 20
3794242346 55
3813827420 98
3825964894 179
3834047911 173
3846291404 104
3863463209 79
3880856117 81
3896729982 97
3897441493 18
3930536579 35
3954570302 41
3978014586 158
3985338750 116
4012176614 162
4020817277 131
4025582691 23
4028575057 65
4106514720 76
4120563849 102
4136759817 170
4162517235 165
4168711638 157
4173604952 167
4231238145 132
4269563040 171
4277558944 61
