1800764 27
87484882 85
125896844 105
132851176 35
158100332 153
197722022 132
212966424 128
268465553 20
277378561 86
346763723 107
347327944 80
391851701 19
435153685 110
442087175 125
456854657 33
465915581 68
480126874 28
482554758 97
521460429 55
582418999 123
600757238 78
646992379 174
677338192 59
680353138 122
723386437 114
755509855 140
833957915 44
882923786 166
934031291 62
972543760 4
976519997 25
984515489 115
1029684725 137
1039775941 141
1061459597 178
1061673189 60
1102138352 163
1119750476 138
1145535496 96
1163785346 175
1165500044 147
1171145260 12
1199928407 65
1302911819 67
1324646409 0
1353077104 71
1399969279 49
1402099477 29
1404395783 116
1411244463 7
1423943361 120
1433784421 76
1462563128 37
1473496205 58
1490182304 57
1497564029 41
1506500056 38
1540789971 155
1565581772 26
1583240062 84
1593335970 148
1703074003 34
1723374255 112
1755211868 82
1780965381 143
1817977319 14
1832923198 43
1836837436 89
1854296563 99
1880656059 136
1902819574 177
1957456795 146
1965817051 47
1966862849 73
1967912122 126
1987706045 75
1991912470 156
2034853916 87
2040735391 39
2054922385 124
2070794468 64
2071342302 168
2088744826 21
2115991866 10
2137655290 23
2191007551 165
2245017434 113
2273076216 15
2302936662 54
2321067875 53
2337471812 133
2338681792 11
2352408356 45
2386566304 144
2420023489 162
2455595861 6
2493197103 127
2523580740 83
2533558194 152
2563637387 24
2564901090 40
2590626395 22
2612076060 176
2618357298 3
2675243293 69
2677761041 109
2680647675 63
2689742369 56
2714344193 16
2736746253 159
2739454820 130
2751470307 172
2752981434 135
2759781031 8
2819042102 52
2820570352 121
2877103839 108
2878053286 106
2931281920 139
2946051437 95
2947818890 50
2975899179 92
2979186596 2
3052336121 119
3118895249 13
3134364972 93
3159294203 142
3197165266 149
3210776703 48
3224180642 5
3236016622 51
3252655057 150
3279979113 145
3305405241 72
3310504013 169
3311786556 81
3326957411 36
3332444146 151
3345103274 90
3346435016 104
3369397036 134
3415828832 154
3419165889 94
3421043283 91
3453834671 30
3475802041 118
3576346154 161
3611753873 74
3637528652 9
3640665415 1
3644108658 102
3650994493 61
3682404586 111
3705166655 18
3794242346 42
3813827420 103
3825964894 179
3834047911 173
3846291404 101
3863463209 79
3880856117 88
3896729982 100
3897441493 17
3930536579 46
3954570302 32
3978014586 158
3985338750 117
4012176614 157
4020817277 131
4025582691 31
4028575057 70
4106514720 77
4120563849 98
4136759817 170
4162517235 164
4168711638 160
4173604952 167
4231238145 129
4269563040 171
4277558944 66
