1800764 55
87484882 111
125896844 75
132851176 66
158100332 159
197722022 156
212966424 147
268465553 54
277378561 103
346763723 110
347327944 101
391851701 50
409984302 27
435153685 113
442087175 134
465915581 96
482554758 88
521460429 2
582418999 109
600757238 35
646992379 176
677338192 82
680353138 129
723386437 81
725606561 7
755509855 117
795357209 16
833957915 52
882923786 167
934031291 83
972543760 8
984515489 93
1029684725 155
1039775941 133
1061673189 17
1102138352 164
1119750476 145
1145535496 120
1163785346 175
1165500044 161
1171145260 31
1199928407 68
1302911819 5
1303866932 3
1324646409 0
1353077104 24
1399969279 28
1404395783 92
1411244463 30
1423943361 137
1433784421 107
1473496205 9
1481700130 25
1490182304 12
1506500056 33
1540789971 139
1565581772 59
1583240062 116
1593335970 150
1703074003 62
1723374255 86
1755211868 106
1780965381 148
1817977319 40
1832923198 37
1836837436 78
1854296563 123
1880656059 151
1902819574 178
1957456795 128
1965817051 34
1966862849 15
1967912122 94
1979915395 20
1987706045 100
1991912470 162
2034853916 115
2040735391 69
2054922385 104
2070794468 89
2071342302 169
2088744826 44
2137655290 6
2180276089 22
2191007551 132
2245017434 135
2302936662 71
2321067875 72
2335376072 19
2337471812 146
2338681792 13
2352408356 61
2386566304 160
2420023489 149
2493197103 124
2523580740 102
2533558194 158
2563637387 53
2564901090 32
2590626395 56
2612076060 177
2663355169 14
2675243293 76
2677761041 73
2680647675 87
2689742369 57
2714344193 49
2736746253 163
2739454820 141
2751470307 173
2752981434 122
2759781031 26
2819042102 58
2820570352 97
2877103839 112
2878053286 90
2881898293 18
2931281920 157
2946051437 114
2947745968 11
2947818890 47
2975899179 79
2979186596 10
3052336121 140
3118895249 45
3134364972 84
3159294203 119
3197165266 131
3210776703 43
3224180642 38
3236016622 51
3252655057 125
3279979113 144
3305405241 39
3310504013 172
3311786556 60
3326957411 67
3332444146 127
3345103274 77
3346435016 91
3369397036 143
3415828832 154
3419165889 108
3421043283 64
3475802041 136
3576346154 130
3611753873 46
3637528652 23
3640665415 29
3644108658 126
3650994493 85
3682404586 65
3705166655 41
3794242346 70
3813827420 98
3825964894 179
3834047911 174
3846291404 121
3863463209 99
3880856117 80
3896729982 95
3897441493 42
3930536579 21
3934144507 4
3954570302 63
3978014586 152
3985338750 105
4012176614 165
4020817277 142
4025582691 1
4028575057 36
4106514720 74
4120563849 118
4136759817 171
4162517235 166
4168711638 138
4173604952 168
4231238145 153
4269563040 170
4277558944 48
