1800764 48
87484882 91
125896844 97
132851176 50
158100332 157
197722022 141
212966424 132
268465553 44
277378561 88
346763723 108
347327944 84
391851701 27
409984302 8
435153685 113
442087175 126
456854657 12
465915581 77
480126874 9
482554758 92
521460429 34
582418999 120
600757238 68
646992379 175
677338192 69
680353138 122
723386437 112
755509855 131
833957915 40
882923786 166
934031291 71
976519997 11
984515489 115
1029684725 143
1039775941 137
1061459597 178
1061673189 47
1102138352 164
1119750476 139
1145535496 103
1163785346 174
1165500044 160
1171145260 17
1199928407 65
1302911819 52
1324646409 0
1353077104 62
1399969279 39
1402099477 16
1404395783 114
1411244463 15
1423943361 125
1433784421 87
1462563128 20
1473496205 38
1481700130 7
1490182304 37
1497564029 23
1506500056 28
1540789971 150
1565581772 41
1583240062 93
1593335970 149
1703074003 56
1723374255 110
1755211868 90
1780965381 146
1817977319 21
1832923198 35
1836837436 81
1854296563 107
1880656059 138
1902819574 177
1957456795 140
1965817051 36
1966862849 63
1967912122 118
1979915395 2
1987706045 80
1991912470 161
2034853916 94
2040735391 54
2054922385 119
2070794468 76
2071342302 168
2088744826 26
2137655290 13
2180276089 1
2191007551 155
2245017434 121
2273076216 5
2302936662 60
2321067875 61
2337471812 134
2338681792 4
2352408356 49
2386566304 152
2420023489 159
2493197103 124
2523580740 86
2533558194 154
2563637387 29
2564901090 30
2590626395 43
2612076060 176
2675243293 70
2677761041 101
2680647675 74
2689742369 55
2714344193 33
2736746253 162
2739454820 129
2751470307 172
2752981434 128
2759781031 10
2819042102 53
2820570352 117
2877103839 109
2878053286 102
2881898293 3
2931281920 148
2946051437 99
2947818890 45
2975899179 85
3052336121 127
3118895249 32
3134364972 89
3159294203 135
3197165266 145
3210776703 42
3224180642 19
3236016622 46
3252655057 142
3279979113 147
3305405241 66
3310504013 169
3311786556 73
3326957411 57
3332444146 144
3345103274 82
3346435016 98
3369397036 133
3415828832 156
3419165889 96
3421043283 78
3453834671 14
3475802041 123
3576346154 151
3611753873 67
3637528652 6
3640665415 24
3644108658 111
3650994493 72
3682404586 105
3705166655 25
3794242346 58
3813827420 100
3825964894 179
3834047911 173
3846291404 106
3863463209 83
3880856117 79
3896729982 95
3897441493 22
3930536579 31
3954570302 51
3978014586 158
3985338750 116
4012176614 163
4020817277 130
4025582691 18
4028575057 64
4106514720 75
4120563849 104
4136759817 170
4162517235 165
4168711638 153
4173604952 167
4231238145 136
4269563040 171
4277558944 59
