1800764 14
87484882 78
125896844 106
132851176 27
143419484 2
158100332 149
197722022 127
212966424 123
268465553 9
277378561 82
346763723 105
347327944 71
366165566 18
391851701 12
435153685 110
442087175 122
456854657 46
465915581 61
480126874 37
482554758 101
521460429 63
582418999 126
600757238 87
646992379 174
677338192 45
680353138 120
723386437 117
755509855 144
833957915 40
882923786 164
934031291 57
972543760 7
976519997 33
984515489 119
1029684725 134
1039775941 143
1061459597 178
1061673189 70
1102138352 157
1119750476 138
1145535496 89
1163785346 175
1165500044 140
1171145260 4
1199928407 62
1302911819 74
1324646409 0
1353077104 83
1399969279 59
1402099477 36
1404395783 121
1423943361 116
1433784421 69
1462563128 47
1473496205 65
1490182304 64
1497564029 58
1506500056 34
1540789971 160
1565581772 17
1567831198 5
1583240062 73
1593335970 145
1703074003 22
1723374255 114
1755211868 75
1780965381 142
1817977319 10
1832923198 42
1836837436 90
1854296563 94
1880656059 136
1902819574 177
1957456795 155
1965817051 48
1966862849 85
1967912122 130
1987706045 68
1991912470 150
2023365118 21
2034853916 79
2040735391 29
2054922385 128
2070794468 56
2071342302 167
2088744826 19
2115991866 30
2137655290 32
2191007551 169
2245017434 109
2273076216 28
2302936662 44
2321067875 43
2337471812 132
2338681792 16
2352408356 35
2386566304 141
2420023489 162
2455595861 25
2493197103 129
2523580740 80
2533558194 148
2563637387 20
2564901090 38
2590626395 13
2612076060 176
2618357298 24
2654090424 8
2675243293 67
2677761041 111
2680647675 53
2689742369 60
2736746253 152
2739454820 131
2751470307 173
2752981434 139
2819042102 49
2820570352 125
2877103839 107
2878053286 108
2931281920 137
2946051437 93
2947818890 51
2975899179 97
2979186596 3
3052336121 112
3134364972 98
3159294203 151
3197165266 156
3210776703 52
3236016622 50
3252655057 158
3279979113 146
3305405241 84
3310504013 168
3311786556 86
3326957411 26
3332444146 159
3345103274 91
3346435016 104
3369397036 135
3415828832 154
3419165889 92
3421043283 100
3453834671 41
3475802041 113
3576346154 166
3611753873 81
3637528652 6
3644108658 95
3650994493 55
3682404586 115
3705166655 15
3794242346 31
3813827420 103
3825964894 179
3834047911 171
3846291404 99
3863463209 72
3880856117 88
3896729982 102
3897441493 11
3930536579 54
3954570302 23
3978014586 161
3985338750 118
4012176614 147
4020817277 133
4025582691 39
4028575057 77
4084769632 1
4106514720 76
4120563849 96
4136759817 170
4162517235 153
4168711638 163
4173604952 165
4231238145 124
4269563040 172
4277558944 66
