1800764 55
87484882 91
125896844 100
132851176 50
158100332 153
197722022 140
212966424 131
268465553 52
277378561 87
346763723 107
347327944 84
391851701 28
409984302 8
435153685 111
442087175 126
456854657 17
465915581 77
480126874 12
482554758 92
521460429 36
582418999 119
600757238 68
646992379 175
677338192 71
680353138 122
723386437 113
755509855 135
833957915 35
882923786 166
934031291 70
976519997 9
984515489 114
1029684725 141
1039775941 139
1061459597 178
1061673189 47
1102138352 164
1119750476 137
1145535496 103
1163785346 174
1165500044 158
1171145260 14
1199928407 62
1302911819 54
1324646409 0
1353077104 63
1399969279 34
1402099477 15
1404395783 115
1411244463 11
1423943361 125
1433784421 90
1462563128 23
1473496205 41
1481700130 13
1490182304 40
1497564029 25
1506500056 26
1540789971 151
1565581772 45
1583240062 96
1593335970 149
1703074003 61
1723374255 110
1755211868 89
1780965381 143
1817977319 20
1832923198 32
1836837436 80
1854296563 106
1880656059 136
1902819574 177
1957456795 142
1965817051 33
1966862849 65
1967912122 121
1987706045 81
1991912470 161
2034853916 95
2040735391 53
2054922385 118
2070794468 76
2071342302 168
2088744826 24
2137655290 10
2191007551 160
2245017434 120
2273076216 2
2302936662 56
2321067875 57
2337471812 133
2338681792 1
2352408356 44
2386566304 150
2420023489 159
2493197103 124
2523580740 86
2533558194 152
2563637387 30
2564901090 29
2590626395 48
2612076060 176
2663355169 5
2675243293 69
2677761041 104
2680647675 75
2689742369 49
2714344193 38
2736746253 162
2739454820 129
2751470307 172
2752981434 128
2759781031 7
2819042102 46
2820570352 117
2877103839 108
2878053286 101
2881898293 6
2931281920 146
2946051437 97
2947818890 42
2975899179 85
3052336121 127
3118895249 37
3134364972 88
3159294203 138
3197165266 144
3210776703 39
3224180642 19
3236016622 43
3252655057 145
3279979113 148
3305405241 66
3310504013 169
3311786556 73
3326957411 59
3332444146 147
3345103274 83
3346435016 98
3369397036 132
3415828832 154
3419165889 93
3421043283 79
3453834671 16
3475802041 123
3576346154 155
3611753873 67
3637528652 3
3640665415 27
3644108658 112
3650994493 74
3682404586 109
3705166655 22
3794242346 60
3813827420 99
3825964894 179
3834047911 173
3846291404 105
3863463209 82
3880856117 78
3896729982 94
3897441493 21
3930536579 31
3934144507 4
3954570302 51
3978014586 157
3985338750 116
4012176614 163
4020817277 130
4025582691 18
4028575057 64
4106514720 72
4120563849 102
4136759817 170
4162517235 165
4168711638 156
4173604952 167
4231238145 134
4269563040 171
4277558944 58
