1800764 157
87484882 126
97068523 81
132851176 121
158100332 133
197722022 170
203833072 2
212966424 150
268465553 158
277378561 101
346763723 63
347327944 110
386235461 97
391851701 91
409984302 90
435153685 62
442087175 104
465915581 148
482554758 37
548834259 11
582418999 26
646992379 175
677338192 144
680353138 85
715741596 72
725606561 43
755509855 28
777434108 89
789663515 80
795357209 24
833957915 35
849924382 79
882923786 167
905458755 64
934031291 120
960241349 7
984515489 10
1029684725 162
1039775941 69
1102138352 168
1119750476 108
1145535496 131
1163785346 169
1165500044 171
1171145260 59
1187002154 111
1199928407 46
1303866932 18
1315240339 100
1324646409 0
1378626860 20
1404395783 6
1411244463 70
1423943361 128
1433784421 152
1481700130 109
1506500056 5
1540789971 78
1565581772 127
1583240062 151
1593335970 106
1648888063 76
1687077153 22
1703074003 153
1723374255 9
1755211868 112
1780965381 107
1817977319 67
1836837436 34
1854296563 130
1878223483 30
1880656059 139
1957456795 52
1967912122 3
1979915395 41
1987706045 123
1991912470 163
2034853916 141
2040735391 122
2054922385 17
2070794468 149
2071342302 165
2088744826 65
2180276089 73
2191007551 54
2245017434 154
2302936662 83
2321067875 86
2335376072 56
2337471812 132
2352408356 77
2386566304 146
2420023489 92
2493197103 60
2523580740 103
2533558194 138
2563637387 82
2590626395 145
2612076060 178
2623420502 102
2663355169 125
2675243293 66
2680647675 147
2689742369 27
2714344193 135
2727339584 16
2736746253 166
2739454820 114
2751470307 173
2752981434 51
2759781031 55
2819042102 45
2820570352 8
2877103839 68
2878053286 19
2881898293 116
2931281920 155
2939038785 38
2940397723 98
2946051437 94
2947745968 84
2947818890 13
2975899179 23
2976264608 88
3052336121 159
3109774447 75
3118895249 142
3134364972 47
3159294203 31
3162794093 29
3197165266 58
3210776703 4
3224180642 93
3236016622 15
3252655057 44
3255384253 21
3279979113 96
3310504013 177
3326957411 143
3332444146 48
3345103274 25
3346435016 33
3369397036 115
3415828832 118
3419165889 87
3439938365 95
3475802041 134
3516413806 1
3576346154 50
3576952995 57
3637528652 14
3640665415 140
3644108658 156
3650994493 136
3705166655 61
3794242346 124
3813827420 53
3825964894 179
3846291404 119
3863463209 105
3880856117 40
3896729982 49
3897441493 71
3934144507 129
3954570302 137
3978014586 99
3985338750 32
4012176614 174
4020817277 117
4074327253 36
4088869787 39
4106514720 42
4120563849 113
4123558703 12
4136759817 172
4162517235 176
4168711638 74
4173604952 164
4231238145 160
4269563040 161
