1800764 129
87484882 112
97068523 29
125896844 43
132851176 86
158100332 154
197722022 160
212966424 152
268465553 130
277378561 87
346763723 78
347327944 98
386235461 53
391851701 66
409984302 55
435153685 81
442087175 122
465915581 128
482554758 60
582418999 82
600757238 11
646992379 175
677338192 117
680353138 107
715741596 16
723386437 63
725606561 5
755509855 101
777434108 41
789663515 24
795357209 2
833957915 23
849924382 25
882923786 166
905458755 10
934031291 95
984515489 72
1029684725 159
1039775941 118
1102138352 163
1119750476 142
1145535496 123
1163785346 173
1165500044 164
1171145260 28
1187002154 74
1199928407 38
1315240339 58
1324646409 0
1404395783 70
1411244463 34
1423943361 139
1433784421 132
1481700130 76
1506500056 6
1540789971 133
1565581772 96
1583240062 135
1593335970 146
1648888063 20
1703074003 120
1723374255 64
1755211868 102
1780965381 145
1817977319 35
1832923198 7
1836837436 48
1854296563 126
1880656059 150
1902819574 178
1957456795 115
1965817051 1
1967912122 75
1979915395 13
1987706045 106
1991912470 161
2034853916 121
2040735391 92
2054922385 79
2070794468 127
2071342302 167
2088744826 36
2180276089 31
2191007551 131
2245017434 149
2302936662 67
2321067875 69
2335376072 18
2337471812 148
2352408356 49
2386566304 156
2420023489 144
2493197103 94
2523580740 88
2533558194 155
2563637387 50
2564901090 3
2590626395 108
2612076060 177
2623420502 59
2663355169 84
2675243293 56
2677761041 47
2680647675 124
2689742369 26
2714344193 99
2736746253 162
2739454820 136
2751470307 172
2752981434 97
2759781031 21
2819042102 33
2820570352 73
2877103839 83
2878053286 62
2881898293 80
2931281920 158
2940397723 54
2946051437 91
2947745968 39
2947818890 17
2975899179 46
2976264608 40
3052336121 153
3109774447 22
3118895249 105
3134364972 57
3159294203 104
3197165266 119
3210776703 12
3224180642 65
3236016622 19
3252655057 113
3279979113 137
3305405241 9
3310504013 174
3311786556 27
3326957411 109
3332444146 116
3345103274 44
3346435016 61
3369397036 140
3415828832 151
3419165889 85
3421043283 30
3439938365 51
3475802041 141
3576346154 125
3576952995 4
3611753873 15
3640665415 100
3644108658 143
3650994493 111
3682404586 45
3705166655 32
3794242346 93
3813827420 71
3825964894 179
3834047911 176
3846291404 114
3863463209 89
3880856117 52
3896729982 68
3897441493 37
3934144507 90
3954570302 103
3978014586 147
3985338750 77
4012176614 169
4020817277 138
4028575057 8
4106514720 42
4120563849 110
4136759817 171
4162517235 170
4168711638 134
4173604952 165
4231238145 157
4269563040 168
4277558944 14
