1800764 114
87484882 107
97068523 16
125896844 63
132851176 73
158100332 156
197722022 160
212966424 150
268465553 115
277378561 84
346763723 79
347327944 96
386235461 40
391851701 52
409984302 45
435153685 91
442087175 124
465915581 116
482554758 65
582418999 104
600757238 33
646992379 176
677338192 106
680353138 118
723386437 76
755509855 125
777434108 38
789663515 13
833957915 25
849924382 12
882923786 166
934031291 88
984515489 85
1029684725 159
1039775941 127
1061673189 6
1102138352 164
1119750476 139
1145535496 119
1163785346 174
1165500044 163
1171145260 18
1187002154 60
1199928407 42
1302911819 11
1315240339 46
1324646409 0
1353077104 20
1399969279 2
1404395783 86
1411244463 28
1423943361 130
1433784421 121
1481700130 61
1506500056 4
1540789971 141
1565581772 81
1583240062 123
1593335970 146
1648888063 5
1703074003 108
1723374255 74
1755211868 99
1780965381 144
1817977319 29
1832923198 9
1836837436 56
1854296563 120
1880656059 148
1902819574 178
1957456795 131
1965817051 7
1966862849 24
1967912122 103
1979915395 1
1987706045 101
1991912470 161
2034853916 117
2040735391 77
2054922385 102
2070794468 113
2071342302 167
2088744826 34
2180276089 19
2191007551 149
2245017434 138
2302936662 54
2321067875 58
2335376072 8
2337471812 142
2352408356 47
2386566304 158
2420023489 152
2493197103 111
2523580740 87
2533558194 155
2563637387 44
2564901090 3
2590626395 98
2612076060 177
2623420502 48
2663355169 70
2675243293 53
2677761041 68
2680647675 112
2689742369 32
2714344193 89
2736746253 162
2739454820 135
2751470307 173
2752981434 122
2759781031 14
2819042102 37
2820570352 97
2877103839 83
2878053286 69
2881898293 64
2931281920 157
2940397723 43
2946051437 92
2947745968 30
2947818890 17
2975899179 59
2976264608 36
3052336121 147
3109774447 10
3118895249 94
3134364972 62
3159294203 126
3197165266 133
3210776703 15
3224180642 50
3236016622 21
3252655057 132
3279979113 140
3305405241 27
3310504013 172
3311786556 39
3326957411 100
3332444146 134
3345103274 55
3346435016 66
3369397036 137
3415828832 153
3419165889 80
3421043283 49
3439938365 41
3475802041 129
3576346154 143
3611753873 31
3640665415 90
3644108658 128
3650994493 105
3682404586 72
3705166655 26
3794242346 78
3813827420 71
3825964894 179
3834047911 175
3846291404 110
3863463209 82
3880856117 57
3896729982 67
3897441493 35
3934144507 75
3954570302 93
3978014586 151
3985338750 95
4012176614 168
4020817277 136
4028575057 23
4106514720 51
4120563849 109
4136759817 171
4162517235 169
4168711638 145
4173604952 165
4231238145 154
4269563040 170
4277558944 22
