1800764 80
87484882 111
125896844 74
132851176 65
158100332 158
197722022 160
212966424 147
268465553 79
277378561 94
346763723 102
347327944 98
391851701 52
409984302 34
435153685 108
442087175 127
465915581 104
482554758 82
521460429 7
582418999 113
600757238 43
646992379 176
677338192 90
680353138 122
723386437 88
755509855 124
777434108 4
795357209 5
833957915 40
882923786 166
934031291 85
984515489 97
1029684725 156
1039775941 131
1061673189 17
1102138352 164
1119750476 143
1145535496 119
1163785346 174
1165500044 162
1171145260 26
1187002154 19
1199928407 54
1302911819 16
1315240339 15
1324646409 0
1353077104 29
1399969279 22
1404395783 95
1411244463 28
1423943361 133
1433784421 114
1473496205 9
1481700130 47
1490182304 10
1506500056 23
1540789971 142
1565581772 64
1583240062 118
1593335970 150
1703074003 81
1723374255 89
1755211868 103
1780965381 148
1817977319 32
1832923198 25
1836837436 67
1854296563 120
1880656059 149
1902819574 178
1957456795 129
1965817051 24
1966862849 27
1967912122 109
1979915395 11
1987706045 99
1991912470 161
2034853916 115
2040735391 68
2054922385 112
2070794468 101
2071342302 169
2088744826 37
2180276089 18
2191007551 141
2245017434 134
2302936662 58
2321067875 59
2335376072 12
2337471812 145
2352408356 53
2386566304 159
2420023489 151
2493197103 121
2523580740 93
2533558194 157
2563637387 50
2564901090 21
2590626395 71
2612076060 177
2623420502 3
2663355169 44
2675243293 63
2677761041 78
2680647675 100
2689742369 49
2714344193 61
2736746253 163
2739454820 137
2751470307 173
2752981434 123
2759781031 20
2819042102 51
2820570352 105
2877103839 106
2878053286 86
2881898293 42
2931281920 155
2940397723 2
2946051437 107
2947745968 14
2947818890 35
2975899179 70
2976264608 6
3052336121 140
3109774447 1
3118895249 62
3134364972 76
3159294203 126
3197165266 135
3210776703 30
3224180642 45
3236016622 38
3252655057 128
3279979113 146
3305405241 39
3310504013 172
3311786556 55
3326957411 77
3332444146 130
3345103274 66
3346435016 83
3369397036 139
3415828832 154
3419165889 96
3421043283 57
3475802041 132
3576346154 136
3611753873 48
3637528652 8
3640665415 56
3644108658 125
3650994493 91
3682404586 75
3705166655 31
3794242346 73
3813827420 87
3825964894 179
3834047911 175
3846291404 117
3863463209 92
3880856117 69
3896729982 84
3897441493 33
3930536579 13
3934144507 46
3954570302 72
3978014586 153
3985338750 110
4012176614 165
4020817277 138
4028575057 36
4106514720 60
4120563849 116
4136759817 171
4162517235 168
4168711638 144
4173604952 167
4231238145 152
4269563040 170
4277558944 41
