1800764 87
87484882 118
125896844 59
132851176 79
158100332 156
197722022 160
212966424 152
268465553 82
277378561 106
346763723 97
347327944 110
386235461 1
391851701 55
409984302 43
435153685 99
442087175 134
465915581 114
482554758 83
582418999 95
600757238 18
646992379 176
677338192 98
680353138 129
723386437 61
725606561 11
755509855 103
777434108 8
795357209 15
833957915 45
849924382 5
882923786 166
934031291 96
984515489 76
1029684725 159
1039775941 131
1061673189 6
1102138352 164
1119750476 145
1145535496 130
1163785346 174
1165500044 162
1171145260 35
1187002154 14
1199928407 57
1303866932 7
1315240339 16
1324646409 0
1353077104 9
1399969279 19
1404395783 73
1411244463 37
1423943361 138
1433784421 121
1481700130 47
1506500056 27
1540789971 136
1565581772 74
1583240062 127
1593335970 147
1703074003 91
1723374255 70
1755211868 115
1780965381 148
1817977319 42
1832923198 28
1836837436 67
1854296563 132
1880656059 151
1902819574 178
1957456795 120
1965817051 25
1967912122 75
1979915395 22
1987706045 111
1991912470 161
2034853916 123
2040735391 85
2054922385 93
2070794468 109
2071342302 168
2088744826 48
2180276089 29
2191007551 128
2245017434 141
2302936662 68
2321067875 71
2335376072 24
2337471812 149
2338681792 3
2352408356 60
2386566304 158
2420023489 144
2493197103 116
2523580740 105
2533558194 155
2563637387 54
2564901090 26
2590626395 78
2612076060 177
2663355169 38
2675243293 72
2677761041 56
2680647675 108
2689742369 51
2714344193 66
2736746253 163
2739454820 140
2751470307 173
2752981434 113
2759781031 31
2819042102 53
2820570352 81
2877103839 101
2878053286 77
2881898293 40
2931281920 157
2940397723 4
2946051437 112
2947745968 23
2947818890 36
2975899179 64
2976264608 12
2979186596 2
3052336121 150
3109774447 13
3118895249 65
3134364972 80
3159294203 107
3197165266 126
3210776703 32
3224180642 52
3236016622 39
3252655057 117
3279979113 139
3305405241 21
3310504013 172
3311786556 49
3326957411 90
3332444146 119
3345103274 63
3346435016 84
3369397036 143
3415828832 153
3419165889 104
3421043283 50
3475802041 137
3576346154 122
3611753873 30
3637528652 17
3640665415 58
3644108658 135
3650994493 100
3682404586 46
3705166655 41
3794242346 89
3813827420 92
3825964894 179
3834047911 175
3846291404 125
3863463209 102
3880856117 69
3896729982 88
3897441493 44
3930536579 10
3934144507 34
3954570302 86
3978014586 146
3985338750 94
4012176614 167
4020817277 142
4028575057 20
4106514720 62
4120563849 124
4136759817 171
4162517235 170
4168711638 133
4173604952 165
4231238145 154
4269563040 169
4277558944 33
