1800764 51
87484882 99
125896844 85
132851176 59
158100332 159
197722022 150
212966424 139
268465553 47
277378561 92
346763723 106
347327944 88
391851701 38
409984302 17
435153685 113
442087175 127
465915581 81
482554758 90
521460429 20
582418999 120
600757238 60
646992379 175
677338192 73
680353138 122
723386437 101
755509855 125
795357209 6
833957915 45
882923786 166
934031291 74
976519997 4
984515489 108
1029684725 152
1039775941 134
1061459597 178
1061673189 33
1102138352 164
1119750476 142
1145535496 111
1163785346 174
1165500044 160
1171145260 21
1199928407 68
1302911819 30
1324646409 0
1353077104 44
1399969279 35
1402099477 3
1404395783 107
1411244463 19
1423943361 129
1433784421 94
1462563128 7
1473496205 22
1481700130 16
1490182304 23
1497564029 9
1506500056 31
1540789971 146
1565581772 50
1583240062 102
1593335970 151
1703074003 61
1723374255 104
1755211868 96
1780965381 149
1817977319 27
1832923198 36
1836837436 78
1854296563 115
1880656059 145
1902819574 177
1957456795 132
1965817051 37
1966862849 42
1967912122 116
1979915395 13
1987706045 84
1991912470 161
2034853916 103
2040735391 62
2054922385 118
2070794468 77
2071342302 168
2088744826 34
2137655290 12
2180276089 11
2191007551 144
2245017434 124
2302936662 66
2321067875 67
2335376072 8
2337471812 141
2338681792 5
2352408356 57
2386566304 156
2420023489 155
2493197103 121
2523580740 91
2533558194 158
2563637387 40
2564901090 32
2590626395 49
2612076060 176
2663355169 2
2675243293 70
2677761041 89
2680647675 76
2689742369 55
2714344193 41
2736746253 162
2739454820 135
2751470307 172
2752981434 123
2759781031 18
2819042102 54
2820570352 114
2877103839 109
2878053286 97
2881898293 10
2931281920 153
2946051437 105
2947818890 46
2975899179 82
3052336121 130
3118895249 39
3134364972 83
3159294203 128
3197165266 136
3210776703 43
3224180642 24
3236016622 48
3252655057 131
3279979113 147
3305405241 56
3310504013 170
3311786556 69
3326957411 63
3332444146 133
3345103274 79
3346435016 95
3369397036 138
3415828832 157
3419165889 100
3421043283 71
3453834671 1
3475802041 126
3576346154 140
3611753873 64
3637528652 15
3640665415 25
3644108658 119
3650994493 75
3682404586 86
3705166655 29
3794242346 65
3813827420 98
3825964894 179
3834047911 173
3846291404 112
3863463209 87
3880856117 80
3896729982 93
3897441493 28
3930536579 26
3954570302 58
3978014586 154
3985338750 117
4012176614 163
4020817277 137
4025582691 14
4028575057 52
4106514720 72
4120563849 110
4136759817 169
4162517235 165
4168711638 148
4173604952 167
4231238145 143
4269563040 171
4277558944 53
