1800764 120
87484882 125
97068523 23
125896844 29
132851176 98
158100332 152
197722022 161
212966424 154
268465553 117
277378561 105
346763723 88
347327944 116
386235461 34
391851701 78
409984302 69
435153685 87
442087175 127
465915581 130
482554758 65
582418999 67
646992379 175
677338192 123
680353138 112
715741596 2
723386437 28
725606561 18
755509855 73
777434108 39
789663515 14
795357209 16
833957915 35
849924382 25
882923786 166
934031291 113
984515489 46
1029684725 159
1039775941 99
1102138352 164
1119750476 142
1145535496 134
1163785346 172
1165500044 168
1171145260 43
1187002154 64
1199928407 53
1303866932 7
1315240339 57
1324646409 0
1399969279 1
1404395783 41
1411244463 50
1423943361 145
1433784421 137
1481700130 80
1506500056 13
1540789971 114
1565581772 101
1583240062 138
1593335970 139
1648888063 19
1703074003 119
1723374255 40
1755211868 118
1780965381 144
1817977319 54
1832923198 10
1836837436 58
1854296563 135
1880656059 151
1902819574 178
1957456795 91
1965817051 6
1967912122 38
1979915395 24
1987706045 121
1991912470 160
2034853916 133
2040735391 102
2054922385 61
2070794468 129
2071342302 167
2088744826 55
2180276089 45
2191007551 94
2245017434 150
2302936662 81
2321067875 86
2335376072 30
2337471812 149
2352408356 72
2386566304 156
2420023489 132
2493197103 93
2523580740 108
2533558194 153
2563637387 71
2564901090 8
2590626395 111
2612076060 177
2623420502 37
2663355169 82
2675243293 74
2677761041 21
2680647675 128
2689742369 33
2714344193 100
2736746253 162
2739454820 140
2751470307 173
2752981434 85
2759781031 32
2819042102 47
2820570352 44
2877103839 92
2878053286 56
2881898293 79
2931281920 157
2940397723 36
2946051437 107
2947745968 49
2947818890 22
2975899179 51
2976264608 42
3052336121 155
3109774447 31
3118895249 103
3134364972 66
3159294203 75
3197165266 95
3210776703 15
3224180642 77
3236016622 26
3252655057 84
3279979113 131
3310504013 174
3311786556 20
3326957411 115
3332444146 89
3345103274 52
3346435016 63
3369397036 143
3415828832 147
3419165889 97
3421043283 17
3439938365 27
3475802041 146
3576346154 90
3576952995 11
3611753873 3
3637528652 12
3640665415 96
3644108658 148
3650994493 122
3682404586 4
3705166655 48
3794242346 104
3813827420 76
3825964894 179
3834047911 176
3846291404 126
3863463209 109
3880856117 62
3896729982 70
3897441493 59
3934144507 83
3954570302 110
3978014586 136
3985338750 68
4012176614 169
4020817277 141
4074327253 5
4106514720 60
4120563849 124
4136759817 171
4162517235 170
4168711638 106
4173604952 165
4231238145 158
4269563040 163
4277558944 9
