1800764 63
87484882 85
125896844 108
132851176 42
158100332 147
197722022 136
212966424 125
268465553 62
277378561 78
346763723 104
347327944 73
366165566 12
391851701 14
435153685 109
442087175 118
456854657 48
465915581 76
480126874 28
482554758 96
521460429 58
582418999 124
600757238 86
646992379 174
677338192 66
680353138 115
723386437 119
755509855 150
833957915 20
882923786 163
934031291 57
976519997 15
984515489 120
1029684725 135
1039775941 144
1061459597 178
1061673189 61
1102138352 153
1119750476 137
1145535496 99
1163785346 175
1165500044 146
1187002154 5
1199928407 47
1302911819 83
1324646409 0
1353077104 81
1399969279 36
1402099477 24
1404395783 121
1423943361 114
1433784421 87
1462563128 40
1473496205 59
1481700130 9
1490182304 56
1497564029 50
1506500056 13
1540789971 158
1565581772 44
1583240062 93
1593335970 142
1703074003 60
1723374255 112
1755211868 80
1780965381 140
1817977319 1
1832923198 21
1836837436 82
1854296563 102
1880656059 133
1902819574 177
1957456795 157
1965817051 26
1966862849 94
1967912122 134
1987706045 71
1991912470 149
2023365118 18
2034853916 91
2040735391 45
2054922385 127
2070794468 72
2071342302 166
2088744826 6
2115991866 25
2137655290 8
2191007551 170
2245017434 110
2273076216 4
2302936662 38
2321067875 39
2337471812 131
2352408356 27
2386566304 141
2420023489 160
2455595861 23
2493197103 123
2523580740 77
2533558194 145
2563637387 10
2564901090 17
2590626395 52
2612076060 176
2618357298 16
2663355169 19
2675243293 55
2677761041 111
2680647675 70
2689742369 37
2714344193 43
2736746253 151
2739454820 126
2751470307 172
2752981434 139
2819042102 34
2820570352 129
2877103839 105
2878053286 107
2881898293 11
2931281920 138
2946051437 92
2947818890 32
2975899179 89
3052336121 116
3118895249 46
3134364972 88
3159294203 154
3197165266 156
3210776703 31
3224180642 7
3236016622 30
3252655057 162
3279979113 143
3305405241 74
3310504013 167
3311786556 75
3326957411 54
3332444146 161
3345103274 84
3346435016 103
3369397036 132
3415828832 148
3419165889 90
3421043283 95
3453834671 33
3475802041 113
3576346154 169
3611753873 68
3640665415 41
3644108658 106
3650994493 65
3682404586 122
3705166655 2
3794242346 49
3813827420 101
3825964894 179
3834047911 173
3846291404 100
3863463209 69
3880856117 79
3896729982 97
3897441493 3
3930536579 35
3934144507 29
3954570302 51
3978014586 155
3985338750 117
4012176614 152
4020817277 128
4025582691 22
4028575057 67
4106514720 64
4120563849 98
4136759817 168
4162517235 159
4168711638 165
4173604952 164
4231238145 130
4269563040 171
4277558944 53
