1800764 31
87484882 96
125896844 87
132851176 51
158100332 159
197722022 148
212966424 141
268465553 25
277378561 93
346763723 109
347327944 88
391851701 36
409984302 15
435153685 116
442087175 128
465915581 77
482554758 94
521460429 22
582418999 120
600757238 61
646992379 175
677338192 69
680353138 122
723386437 100
755509855 123
795357209 12
833957915 54
882923786 166
934031291 74
972543760 3
976519997 11
984515489 107
1029684725 150
1039775941 134
1061459597 178
1061673189 37
1102138352 164
1119750476 144
1145535496 108
1163785346 174
1165500044 160
1171145260 27
1199928407 68
1302911819 29
1324646409 0
1353077104 49
1399969279 45
1402099477 9
1404395783 106
1411244463 21
1423943361 130
1433784421 85
1462563128 8
1473496205 24
1490182304 28
1497564029 6
1506500056 41
1540789971 147
1565581772 39
1583240062 95
1593335970 152
1703074003 44
1723374255 103
1755211868 92
1780965381 151
1817977319 30
1832923198 46
1836837436 80
1854296563 113
1880656059 145
1902819574 177
1957456795 133
1965817051 47
1966862849 40
1967912122 112
1979915395 14
1987706045 83
1991912470 161
2034853916 99
2040735391 53
2054922385 119
2070794468 73
2071342302 168
2088744826 38
2137655290 17
2180276089 7
2191007551 139
2245017434 124
2273076216 2
2302936662 67
2321067875 66
2335376072 10
2337471812 142
2338681792 13
2352408356 60
2386566304 156
2420023489 154
2493197103 121
2523580740 91
2533558194 158
2563637387 43
2564901090 42
2590626395 35
2612076060 176
2675243293 75
2677761041 89
2680647675 70
2689742369 64
2714344193 26
2736746253 163
2739454820 137
2751470307 172
2752981434 125
2759781031 20
2819042102 62
2820570352 111
2877103839 115
2878053286 101
2931281920 153
2946051437 105
2947818890 55
2975899179 84
2979186596 4
3052336121 129
3118895249 23
3134364972 90
3159294203 126
3197165266 135
3210776703 52
3224180642 19
3236016622 56
3252655057 131
3279979113 149
3305405241 59
3310504013 169
3311786556 71
3326957411 50
3332444146 132
3345103274 81
3346435016 98
3369397036 140
3415828832 157
3419165889 104
3421043283 76
3453834671 1
3475802041 127
3576346154 136
3611753873 65
3637528652 18
3640665415 5
3644108658 117
3650994493 72
3682404586 79
3705166655 33
3794242346 58
3813827420 102
3825964894 179
3834047911 173
3846291404 114
3863463209 86
3880856117 82
3896729982 97
3897441493 32
3930536579 34
3954570302 48
3978014586 155
3985338750 118
4012176614 162
4020817277 138
4025582691 16
4028575057 57
4106514720 78
4120563849 110
4136759817 170
4162517235 165
4168711638 146
4173604952 167
4231238145 143
4269563040 171
4277558944 63
