1800764 42
87484882 91
125896844 97
132851176 47
158100332 157
197722022 140
212966424 131
268465553 36
277378561 89
346763723 108
347327944 83
391851701 27
409984302 7
435153685 113
442087175 127
456854657 13
465915581 77
480126874 10
482554758 94
521460429 34
582418999 120
600757238 69
646992379 175
677338192 68
680353138 122
723386437 112
755509855 132
833957915 44
882923786 166
934031291 70
972543760 2
976519997 12
984515489 115
1029684725 142
1039775941 138
1061459597 178
1061673189 53
1102138352 164
1119750476 139
1145535496 101
1163785346 174
1165500044 159
1171145260 18
1199928407 65
1302911819 56
1324646409 0
1353077104 62
1399969279 43
1402099477 16
1404395783 114
1411244463 11
1423943361 126
1433784421 85
1462563128 21
1473496205 40
1481700130 4
1490182304 41
1497564029 25
1506500056 31
1540789971 150
1565581772 38
1583240062 92
1593335970 149
1703074003 49
1723374255 111
1755211868 88
1780965381 146
1817977319 22
1832923198 35
1836837436 82
1854296563 106
1880656059 137
1902819574 177
1957456795 141
1965817051 39
1966862849 63
1967912122 118
1979915395 3
1987706045 78
1991912470 161
2034853916 93
2040735391 52
2054922385 119
2070794468 74
2071342302 168
2088744826 26
2137655290 14
2191007551 155
2245017434 121
2273076216 6
2302936662 59
2321067875 60
2337471812 135
2338681792 5
2352408356 51
2386566304 151
2420023489 160
2493197103 124
2523580740 87
2533558194 154
2563637387 30
2564901090 32
2590626395 37
2612076060 176
2675243293 72
2677761041 102
2680647675 73
2689742369 58
2714344193 29
2736746253 163
2739454820 129
2751470307 172
2752981434 128
2759781031 9
2819042102 55
2820570352 117
2877103839 109
2878053286 103
2931281920 147
2946051437 98
2947818890 48
2975899179 86
2979186596 1
3052336121 125
3118895249 28
3134364972 90
3159294203 136
3197165266 145
3210776703 45
3224180642 17
3236016622 50
3252655057 143
3279979113 148
3305405241 66
3310504013 169
3311786556 75
3326957411 54
3332444146 144
3345103274 84
3346435016 99
3369397036 133
3415828832 156
3419165889 95
3421043283 79
3453834671 15
3475802041 123
3576346154 152
3611753873 67
3637528652 8
3640665415 19
3644108658 110
3650994493 71
3682404586 107
3705166655 24
3794242346 57
3813827420 100
3825964894 179
3834047911 173
3846291404 105
3863463209 80
3880856117 81
3896729982 96
3897441493 23
3930536579 33
3954570302 46
3978014586 158
3985338750 116
4012176614 162
4020817277 130
4025582691 20
4028575057 64
4106514720 76
4120563849 104
4136759817 170
4162517235 165
4168711638 153
4173604952 167
4231238145 134
4269563040 171
4277558944 61
