1800764 130
87484882 124
97068523 36
125896844 22
132851176 104
158100332 151
197722022 161
212966424 154
268465553 129
277378561 101
346763723 79
347327944 112
386235461 65
391851701 84
409984302 75
435153685 78
442087175 119
465915581 142
482554758 55
582418999 59
646992379 174
677338192 127
680353138 99
715741596 18
723386437 23
725606561 20
755509855 68
777434108 60
789663515 29
795357209 15
833957915 28
849924382 38
882923786 167
905458755 13
934031291 110
984515489 34
1029684725 159
1039775941 94
1102138352 164
1119750476 137
1145535496 131
1163785346 171
1165500044 168
1171145260 42
1187002154 87
1199928407 44
1303866932 8
1315240339 74
1324646409 0
1404395783 32
1411244463 52
1423943361 144
1433784421 143
1481700130 92
1506500056 7
1540789971 103
1565581772 109
1583240062 145
1593335970 132
1648888063 27
1703074003 128
1723374255 31
1755211868 113
1780965381 138
1817977319 53
1832923198 6
1836837436 45
1854296563 134
1880656059 149
1902819574 178
1957456795 88
1967912122 30
1979915395 24
1987706045 116
1991912470 160
2034853916 133
2040735391 106
2054922385 49
2070794468 140
2071342302 166
2088744826 54
2180276089 48
2191007551 90
2245017434 152
2302936662 80
2321067875 83
2335376072 26
2337471812 148
2352408356 71
2386566304 155
2420023489 123
2493197103 89
2523580740 102
2533558194 153
2563637387 73
2564901090 5
2590626395 117
2612076060 176
2623420502 67
2663355169 96
2675243293 70
2677761041 16
2680647675 135
2689742369 25
2714344193 111
2727339584 1
2736746253 163
2739454820 136
2751470307 173
2752981434 76
2759781031 33
2819042102 37
2820570352 35
2877103839 85
2878053286 43
2881898293 93
2931281920 157
2939038785 3
2940397723 66
2946051437 100
2947745968 61
2947818890 17
2975899179 40
2976264608 63
3052336121 156
3109774447 39
3118895249 114
3134364972 58
3159294203 72
3197165266 91
3210776703 9
3224180642 82
3236016622 21
3252655057 77
3279979113 121
3310504013 175
3311786556 14
3326957411 120
3332444146 81
3345103274 41
3346435016 51
3369397036 141
3415828832 146
3419165889 95
3421043283 11
3439938365 57
3475802041 147
3576346154 86
3576952995 19
3637528652 10
3640665415 107
3644108658 150
3650994493 125
3682404586 2
3705166655 46
3794242346 108
3813827420 69
3825964894 179
3834047911 177
3846291404 122
3863463209 105
3880856117 50
3896729982 64
3897441493 56
3934144507 97
3954570302 115
3978014586 126
3985338750 62
4012176614 169
4020817277 139
4074327253 12
4106514720 47
4120563849 118
4136759817 172
4162517235 170
4168711638 98
4173604952 165
4231238145 158
4269563040 162
4277558944 4
