1800764 91
87484882 113
125896844 66
132851176 69
158100332 157
197722022 160
212966424 149
268465553 87
277378561 95
346763723 96
347327944 101
386235461 12
391851701 52
409984302 43
435153685 103
442087175 126
465915581 112
482554758 74
582418999 110
600757238 37
646992379 176
677338192 100
680353138 123
723386437 82
755509855 124
777434108 10
795357209 2
833957915 40
882923786 167
934031291 86
984515489 90
1029684725 159
1039775941 130
1061673189 9
1102138352 164
1119750476 143
1145535496 119
1163785346 174
1165500044 162
1171145260 28
1187002154 38
1199928407 51
1302911819 8
1315240339 26
1324646409 0
1353077104 25
1399969279 16
1404395783 89
1411244463 29
1423943361 134
1433784421 116
1481700130 50
1490182304 1
1506500056 18
1540789971 141
1565581772 72
1583240062 120
1593335970 148
1703074003 88
1723374255 83
1755211868 107
1780965381 147
1817977319 34
1832923198 22
1836837436 62
1854296563 121
1880656059 150
1902819574 178
1957456795 129
1965817051 19
1966862849 23
1967912122 102
1979915395 7
1987706045 105
1991912470 161
2034853916 115
2040735391 75
2054922385 108
2070794468 111
2071342302 168
2088744826 41
2180276089 24
2191007551 139
2245017434 136
2302936662 58
2321067875 59
2335376072 11
2337471812 146
2352408356 54
2386566304 158
2420023489 151
2493197103 118
2523580740 94
2533558194 155
2563637387 47
2564901090 17
2590626395 81
2612076060 177
2623420502 15
2663355169 53
2675243293 60
2677761041 68
2680647675 109
2689742369 44
2714344193 71
2736746253 163
2739454820 137
2751470307 173
2752981434 122
2759781031 21
2819042102 45
2820570352 97
2877103839 99
2878053286 79
2881898293 48
2931281920 156
2940397723 13
2946051437 106
2947745968 20
2947818890 31
2975899179 63
2976264608 14
3052336121 145
3109774447 3
3118895249 73
3134364972 70
3159294203 125
3197165266 132
3210776703 27
3224180642 46
3236016622 35
3252655057 128
3279979113 144
3305405241 33
3310504013 172
3311786556 49
3326957411 85
3332444146 131
3345103274 61
3346435016 76
3369397036 140
3415828832 154
3419165889 93
3421043283 55
3439938365 6
3475802041 133
3576346154 135
3611753873 42
3637528652 4
3640665415 65
3644108658 127
3650994493 98
3682404586 67
3705166655 32
3794242346 77
3813827420 84
3825964894 179
3834047911 175
3846291404 117
3863463209 92
3880856117 64
3896729982 78
3897441493 39
3930536579 5
3934144507 56
3954570302 80
3978014586 152
3985338750 104
4012176614 166
4020817277 138
4028575057 30
4106514720 57
4120563849 114
4136759817 171
4162517235 169
4168711638 142
4173604952 165
4231238145 153
4269563040 170
4277558944 36
