1800764 127
87484882 121
97068523 29
125896844 25
132851176 98
158100332 152
197722022 161
212966424 154
268465553 126
277378561 100
346763723 82
347327944 113
386235461 55
391851701 79
409984302 74
435153685 81
442087175 123
465915581 136
482554758 63
582418999 65
646992379 175
677338192 125
680353138 103
715741596 13
723386437 26
725606561 18
755509855 73
777434108 52
789663515 23
795357209 15
833957915 30
849924382 32
882923786 166
905458755 3
934031291 111
984515489 39
1029684725 159
1039775941 97
1102138352 164
1119750476 139
1145535496 132
1163785346 172
1165500044 168
1171145260 38
1187002154 76
1199928407 45
1303866932 4
1315240339 68
1324646409 0
1404395783 36
1411244463 47
1423943361 145
1433784421 142
1481700130 87
1506500056 10
1540789971 110
1565581772 107
1583240062 144
1593335970 137
1648888063 24
1703074003 124
1723374255 34
1755211868 115
1780965381 143
1817977319 50
1832923198 8
1836837436 49
1854296563 135
1880656059 150
1902819574 178
1957456795 91
1965817051 2
1967912122 35
1979915395 22
1987706045 118
1991912470 160
2034853916 133
2040735391 106
2054922385 61
2070794468 134
2071342302 167
2088744826 53
2180276089 44
2191007551 93
2245017434 151
2302936662 78
2321067875 83
2335376072 27
2337471812 148
2352408356 69
2386566304 156
2420023489 129
2493197103 88
2523580740 101
2533558194 153
2563637387 71
2564901090 5
2590626395 116
2612076060 177
2623420502 62
2663355169 92
2675243293 70
2677761041 20
2680647675 130
2689742369 28
2714344193 109
2736746253 162
2739454820 138
2751470307 173
2752981434 80
2759781031 31
2819042102 37
2820570352 40
2877103839 85
2878053286 48
2881898293 90
2931281920 157
2940397723 59
2946051437 99
2947745968 57
2947818890 19
2975899179 41
2976264608 54
3052336121 155
3109774447 33
3118895249 112
3134364972 64
3159294203 75
3197165266 94
3210776703 12
3224180642 77
3236016622 21
3252655057 84
3279979113 128
3310504013 174
3311786556 17
3326957411 117
3332444146 86
3345103274 42
3346435016 60
3369397036 141
3415828832 147
3419165889 96
3421043283 14
3439938365 46
3475802041 146
3576346154 89
3576952995 16
3611753873 1
3637528652 11
3640665415 104
3644108658 149
3650994493 120
3682404586 7
3705166655 43
3794242346 108
3813827420 72
3825964894 179
3834047911 176
3846291404 122
3863463209 105
3880856117 58
3896729982 66
3897441493 56
3934144507 95
3954570302 114
3978014586 131
3985338750 67
4012176614 169
4020817277 140
4074327253 9
4106514720 51
4120563849 119
4136759817 171
4162517235 170
4168711638 102
4173604952 165
4231238145 158
4269563040 163
4277558944 6
