1800764 109
87484882 110
97068523 5
125896844 64
132851176 76
158100332 156
197722022 160
212966424 152
268465553 107
277378561 96
346763723 86
347327944 102
386235461 30
391851701 52
409984302 45
435153685 95
442087175 126
465915581 115
482554758 69
582418999 100
600757238 26
646992379 176
677338192 108
680353138 119
723386437 73
755509855 122
777434108 23
795357209 1
833957915 36
849924382 6
882923786 166
934031291 88
984515489 82
1029684725 159
1039775941 129
1061673189 4
1102138352 164
1119750476 144
1145535496 121
1163785346 174
1165500044 163
1171145260 28
1187002154 49
1199928407 46
1302911819 3
1315240339 42
1324646409 0
1353077104 16
1399969279 8
1404395783 81
1411244463 34
1423943361 135
1433784421 120
1481700130 54
1506500056 13
1540789971 139
1565581772 79
1583240062 125
1593335970 147
1703074003 103
1723374255 74
1755211868 105
1780965381 146
1817977319 38
1832923198 15
1836837436 57
1854296563 123
1880656059 150
1902819574 178
1957456795 128
1965817051 11
1966862849 14
1967912122 91
1979915395 7
1987706045 106
1991912470 161
2034853916 118
2040735391 78
2054922385 99
2070794468 112
2071342302 167
2088744826 41
2180276089 22
2191007551 137
2245017434 141
2302936662 59
2321067875 62
2335376072 12
2337471812 145
2352408356 51
2386566304 158
2420023489 149
2493197103 113
2523580740 97
2533558194 155
2563637387 47
2564901090 10
2590626395 89
2612076060 177
2623420502 37
2663355169 63
2675243293 58
2677761041 66
2680647675 111
2689742369 40
2714344193 80
2736746253 162
2739454820 136
2751470307 173
2752981434 117
2759781031 17
2819042102 43
2820570352 87
2877103839 92
2878053286 71
2881898293 55
2931281920 157
2940397723 32
2946051437 101
2947745968 29
2947818890 24
2975899179 60
2976264608 25
3052336121 148
3109774447 9
3118895249 84
3134364972 68
3159294203 124
3197165266 131
3210776703 18
3224180642 50
3236016622 31
3252655057 127
3279979113 143
3305405241 21
3310504013 172
3311786556 44
3326957411 98
3332444146 130
3345103274 56
3346435016 70
3369397036 140
3415828832 153
3419165889 90
3421043283 48
3439938365 20
3475802041 134
3576346154 133
3611753873 33
3637528652 2
3640665415 77
3644108658 132
3650994493 104
3682404586 65
3705166655 35
3794242346 83
3813827420 75
3825964894 179
3834047911 175
3846291404 116
3863463209 94
3880856117 61
3896729982 72
3897441493 39
3934144507 67
3954570302 85
3978014586 151
3985338750 93
4012176614 168
4020817277 138
4028575057 19
4106514720 53
4120563849 114
4136759817 171
4162517235 169
4168711638 142
4173604952 165
4231238145 154
4269563040 170
4277558944 27
