1800764 141
87484882 103
97068523 37
125896844 46
132851176 89
158100332 155
197722022 161
212966424 152
268465553 142
277378561 83
346763723 72
347327944 92
386235461 66
391851701 63
409984302 58
435153685 75
442087175 114
465915581 126
482554758 51
582418999 81
600757238 14
646992379 175
677338192 117
680353138 98
715741596 31
723386437 65
725606561 5
755509855 102
777434108 55
789663515 39
833957915 19
849924382 36
882923786 166
905458755 21
934031291 91
984515489 69
1029684725 159
1039775941 112
1102138352 163
1119750476 140
1145535496 118
1163785346 173
1165500044 165
1171145260 22
1187002154 88
1199928407 34
1315240339 67
1324646409 0
1353077104 4
1404395783 68
1411244463 32
1423943361 134
1433784421 128
1481700130 82
1506500056 2
1540789971 130
1565581772 99
1583240062 131
1593335970 144
1648888063 29
1703074003 127
1723374255 61
1755211868 95
1780965381 143
1817977319 30
1832923198 3
1836837436 41
1854296563 120
1880656059 150
1902819574 178
1957456795 116
1966862849 7
1967912122 78
1979915395 9
1987706045 100
1991912470 160
2034853916 121
2040735391 93
2054922385 80
2070794468 125
2071342302 167
2088744826 33
2180276089 28
2191007551 139
2245017434 149
2302936662 59
2321067875 60
2335376072 17
2337471812 148
2352408356 45
2386566304 156
2420023489 146
2493197103 90
2523580740 84
2533558194 154
2563637387 47
2590626395 115
2612076060 177
2623420502 77
2663355169 96
2675243293 48
2677761041 50
2680647675 124
2689742369 20
2714344193 105
2736746253 162
2739454820 132
2751470307 172
2752981434 97
2759781031 18
2819042102 24
2820570352 76
2877103839 74
2878053286 54
2881898293 86
2931281920 157
2940397723 70
2946051437 85
2947745968 43
2947818890 13
2975899179 42
2976264608 52
3052336121 153
3109774447 26
3118895249 111
3134364972 49
3159294203 108
3197165266 123
3210776703 6
3224180642 64
3236016622 16
3252655057 119
3279979113 137
3305405241 10
3310504013 174
3311786556 23
3326957411 113
3332444146 122
3345103274 40
3346435016 53
3369397036 135
3415828832 151
3419165889 79
3421043283 27
3439938365 71
3475802041 138
3576346154 129
3576952995 11
3611753873 15
3640665415 110
3644108658 145
3650994493 109
3682404586 56
3705166655 25
3794242346 94
3813827420 62
3825964894 179
3834047911 176
3846291404 104
3863463209 87
3880856117 44
3896729982 57
3897441493 35
3934144507 107
3954570302 106
3978014586 147
3985338750 73
4012176614 169
4020817277 133
4028575057 8
4088869787 1
4106514720 38
4120563849 101
4136759817 171
4162517235 170
4168711638 136
4173604952 164
4231238145 158
4269563040 168
4277558944 12
