1800764 129
87484882 122
97068523 31
125896844 23
132851176 100
158100332 152
197722022 161
212966424 154
268465553 128
277378561 101
346763723 81
347327944 113
386235461 59
391851701 82
409984302 75
435153685 80
442087175 121
465915581 136
482554758 62
582418999 65
646992379 175
677338192 126
680353138 102
715741596 14
723386437 24
725606561 18
755509855 72
777434108 54
789663515 25
795357209 15
833957915 29
849924382 32
882923786 166
905458755 8
934031291 111
984515489 37
1029684725 159
1039775941 97
1102138352 164
1119750476 139
1145535496 132
1163785346 172
1165500044 168
1171145260 40
1187002154 76
1199928407 44
1303866932 7
1315240339 68
1324646409 0
1404395783 36
1411244463 50
1423943361 145
1433784421 143
1481700130 90
1506500056 10
1540789971 107
1565581772 109
1583240062 144
1593335970 137
1648888063 26
1703074003 124
1723374255 33
1755211868 115
1780965381 141
1817977319 51
1832923198 6
1836837436 47
1854296563 135
1880656059 150
1902819574 178
1957456795 88
1965817051 2
1967912122 34
1979915395 22
1987706045 117
1991912470 160
2034853916 133
2040735391 106
2054922385 57
2070794468 134
2071342302 167
2088744826 52
2180276089 45
2191007551 92
2245017434 151
2302936662 79
2321067875 84
2335376072 27
2337471812 148
2352408356 69
2386566304 156
2420023489 127
2493197103 89
2523580740 103
2533558194 153
2563637387 73
2564901090 5
2590626395 116
2612076060 177
2623420502 64
2663355169 94
2675243293 71
2677761041 20
2680647675 131
2689742369 28
2714344193 110
2736746253 162
2739454820 138
2751470307 173
2752981434 78
2759781031 30
2819042102 39
2820570352 38
2877103839 86
2878053286 46
2881898293 91
2931281920 157
2939038785 1
2940397723 61
2946051437 99
2947745968 60
2947818890 19
2975899179 41
2976264608 58
3052336121 155
3109774447 35
3118895249 112
3134364972 63
3159294203 74
3197165266 93
3210776703 12
3224180642 77
3236016622 21
3252655057 83
3279979113 125
3310504013 174
3311786556 16
3326957411 118
3332444146 85
3345103274 42
3346435016 55
3369397036 142
3415828832 147
3419165889 96
3421043283 13
3439938365 48
3475802041 146
3576346154 87
3576952995 17
3637528652 11
3640665415 105
3644108658 149
3650994493 120
3682404586 3
3705166655 43
3794242346 108
3813827420 70
3825964894 179
3834047911 176
3846291404 123
3863463209 104
3880856117 53
3896729982 67
3897441493 56
3934144507 95
3954570302 114
3978014586 130
3985338750 66
4012176614 169
4020817277 140
4074327253 9
4106514720 49
4120563849 119
4136759817 171
4162517235 170
4168711638 98
4173604952 165
4231238145 158
4269563040 163
4277558944 4
