1800764 144
87484882 123
97068523 51
125896844 18
132851176 104
158100332 150
197722022 163
212966424 154
268465553 143
277378561 100
346763723 73
347327944 107
386235461 74
391851701 88
409984302 80
435153685 72
442087175 112
465915581 142
482554758 49
582418999 57
646992379 174
677338192 132
680353138 96
715741596 29
723386437 19
725606561 20
755509855 62
777434108 68
789663515 46
795357209 16
833957915 25
849924382 50
882923786 167
905458755 23
934031291 108
984515489 31
1029684725 159
1039775941 91
1102138352 165
1119750476 128
1145535496 134
1163785346 170
1165500044 168
1171145260 41
1187002154 93
1199928407 38
1303866932 9
1315240339 85
1324646409 0
1404395783 28
1411244463 56
1423943361 139
1433784421 146
1481700130 94
1506500056 6
1540789971 99
1565581772 111
1583240062 147
1593335970 127
1648888063 40
1703074003 137
1723374255 26
1755211868 110
1780965381 129
1817977319 54
1832923198 4
1836837436 39
1854296563 135
1878223483 1
1880656059 149
1902819574 178
1957456795 83
1967912122 27
1979915395 21
1987706045 118
1991912470 160
2034853916 136
2040735391 106
2054922385 47
2070794468 140
2071342302 166
2088744826 55
2180276089 52
2191007551 89
2245017434 153
2302936662 81
2321067875 86
2335376072 30
2337471812 148
2352408356 66
2386566304 155
2420023489 116
2493197103 82
2523580740 101
2533558194 151
2563637387 70
2564901090 3
2590626395 124
2612076060 176
2623420502 79
2663355169 102
2675243293 63
2677761041 14
2680647675 138
2689742369 24
2714344193 117
2727339584 2
2736746253 162
2739454820 130
2751470307 173
2752981434 71
2759781031 33
2819042102 35
2820570352 32
2877103839 78
2878053286 37
2881898293 97
2931281920 157
2939038785 11
2940397723 76
2946051437 98
2947745968 64
2947818890 15
2975899179 34
2976264608 67
3052336121 156
3109774447 48
3118895249 121
3134364972 53
3159294203 65
3197165266 90
3210776703 8
3224180642 87
3236016622 17
3252655057 75
3279979113 114
3310504013 175
3311786556 12
3326957411 126
3332444146 77
3345103274 36
3346435016 44
3369397036 133
3415828832 141
3419165889 92
3421043283 7
3439938365 69
3475802041 145
3576346154 84
3576952995 22
3637528652 10
3640665415 113
3644108658 152
3650994493 125
3705166655 45
3794242346 109
3813827420 61
3825964894 179
3834047911 177
3846291404 119
3863463209 103
3880856117 43
3896729982 59
3897441493 60
3934144507 105
3954570302 120
3978014586 122
3985338750 58
4012176614 169
4020817277 131
4074327253 13
4088869787 5
4106514720 42
4120563849 115
4136759817 172
4162517235 171
4168711638 95
4173604952 164
4231238145 158
4269563040 161
