1800764 68
87484882 92
125896844 100
132851176 50
158100332 150
197722022 139
212966424 130
268465553 66
277378561 87
346763723 105
347327944 83
391851701 29
409984302 9
435153685 109
442087175 123
456854657 25
465915581 86
480126874 13
482554758 90
521460429 41
582418999 121
600757238 70
646992379 175
677338192 73
680353138 118
723386437 113
755509855 140
833957915 32
882923786 166
934031291 69
976519997 8
984515489 115
1029684725 137
1039775941 138
1061459597 178
1061673189 47
1102138352 163
1119750476 136
1145535496 102
1163785346 174
1165500044 156
1171145260 6
1187002154 7
1199928407 53
1302911819 59
1324646409 0
1353077104 64
1399969279 34
1402099477 11
1404395783 116
1411244463 4
1423943361 124
1433784421 94
1462563128 23
1473496205 44
1481700130 22
1490182304 42
1497564029 33
1506500056 19
1540789971 154
1565581772 52
1583240062 99
1593335970 145
1703074003 65
1723374255 111
1755211868 89
1780965381 141
1817977319 10
1832923198 27
1836837436 76
1854296563 106
1880656059 135
1902819574 177
1957456795 147
1965817051 30
1966862849 72
1967912122 127
1987706045 81
1991912470 159
2034853916 97
2040735391 54
2054922385 122
2070794468 80
2071342302 168
2088744826 17
2115991866 3
2137655290 5
2191007551 164
2245017434 117
2302936662 45
2321067875 46
2337471812 133
2352408356 38
2386566304 146
2420023489 157
2455595861 1
2493197103 125
2523580740 85
2533558194 149
2563637387 26
2564901090 21
2590626395 55
2612076060 176
2663355169 24
2675243293 60
2677761041 108
2680647675 79
2689742369 40
2714344193 48
2736746253 160
2739454820 128
2751470307 172
2752981434 132
2759781031 2
2819042102 39
2820570352 120
2877103839 107
2878053286 104
2881898293 20
2931281920 142
2946051437 95
2947818890 36
2975899179 84
3052336121 126
3118895249 51
3134364972 88
3159294203 144
3197165266 148
3210776703 35
3224180642 18
3236016622 37
3252655057 151
3279979113 143
3305405241 63
3310504013 170
3311786556 71
3326957411 61
3332444146 152
3345103274 78
3346435016 98
3369397036 131
3415828832 153
3419165889 91
3421043283 82
3453834671 16
3475802041 119
3576346154 161
3611753873 62
3640665415 43
3644108658 110
3650994493 74
3682404586 112
3705166655 12
3794242346 56
3813827420 96
3825964894 179
3834047911 173
3846291404 103
3863463209 77
3880856117 75
3896729982 93
3897441493 14
3930536579 28
3934144507 31
3954570302 57
3978014586 155
3985338750 114
4012176614 162
4020817277 129
4025582691 15
4028575057 58
4106514720 67
4120563849 101
4136759817 169
4162517235 165
4168711638 158
4173604952 167
4231238145 134
4269563040 171
4277558944 49
