1800764 76
87484882 110
125896844 78
132851176 64
158100332 159
197722022 160
212966424 147
268465553 72
277378561 95
346763723 104
347327944 97
391851701 52
409984302 32
435153685 109
442087175 127
465915581 102
482554758 82
521460429 7
582418999 115
600757238 47
646992379 176
677338192 87
680353138 122
723386437 90
755509855 125
777434108 1
795357209 6
833957915 45
882923786 166
934031291 83
984515489 101
1029684725 156
1039775941 132
1061673189 19
1102138352 164
1119750476 143
1145535496 119
1163785346 175
1165500044 162
1171145260 24
1187002154 15
1199928407 55
1302911819 17
1315240339 8
1324646409 0
1353077104 29
1399969279 23
1404395783 99
1411244463 26
1423943361 134
1433784421 112
1473496205 12
1481700130 41
1490182304 14
1506500056 22
1540789971 142
1565581772 62
1583240062 117
1593335970 150
1703074003 77
1723374255 91
1755211868 103
1780965381 149
1817977319 31
1832923198 27
1836837436 71
1854296563 120
1880656059 148
1902819574 178
1957456795 129
1965817051 25
1966862849 28
1967912122 108
1979915395 11
1987706045 98
1991912470 161
2034853916 114
2040735391 67
2054922385 113
2070794468 96
2071342302 169
2088744826 38
2137655290 3
2180276089 18
2191007551 141
2245017434 133
2302936662 60
2321067875 61
2335376072 13
2337471812 145
2352408356 53
2386566304 158
2420023489 152
2493197103 121
2523580740 94
2533558194 157
2563637387 48
2564901090 21
2590626395 66
2612076060 177
2663355169 37
2675243293 65
2677761041 81
2680647675 93
2689742369 50
2714344193 57
2736746253 163
2739454820 137
2751470307 173
2752981434 123
2759781031 20
2819042102 51
2820570352 106
2877103839 107
2878053286 86
2881898293 35
2931281920 155
2946051437 105
2947745968 10
2947818890 39
2975899179 74
2976264608 5
3052336121 139
3109774447 4
3118895249 59
3134364972 80
3159294203 126
3197165266 135
3210776703 33
3224180642 43
3236016622 42
3252655057 128
3279979113 146
3305405241 44
3310504013 172
3311786556 56
3326957411 75
3332444146 131
3345103274 70
3346435016 84
3369397036 140
3415828832 154
3419165889 100
3421043283 58
3475802041 130
3576346154 136
3611753873 49
3637528652 9
3640665415 54
3644108658 124
3650994493 88
3682404586 79
3705166655 30
3794242346 69
3813827420 89
3825964894 179
3834047911 174
3846291404 118
3863463209 92
3880856117 73
3896729982 85
3897441493 34
3930536579 16
3934144507 36
3954570302 68
3978014586 153
3985338750 111
4012176614 165
4020817277 138
4025582691 2
4028575057 40
4106514720 63
4120563849 116
4136759817 171
4162517235 168
4168711638 144
4173604952 167
4231238145 151
4269563040 170
4277558944 46
