1800764 89
87484882 117
125896844 60
132851176 77
158100332 156
197722022 160
212966424 152
268465553 85
277378561 105
346763723 97
347327944 107
386235461 4
391851701 55
409984302 45
435153685 98
442087175 133
465915581 114
482554758 79
582418999 95
600757238 20
646992379 176
677338192 100
680353138 127
723386437 62
725606561 11
755509855 106
777434108 9
795357209 14
833957915 42
849924382 3
882923786 166
934031291 96
984515489 78
1029684725 159
1039775941 132
1061673189 5
1102138352 164
1119750476 144
1145535496 129
1163785346 174
1165500044 162
1171145260 34
1187002154 18
1199928407 56
1303866932 7
1315240339 16
1324646409 0
1353077104 10
1399969279 17
1404395783 74
1411244463 36
1423943361 138
1433784421 120
1481700130 50
1506500056 27
1540789971 136
1565581772 73
1583240062 126
1593335970 148
1703074003 92
1723374255 72
1755211868 113
1780965381 147
1817977319 40
1832923198 28
1836837436 65
1854296563 131
1880656059 151
1902819574 178
1957456795 122
1965817051 25
1966862849 1
1967912122 80
1979915395 19
1987706045 109
1991912470 161
2034853916 123
2040735391 84
2054922385 93
2070794468 110
2071342302 168
2088744826 46
2180276089 29
2191007551 130
2245017434 141
2302936662 66
2321067875 70
2335376072 23
2337471812 149
2352408356 58
2386566304 158
2420023489 145
2493197103 116
2523580740 104
2533558194 155
2563637387 54
2564901090 26
2590626395 82
2612076060 177
2623420502 2
2663355169 41
2675243293 71
2677761041 57
2680647675 108
2689742369 47
2714344193 68
2736746253 163
2739454820 139
2751470307 173
2752981434 115
2759781031 30
2819042102 53
2820570352 83
2877103839 99
2878053286 75
2881898293 44
2931281920 157
2940397723 6
2946051437 112
2947745968 24
2947818890 35
2975899179 64
2976264608 13
3052336121 150
3109774447 12
3118895249 67
3134364972 76
3159294203 111
3197165266 128
3210776703 32
3224180642 52
3236016622 37
3252655057 118
3279979113 140
3305405241 22
3310504013 172
3311786556 48
3326957411 90
3332444146 119
3345103274 63
3346435016 81
3369397036 143
3415828832 153
3419165889 103
3421043283 49
3475802041 137
3576346154 124
3611753873 31
3637528652 15
3640665415 59
3644108658 135
3650994493 101
3682404586 51
3705166655 39
3794242346 88
3813827420 91
3825964894 179
3834047911 175
3846291404 125
3863463209 102
3880856117 69
3896729982 87
3897441493 43
3930536579 8
3934144507 38
3954570302 86
3978014586 146
3985338750 94
4012176614 167
4020817277 142
4028575057 21
4106514720 61
4120563849 121
4136759817 171
4162517235 169
4168711638 134
4173604952 165
4231238145 154
4269563040 170
4277558944 33
