1800764 108
87484882 101
97068523 4
125896844 71
132851176 65
158100332 158
197722022 160
212966424 139
268465553 109
277378561 83
346763723 88
347327944 87
386235461 32
391851701 49
409984302 37
435153685 96
442087175 123
465915581 110
482554758 66
521460429 13
582418999 117
600757238 48
646992379 176
677338192 98
680353138 121
723386437 99
755509855 131
777434108 27
789663515 2
833957915 25
849924382 1
882923786 167
934031291 77
984515489 102
1029684725 157
1039775941 133
1061673189 22
1102138352 164
1119750476 136
1145535496 113
1163785346 174
1165500044 162
1171145260 12
1187002154 55
1199928407 44
1302911819 33
1315240339 39
1324646409 0
1353077104 40
1399969279 10
1404395783 103
1411244463 17
1423943361 127
1433784421 115
1473496205 15
1481700130 56
1490182304 14
1506500056 5
1540789971 147
1565581772 73
1583240062 119
1593335970 146
1703074003 100
1723374255 94
1755211868 92
1780965381 144
1817977319 21
1832923198 8
1836837436 59
1854296563 116
1880656059 141
1902819574 178
1957456795 138
1965817051 9
1966862849 47
1967912122 120
1987706045 93
1991912470 161
2034853916 112
2040735391 68
2054922385 118
2070794468 107
2071342302 168
2088744826 28
2180276089 11
2191007551 159
2245017434 128
2302936662 51
2321067875 53
2337471812 137
2352408356 45
2386566304 156
2420023489 153
2493197103 122
2523580740 81
2533558194 155
2563637387 38
2564901090 7
2590626395 86
2612076060 177
2623420502 43
2663355169 63
2675243293 54
2677761041 85
2680647675 105
2689742369 30
2714344193 75
2736746253 163
2739454820 129
2751470307 173
2752981434 125
2759781031 6
2819042102 31
2820570352 114
2877103839 91
2878053286 78
2881898293 57
2931281920 151
2940397723 34
2946051437 90
2947745968 19
2947818890 20
2975899179 62
2976264608 24
3052336121 135
3118895249 84
3134364972 64
3159294203 134
3197165266 140
3210776703 16
3224180642 46
3236016622 23
3252655057 143
3279979113 142
3305405241 41
3310504013 172
3311786556 50
3326957411 89
3332444146 145
3345103274 61
3346435016 70
3369397036 132
3415828832 152
3419165889 82
3421043283 58
3439938365 35
3475802041 126
3576346154 154
3611753873 42
3640665415 76
3644108658 124
3650994493 95
3682404586 97
3705166655 18
3794242346 72
3813827420 74
3825964894 179
3834047911 175
3846291404 111
3863463209 79
3880856117 60
3896729982 69
3897441493 26
3930536579 3
3934144507 67
3954570302 80
3978014586 150
3985338750 106
4012176614 165
4020817277 130
4028575057 36
4106514720 52
4120563849 104
4136759817 171
4162517235 169
4168711638 149
4173604952 166
4231238145 148
4269563040 170
4277558944 29
