1800764 19
87484882 76
125896844 108
132851176 23
143419484 3
158100332 149
197722022 125
212966424 123
268465553 18
277378561 79
346763723 105
347327944 70
366165566 21
391851701 11
435153685 110
442087175 117
456854657 59
465915581 60
480126874 43
482554758 101
521460429 67
582418999 126
600757238 89
646992379 174
677338192 49
680353138 116
723386437 120
755509855 153
833957915 37
882923786 162
934031291 55
972543760 4
976519997 35
984515489 121
1029684725 133
1039775941 146
1061459597 178
1061673189 72
1102138352 154
1119750476 138
1145535496 87
1163785346 175
1165500044 139
1171145260 1
1199928407 62
1302911819 82
1324646409 0
1353077104 84
1399969279 56
1402099477 38
1404395783 122
1423943361 114
1433784421 69
1462563128 53
1473496205 68
1490182304 66
1497564029 61
1506500056 32
1540789971 159
1565581772 17
1567831198 9
1583240062 74
1593335970 145
1703074003 24
1723374255 115
1755211868 73
1780965381 142
1817977319 5
1832923198 40
1836837436 88
1854296563 94
1880656059 135
1902819574 177
1957456795 156
1965817051 46
1966862849 93
1967912122 136
1987706045 65
1991912470 148
2023365118 27
2034853916 78
2040735391 25
2054922385 131
2070794468 58
2071342302 165
2088744826 14
2115991866 33
2137655290 29
2191007551 170
2245017434 107
2273076216 22
2302936662 42
2321067875 41
2337471812 130
2338681792 13
2352408356 34
2386566304 141
2420023489 163
2455595861 31
2493197103 128
2523580740 77
2533558194 143
2563637387 15
2564901090 36
2590626395 16
2612076060 176
2618357298 28
2654090424 8
2675243293 63
2677761041 113
2680647675 57
2689742369 52
2714344193 10
2736746253 150
2739454820 127
2751470307 173
2752981434 140
2819042102 45
2820570352 129
2877103839 106
2878053286 109
2931281920 137
2946051437 91
2947818890 48
2975899179 99
3052336121 111
3118895249 7
3134364972 96
3159294203 155
3197165266 157
3210776703 50
3236016622 47
3252655057 160
3279979113 147
3305405241 83
3310504013 167
3311786556 85
3326957411 26
3332444146 161
3345103274 92
3346435016 104
3369397036 134
3415828832 152
3419165889 90
3421043283 100
3453834671 44
3475802041 112
3576346154 169
3611753873 81
3637528652 2
3644108658 98
3650994493 54
3682404586 118
3705166655 12
3794242346 30
3813827420 103
3825964894 179
3834047911 171
3846291404 97
3863463209 71
3880856117 86
3896729982 102
3897441493 6
3930536579 51
3954570302 20
3978014586 158
3985338750 119
4012176614 144
4020817277 132
4025582691 39
4028575057 80
4106514720 75
4120563849 95
4136759817 168
4162517235 151
4168711638 166
4173604952 164
4231238145 124
4269563040 172
4277558944 64
