1800764 48
87484882 90
125896844 101
132851176 43
158100332 153
197722022 136
212966424 129
268465553 41
277378561 87
346763723 106
347327944 80
391851701 25
409984302 7
435153685 110
442087175 126
456854657 23
465915581 76
480126874 17
482554758 95
521460429 46
582418999 121
600757238 74
646992379 175
677338192 65
680353138 120
723386437 113
755509855 138
833957915 37
882923786 166
934031291 66
976519997 14
984515489 114
1029684725 139
1039775941 140
1061459597 178
1061673189 59
1102138352 164
1119750476 137
1145535496 100
1163785346 174
1165500044 154
1171145260 11
1199928407 62
1302911819 61
1324646409 0
1353077104 64
1399969279 39
1402099477 19
1404395783 115
1411244463 10
1423943361 125
1433784421 84
1462563128 26
1473496205 51
1481700130 6
1490182304 49
1497564029 30
1506500056 28
1540789971 152
1565581772 36
1583240062 92
1593335970 148
1703074003 53
1723374255 112
1755211868 88
1780965381 143
1817977319 15
1832923198 33
1836837436 82
1854296563 104
1880656059 135
1902819574 177
1957456795 144
1965817051 35
1966862849 69
1967912122 123
1987706045 78
1991912470 160
2034853916 93
2040735391 50
2054922385 122
2070794468 73
2071342302 168
2088744826 24
2115991866 3
2137655290 13
2191007551 161
2245017434 117
2273076216 8
2302936662 57
2321067875 58
2337471812 134
2338681792 4
2352408356 44
2386566304 150
2420023489 159
2493197103 127
2523580740 86
2533558194 151
2563637387 27
2564901090 32
2590626395 38
2612076060 176
2663355169 1
2675243293 68
2677761041 107
2680647675 72
2689742369 55
2714344193 31
2736746253 163
2739454820 128
2751470307 172
2752981434 130
2759781031 9
2819042102 52
2820570352 118
2877103839 109
2878053286 105
2881898293 2
2931281920 142
2946051437 96
2947818890 42
2975899179 89
3052336121 124
3118895249 29
3134364972 91
3159294203 141
3197165266 146
3210776703 40
3224180642 12
3236016622 45
3252655057 147
3279979113 145
3305405241 67
3310504013 169
3311786556 77
3326957411 54
3332444146 149
3345103274 85
3346435016 99
3369397036 133
3415828832 155
3419165889 94
3421043283 83
3453834671 21
3475802041 119
3576346154 158
3611753873 70
3637528652 5
3640665415 20
3644108658 108
3650994493 71
3682404586 111
3705166655 18
3794242346 56
3813827420 98
3825964894 179
3834047911 173
3846291404 103
3863463209 79
3880856117 81
3896729982 97
3897441493 16
3930536579 34
3954570302 47
3978014586 156
3985338750 116
4012176614 162
4020817277 131
4025582691 22
4028575057 63
4106514720 75
4120563849 102
4136759817 170
4162517235 165
4168711638 157
4173604952 167
4231238145 132
4269563040 171
4277558944 60
