1800764 62
87484882 114
125896844 75
132851176 66
158100332 159
197722022 158
212966424 148
268465553 56
277378561 104
346763723 107
347327944 101
391851701 50
409984302 28
435153685 112
442087175 134
465915581 98
482554758 86
521460429 2
582418999 109
600757238 35
646992379 176
677338192 85
680353138 127
723386437 81
725606561 9
755509855 117
795357209 16
833957915 49
882923786 167
934031291 84
972543760 4
984515489 92
1029684725 155
1039775941 133
1061673189 15
1102138352 164
1119750476 145
1145535496 121
1163785346 174
1165500044 161
1171145260 33
1199928407 64
1302911819 6
1303866932 5
1324646409 0
1353077104 22
1399969279 27
1404395783 89
1411244463 30
1423943361 137
1433784421 110
1473496205 8
1481700130 26
1490182304 11
1506500056 32
1540789971 139
1565581772 60
1583240062 116
1593335970 150
1703074003 67
1723374255 83
1755211868 108
1780965381 147
1817977319 38
1832923198 34
1836837436 78
1854296563 124
1880656059 151
1902819574 178
1957456795 129
1965817051 31
1966862849 14
1967912122 93
1979915395 20
1987706045 100
1991912470 162
2034853916 115
2040735391 68
2054922385 103
2070794468 95
2071342302 169
2088744826 44
2137655290 3
2180276089 23
2191007551 132
2245017434 135
2302936662 70
2321067875 71
2335376072 19
2337471812 146
2338681792 10
2352408356 59
2386566304 160
2420023489 149
2493197103 123
2523580740 102
2533558194 157
2563637387 51
2564901090 29
2590626395 58
2612076060 177
2663355169 17
2675243293 76
2677761041 73
2680647675 94
2689742369 54
2714344193 53
2736746253 163
2739454820 140
2751470307 173
2752981434 122
2759781031 25
2819042102 55
2820570352 96
2877103839 111
2878053286 87
2881898293 24
2931281920 156
2946051437 113
2947745968 12
2947818890 46
2975899179 79
2979186596 7
3052336121 142
3109774447 1
3118895249 52
3134364972 82
3159294203 119
3197165266 131
3210776703 42
3224180642 41
3236016622 48
3252655057 125
3279979113 144
3305405241 37
3310504013 172
3311786556 57
3326957411 69
3332444146 126
3345103274 77
3346435016 88
3369397036 143
3415828832 154
3419165889 106
3421043283 61
3475802041 136
3576346154 130
3611753873 45
3637528652 21
3640665415 39
3644108658 128
3650994493 90
3682404586 63
3705166655 40
3794242346 72
3813827420 97
3825964894 179
3834047911 175
3846291404 120
3863463209 99
3880856117 80
3896729982 91
3897441493 43
3930536579 18
3934144507 13
3954570302 65
3978014586 152
3985338750 105
4012176614 165
4020817277 141
4028575057 36
4106514720 74
4120563849 118
4136759817 171
4162517235 166
4168711638 138
4173604952 168
4231238145 153
4269563040 170
4277558944 47
