1800764 102
87484882 126
97068523 7
125896844 45
132851176 89
158100332 154
197722022 160
212966424 153
268465553 99
277378561 112
346763723 90
347327944 117
386235461 12
391851701 71
409984302 52
435153685 91
442087175 135
465915581 125
482554758 73
582418999 80
600757238 1
646992379 175
677338192 116
680353138 122
723386437 46
725606561 14
755509855 84
777434108 19
795357209 18
833957915 41
849924382 10
882923786 166
934031291 109
984515489 60
1029684725 159
1039775941 118
1102138352 163
1119750476 144
1145535496 132
1163785346 172
1165500044 164
1171145260 40
1187002154 33
1199928407 55
1303866932 8
1315240339 31
1324646409 0
1399969279 9
1404395783 57
1411244463 43
1423943361 143
1433784421 131
1481700130 63
1506500056 24
1540789971 128
1565581772 88
1583240062 133
1593335970 146
1648888063 3
1703074003 106
1723374255 56
1755211868 120
1780965381 147
1817977319 47
1832923198 21
1836837436 67
1854296563 134
1880656059 151
1902819574 178
1957456795 104
1965817051 16
1967912122 53
1979915395 27
1987706045 119
1991912470 161
2034853916 130
2040735391 92
2054922385 74
2070794468 123
2071342302 168
2088744826 50
2180276089 38
2191007551 108
2245017434 148
2302936662 79
2321067875 82
2335376072 29
2337471812 149
2352408356 70
2386566304 157
2420023489 137
2493197103 105
2523580740 113
2533558194 155
2563637387 66
2564901090 20
2590626395 93
2612076060 177
2623420502 11
2663355169 54
2675243293 76
2677761041 39
2680647675 121
2689742369 42
2714344193 86
2736746253 162
2739454820 140
2751470307 173
2752981434 94
2759781031 36
2819042102 48
2820570352 59
2877103839 97
2878053286 68
2881898293 58
2931281920 158
2940397723 13
2946051437 114
2947745968 34
2947818890 32
2975899179 62
2976264608 26
3052336121 152
3109774447 23
3118895249 87
3134364972 75
3159294203 85
3197165266 110
3210776703 28
3224180642 64
3236016622 37
3252655057 95
3279979113 136
3305405241 5
3310504013 174
3311786556 35
3326957411 103
3332444146 100
3345103274 61
3346435016 72
3369397036 142
3415828832 150
3419165889 107
3421043283 30
3439938365 4
3475802041 145
3576346154 101
3576952995 2
3611753873 15
3637528652 17
3640665415 78
3644108658 139
3650994493 115
3682404586 22
3705166655 44
3794242346 98
3813827420 83
3825964894 179
3834047911 176
3846291404 129
3863463209 111
3880856117 69
3896729982 77
3897441493 49
3934144507 51
3954570302 96
3978014586 138
3985338750 81
4012176614 169
4020817277 141
4028575057 6
4106514720 65
4120563849 127
4136759817 171
4162517235 170
4168711638 124
4173604952 165
4231238145 156
4269563040 167
4277558944 25
