1800764 61
87484882 114
125896844 74
132851176 67
158100332 158
197722022 159
212966424 151
268465553 56
277378561 105
346763723 107
347327944 103
391851701 51
409984302 32
435153685 111
442087175 134
465915581 98
482554758 85
521460429 1
582418999 106
600757238 28
646992379 176
677338192 88
680353138 129
723386437 78
725606561 11
755509855 115
795357209 16
833957915 49
882923786 167
934031291 90
972543760 6
984515489 91
1029684725 156
1039775941 133
1061673189 15
1102138352 164
1119750476 145
1145535496 123
1163785346 174
1165500044 162
1171145260 37
1199928407 64
1302911819 2
1303866932 8
1324646409 0
1353077104 19
1399969279 26
1404395783 84
1411244463 35
1423943361 139
1433784421 112
1473496205 5
1481700130 25
1490182304 7
1506500056 33
1540789971 138
1565581772 62
1583240062 117
1593335970 149
1703074003 66
1723374255 82
1755211868 109
1780965381 148
1817977319 39
1832923198 36
1836837436 80
1854296563 125
1880656059 152
1902819574 178
1957456795 127
1965817051 29
1966862849 12
1967912122 87
1979915395 21
1987706045 101
1991912470 161
2034853916 116
2040735391 68
2054922385 99
2070794468 96
2071342302 169
2088744826 47
2137655290 4
2180276089 24
2191007551 132
2245017434 136
2302936662 71
2321067875 72
2335376072 20
2337471812 146
2338681792 10
2352408356 63
2386566304 160
2420023489 147
2493197103 121
2523580740 104
2533558194 157
2563637387 52
2564901090 30
2590626395 60
2612076060 177
2663355169 17
2675243293 77
2677761041 70
2680647675 95
2689742369 54
2714344193 53
2736746253 163
2739454820 140
2751470307 173
2752981434 119
2759781031 27
2819042102 55
2820570352 92
2877103839 110
2878053286 86
2881898293 23
2931281920 155
2946051437 113
2947745968 13
2947818890 46
2975899179 79
2979186596 9
3052336121 142
3109774447 3
3118895249 50
3134364972 83
3159294203 118
3197165266 131
3210776703 41
3224180642 40
3236016622 48
3252655057 124
3279979113 144
3305405241 34
3310504013 172
3311786556 57
3326957411 69
3332444146 126
3345103274 76
3346435016 89
3369397036 143
3415828832 154
3419165889 108
3421043283 59
3475802041 137
3576346154 128
3611753873 44
3637528652 22
3640665415 38
3644108658 130
3650994493 94
3682404586 58
3705166655 42
3794242346 73
3813827420 97
3825964894 179
3834047911 175
3846291404 122
3863463209 100
3880856117 81
3896729982 93
3897441493 43
3930536579 18
3934144507 14
3954570302 65
3978014586 150
3985338750 102
4012176614 165
4020817277 141
4028575057 31
4106514720 75
4120563849 120
4136759817 171
4162517235 168
4168711638 135
4173604952 166
4231238145 153
4269563040 170
4277558944 45
