1800764 65
87484882 113
125896844 71
132851176 66
158100332 157
197722022 160
212966424 151
268465553 62
277378561 103
346763723 105
347327944 106
391851701 52
409984302 37
435153685 110
442087175 134
465915581 101
482554758 84
582418999 107
600757238 31
646992379 176
677338192 93
680353138 127
723386437 81
725606561 10
755509855 115
795357209 16
833957915 48
882923786 167
934031291 91
984515489 88
1029684725 158
1039775941 132
1061673189 13
1102138352 164
1119750476 145
1145535496 123
1163785346 174
1165500044 162
1171145260 35
1187002154 8
1199928407 60
1302911819 2
1303866932 5
1315240339 11
1324646409 0
1353077104 18
1399969279 23
1404395783 87
1411244463 34
1423943361 139
1433784421 114
1473496205 3
1481700130 36
1490182304 7
1506500056 28
1540789971 138
1565581772 61
1583240062 117
1593335970 149
1703074003 73
1723374255 83
1755211868 111
1780965381 147
1817977319 40
1832923198 32
1836837436 78
1854296563 124
1880656059 152
1902819574 178
1957456795 128
1965817051 27
1966862849 12
1967912122 90
1979915395 19
1987706045 104
1991912470 161
2034853916 116
2040735391 72
2054922385 98
2070794468 97
2071342302 169
2088744826 46
2180276089 22
2191007551 133
2245017434 137
2302936662 64
2321067875 68
2335376072 20
2337471812 146
2338681792 6
2352408356 59
2386566304 159
2420023489 148
2493197103 121
2523580740 102
2533558194 156
2563637387 51
2564901090 26
2590626395 63
2612076060 177
2663355169 24
2675243293 75
2677761041 67
2680647675 96
2689742369 50
2714344193 57
2736746253 163
2739454820 140
2751470307 173
2752981434 120
2759781031 25
2819042102 53
2820570352 92
2877103839 109
2878053286 85
2881898293 29
2931281920 155
2946051437 112
2947745968 14
2947818890 44
2975899179 77
2976264608 1
2979186596 4
3052336121 144
3109774447 9
3118895249 56
3134364972 82
3159294203 118
3197165266 131
3210776703 38
3224180642 45
3236016622 47
3252655057 125
3279979113 143
3305405241 33
3310504013 172
3311786556 54
3326957411 76
3332444146 126
3345103274 74
3346435016 86
3369397036 142
3415828832 154
3419165889 108
3421043283 55
3475802041 136
3576346154 129
3611753873 41
3637528652 17
3640665415 49
3644108658 130
3650994493 95
3682404586 58
3705166655 39
3794242346 79
3813827420 94
3825964894 179
3834047911 175
3846291404 122
3863463209 99
3880856117 80
3896729982 89
3897441493 43
3930536579 15
3934144507 21
3954570302 70
3978014586 150
3985338750 100
4012176614 165
4020817277 141
4028575057 30
4106514720 69
4120563849 119
4136759817 171
4162517235 168
4168711638 135
4173604952 166
4231238145 153
4269563040 170
4277558944 42
