1800764 22
87484882 85
125896844 105
132851176 31
158100332 153
197722022 130
212966424 128
268465553 18
277378561 86
346763723 107
347327944 77
391851701 17
435153685 110
442087175 123
456854657 37
465915581 65
480126874 30
482554758 99
521460429 57
582418999 124
600757238 80
646992379 174
677338192 55
680353138 121
723386437 114
755509855 140
833957915 43
882923786 166
934031291 62
972543760 5
976519997 27
984515489 117
1029684725 135
1039775941 141
1061459597 178
1061673189 64
1102138352 161
1119750476 138
1145535496 95
1163785346 175
1165500044 145
1171145260 11
1199928407 66
1302911819 68
1324646409 0
1353077104 72
1399969279 52
1402099477 32
1404395783 118
1411244463 4
1423943361 120
1433784421 73
1462563128 40
1473496205 59
1490182304 58
1497564029 45
1506500056 38
1540789971 157
1565581772 24
1583240062 83
1593335970 147
1703074003 28
1723374255 112
1755211868 81
1780965381 143
1817977319 15
1832923198 44
1836837436 89
1854296563 97
1880656059 136
1902819574 177
1957456795 148
1965817051 46
1966862849 76
1967912122 126
1987706045 71
1991912470 156
2023365118 2
2034853916 87
2040735391 35
2054922385 125
2070794468 63
2071342302 168
2088744826 23
2115991866 14
2137655290 26
2191007551 165
2245017434 113
2273076216 20
2302936662 53
2321067875 51
2337471812 133
2338681792 12
2352408356 42
2386566304 144
2420023489 163
2455595861 9
2493197103 127
2523580740 84
2533558194 150
2563637387 25
2564901090 41
2590626395 21
2612076060 176
2618357298 7
2654090424 1
2675243293 69
2677761041 109
2680647675 61
2689742369 56
2714344193 13
2736746253 158
2739454820 131
2751470307 172
2752981434 137
2759781031 6
2819042102 54
2820570352 122
2877103839 108
2878053286 106
2931281920 139
2946051437 96
2947818890 50
2975899179 92
2979186596 3
3052336121 115
3118895249 10
3134364972 93
3159294203 142
3197165266 149
3210776703 48
3236016622 49
3252655057 151
3279979113 146
3305405241 74
3310504013 169
3311786556 82
3326957411 33
3332444146 152
3345103274 90
3346435016 104
3369397036 134
3415828832 154
3419165889 94
3421043283 91
3453834671 34
3475802041 116
3576346154 164
3611753873 75
3637528652 8
3644108658 101
3650994493 60
3682404586 111
3705166655 19
3794242346 39
3813827420 103
3825964894 179
3834047911 173
3846291404 100
3863463209 79
3880856117 88
3896729982 102
3897441493 16
3930536579 47
3954570302 29
3978014586 159
3985338750 119
4012176614 155
4020817277 132
4025582691 36
4028575057 70
4106514720 78
4120563849 98
4136759817 170
4162517235 160
4168711638 162
4173604952 167
4231238145 129
4269563040 171
4277558944 67
