1800764 81
87484882 113
125896844 71
132851176 66
158100332 157
197722022 160
212966424 148
268465553 78
277378561 97
346763723 100
347327944 101
391851701 52
409984302 38
435153685 108
442087175 130
465915581 109
482554758 80
521460429 3
582418999 112
600757238 35
646992379 176
677338192 92
680353138 124
723386437 85
755509855 123
777434108 4
795357209 9
833957915 42
882923786 167
934031291 88
984515489 91
1029684725 158
1039775941 131
1061673189 14
1102138352 164
1119750476 144
1145535496 119
1163785346 174
1165500044 162
1171145260 28
1187002154 18
1199928407 55
1302911819 10
1315240339 16
1324646409 0
1353077104 25
1399969279 21
1404395783 90
1411244463 29
1423943361 135
1433784421 114
1473496205 6
1481700130 47
1490182304 7
1506500056 24
1540789971 140
1565581772 64
1583240062 118
1593335970 149
1703074003 82
1723374255 87
1755211868 107
1780965381 147
1817977319 34
1832923198 27
1836837436 68
1854296563 121
1880656059 150
1902819574 178
1957456795 128
1965817051 26
1966862849 19
1967912122 98
1979915395 13
1987706045 103
1991912470 161
2034853916 115
2040735391 72
2054922385 111
2070794468 104
2071342302 168
2088744826 41
2180276089 20
2191007551 137
2245017434 136
2302936662 58
2321067875 59
2335376072 15
2337471812 146
2352408356 54
2386566304 159
2420023489 151
2493197103 120
2523580740 96
2533558194 156
2563637387 51
2564901090 23
2590626395 73
2612076060 177
2623420502 2
2663355169 45
2675243293 63
2677761041 74
2680647675 102
2689742369 49
2714344193 61
2736746253 163
2739454820 138
2751470307 173
2752981434 122
2759781031 22
2819042102 50
2820570352 95
2877103839 105
2878053286 84
2881898293 43
2931281920 155
2940397723 1
2946051437 110
2947745968 17
2947818890 36
2975899179 69
2976264608 8
3052336121 143
3109774447 5
3118895249 62
3134364972 77
3159294203 125
3197165266 132
3210776703 30
3224180642 48
3236016622 40
3252655057 127
3279979113 145
3305405241 33
3310504013 172
3311786556 53
3326957411 79
3332444146 129
3345103274 65
3346435016 83
3369397036 141
3415828832 154
3419165889 99
3421043283 56
3475802041 134
3576346154 133
3611753873 44
3637528652 11
3640665415 57
3644108658 126
3650994493 93
3682404586 67
3705166655 32
3794242346 76
3813827420 89
3825964894 179
3834047911 175
3846291404 117
3863463209 94
3880856117 70
3896729982 86
3897441493 37
3930536579 12
3934144507 46
3954570302 75
3978014586 152
3985338750 106
4012176614 165
4020817277 139
4028575057 31
4106514720 60
4120563849 116
4136759817 171
4162517235 169
4168711638 142
4173604952 166
4231238145 153
4269563040 170
4277558944 39
