1800764 137
87484882 119
97068523 36
125896844 28
132851176 99
158100332 152
197722022 161
212966424 154
268465553 135
277378561 95
346763723 78
347327944 107
386235461 67
391851701 77
409984302 71
435153685 79
442087175 121
465915581 134
482554758 56
582418999 70
646992379 175
677338192 124
680353138 101
715741596 21
723386437 34
725606561 12
755509855 81
777434108 59
789663515 32
795357209 11
833957915 24
849924382 33
882923786 166
905458755 15
934031291 106
984515489 51
1029684725 159
1039775941 100
1102138352 164
1119750476 140
1145535496 126
1163785346 172
1165500044 168
1171145260 30
1187002154 84
1199928407 37
1303866932 3
1315240339 73
1324646409 0
1404395783 48
1411244463 41
1423943361 144
1433784421 143
1481700130 86
1506500056 7
1540789971 113
1565581772 108
1583240062 145
1593335970 141
1648888063 27
1703074003 127
1723374255 44
1755211868 109
1780965381 142
1817977319 42
1832923198 5
1836837436 46
1854296563 128
1880656059 150
1902819574 178
1957456795 91
1967912122 52
1979915395 18
1987706045 114
1991912470 160
2034853916 129
2040735391 104
2054922385 65
2070794468 132
2071342302 167
2088744826 45
2180276089 38
2191007551 102
2245017434 151
2302936662 74
2321067875 76
2335376072 22
2337471812 148
2352408356 61
2386566304 156
2420023489 130
2493197103 85
2523580740 97
2533558194 153
2563637387 64
2564901090 4
2590626395 120
2612076060 177
2623420502 72
2663355169 92
2675243293 62
2677761041 26
2680647675 131
2689742369 23
2714344193 112
2736746253 162
2739454820 136
2751470307 173
2752981434 83
2759781031 25
2819042102 29
2820570352 54
2877103839 80
2878053286 50
2881898293 88
2931281920 157
2939038785 1
2940397723 68
2946051437 93
2947745968 55
2947818890 13
2975899179 40
2976264608 58
3052336121 155
3109774447 31
3118895249 116
3134364972 57
3159294203 82
3197165266 96
3210776703 10
3224180642 75
3236016622 19
3252655057 89
3279979113 125
3310504013 174
3311786556 17
3326957411 122
3332444146 90
3345103274 39
3346435016 53
3369397036 139
3415828832 147
3419165889 87
3421043283 16
3439938365 63
3475802041 146
3576346154 94
3576952995 14
3611753873 2
3637528652 6
3640665415 110
3644108658 149
3650994493 123
3682404586 20
3705166655 35
3794242346 105
3813827420 66
3825964894 179
3834047911 176
3846291404 118
3863463209 98
3880856117 49
3896729982 60
3897441493 47
3934144507 103
3954570302 115
3978014586 133
3985338750 69
4012176614 169
4020817277 138
4074327253 8
4106514720 43
4120563849 117
4136759817 171
4162517235 170
4168711638 111
4173604952 165
4231238145 158
4269563040 163
4277558944 9
