1800764 132
87484882 158
97068523 40
125896844 106
132851176 118
143419484 2
158100332 201
197722022 205
212966424 197
256620174 6
268465553 130
277378561 150
346763723 141
347327944 151
386235461 48
391851701 99
409984302 87
435153685 147
442087175 178
448554581 18
456854657 9
465915581 157
480126874 15
482554758 122
521460429 37
548834259 19
582418999 142
600757238 72
646992379 221
677338192 143
680353138 170
715741596 11
723386437 116
725606561 52
755509855 159
777434108 54
789663515 25
795357209 58
833957915 86
849924382 46
882923786 211
905458755 4
934031291 138
960241349 28
972543760 38
976519997 27
984515489 131
1029684725 204
1030179093 1
1039775941 176
1061673189 51
1102138352 209
1119750476 189
1145535496 169
1163785346 219
1165500044 207
1171145260 77
1187002154 66
1199928407 100
1297835987 5
1302911819 44
1303866932 47
1315240339 62
1324646409 0
1353077104 59
1399969279 63
1402099477 24
1404395783 127
1411244463 80
1423943361 183
1433784421 163
1462563128 22
1473496205 42
1481700130 93
1490182304 45
1497564029 20
1506500056 69
1540789971 181
1565581772 117
1583240062 167
1593335970 193
1648888063 32
1703074003 137
1721069724 8
1723374255 120
1755211868 156
1780965381 191
1817977319 84
1832923198 71
1836837436 111
1854296563 172
1878223483 3
1880656059 196
1902819574 223
1957456795 173
1965817051 67
1966862849 53
1967912122 134
1979915395 61
1987706045 152
1991912470 206
2034853916 165
2040735391 123
2054922385 139
2070794468 154
2071342302 213
2088744826 89
2137655290 36
2180276089 74
2191007551 177
2245017434 184
2273076216 26
2302936662 108
2321067875 110
2335376072 64
2337471812 194
2338681792 43
2352408356 102
2386566304 203
2420023489 190
2493197103 161
2523580740 149
2533558194 200
2563637387 98
2564901090 68
2590626395 121
2612076060 222
2616533013 23
2623420502 49
2654090424 12
2663355169 90
2675243293 112
2677761041 104
2680647675 153
2689742369 92
2714344193 113
2727339584 29
2736746253 208
2739454820 185
2751470307 218
2752981434 162
2759781031 75
2819042102 95
2820570352 135
2877103839 148
2878053286 124
2881898293 91
2931281920 202
2939038785 13
2940397723 50
2946051437 155
2947745968 65
2947818890 81
2975899179 109
2976264608 57
2979186596 41
3044575483 30
3052336121 192
3109774447 56
3118895249 114
3134364972 119
3159294203 160
3197165266 175
3210776703 76
3224180642 94
3236016622 83
3238789951 10
3252655057 168
3279979113 188
3305405241 73
3310504013 217
3311786556 96
3326957411 133
3332444146 171
3345103274 107
3346435016 125
3369397036 187
3415828832 198
3419165889 146
3421043283 97
3439938365 39
3453834671 17
3475802041 182
3516413806 35
3576346154 174
3576952995 34
3611753873 78
3637528652 60
3640665415 103
3644108658 179
3650994493 145
3682404586 101
3705166655 82
3794242346 128
3813827420 136
3825964894 224
3834047911 220
3846291404 166
3863463209 144
3880856117 115
3885860355 14
3896729982 129
3897441493 85
3930536579 55
3934144507 88
3954570302 126
3978014586 195
3985338750 140
4012176614 212
4020817277 186
4025582691 31
4028575057 70
4056565709 16
4074327253 33
4084769632 21
4106514720 105
4120563849 164
4136759817 216
4162517235 214
4168711638 180
4173604952 210
4231238145 199
4238147281 7
4269563040 215
4277558944 79
