87484882 67
125896844 113
132851176 7
143419484 22
158100332 149
197722022 114
212966424 116
277378561 72
346763723 107
347327944 62
366165566 39
435153685 112
442087175 117
456854657 70
465915581 32
480126874 57
482554758 102
521460429 79
582418999 135
600757238 98
646992379 174
677338192 25
680353138 119
723386437 127
755509855 158
833957915 36
882923786 155
934031291 34
972543760 17
976519997 45
984515489 130
1029684725 120
1039775941 153
1061459597 175
1061673189 82
1102138352 147
1119750476 138
1145535496 75
1163785346 178
1165500044 133
1171145260 2
1199928407 61
1302911819 94
1324646409 0
1353077104 95
1399969279 60
1402099477 56
1404395783 131
1423943361 110
1433784421 46
1462563128 68
1473496205 81
1490182304 78
1497564029 73
1506500056 37
1540789971 164
1567831198 26
1583240062 58
1593335970 150
1721069724 19
1723374255 121
1755211868 69
1780965381 145
1817977319 5
1832923198 44
1836837436 90
1854296563 80
1880656059 126
1902819574 177
1957456795 163
1965817051 52
1966862849 100
1967912122 141
1987706045 51
1991912470 143
2023365118 43
2034853916 66
2040735391 10
2054922385 136
2070794468 29
2071342302 157
2088744826 13
2115991866 50
2137655290 40
2191007551 173
2245017434 99
2273076216 35
2302936662 33
2321067875 31
2335932329 16
2337471812 122
2338681792 23
2352408356 28
2386566304 140
2420023489 165
2455595861 48
2493197103 134
2523580740 71
2533558194 146
2563637387 9
2564901090 38
2612076060 176
2616533013 12
2618357298 42
2654090424 24
2675243293 65
2677761041 118
2680647675 27
2689742369 53
2736746253 144
2739454820 124
2751470307 169
2752981434 148
2819042102 41
2820570352 137
2877103839 108
2878053286 111
2931281920 132
2946051437 85
2947818890 49
2975899179 97
2979186596 15
3052336121 105
3134364972 96
3159294203 161
3197165266 162
3210776703 54
3236016622 47
3252655057 168
3279979113 151
3305405241 92
3310504013 154
3311786556 91
3326957411 4
3332444146 167
3345103274 93
3346435016 106
3369397036 129
3415828832 152
3419165889 86
3421043283 103
3453834671 59
3475802041 109
3570828790 20
3576346154 172
3611753873 89
3637528652 11
3644108658 76
3650994493 30
3682404586 128
3705166655 8
3735285954 6
3794242346 14
3813827420 104
3825964894 179
3834047911 166
3846291404 84
3863463209 64
3880856117 87
3896729982 101
3897441493 3
3930536579 63
3954570302 1
3978014586 160
3985338750 123
4012176614 139
4020817277 125
4025582691 55
4028575057 88
4071585141 21
4084769632 18
4106514720 77
4120563849 83
4136759817 159
4162517235 142
4168711638 170
4173604952 156
4231238145 115
4269563040 171
4277558944 74
