1800764 50
87484882 97
125896844 87
132851176 55
158100332 159
197722022 150
212966424 140
268465553 43
277378561 93
346763723 107
347327944 88
391851701 36
409984302 17
435153685 113
442087175 127
465915581 78
482554758 90
521460429 20
582418999 120
600757238 63
646992379 175
677338192 71
680353138 122
723386437 103
755509855 125
795357209 7
833957915 47
882923786 166
934031291 73
976519997 5
984515489 108
1029684725 151
1039775941 134
1061459597 178
1061673189 34
1102138352 164
1119750476 142
1145535496 109
1163785346 174
1165500044 160
1171145260 22
1199928407 68
1302911819 30
1324646409 0
1353077104 46
1399969279 39
1402099477 4
1404395783 106
1411244463 19
1423943361 129
1433784421 92
1462563128 8
1473496205 24
1481700130 15
1490182304 25
1497564029 10
1506500056 31
1540789971 146
1565581772 49
1583240062 101
1593335970 152
1703074003 54
1723374255 104
1755211868 94
1780965381 149
1817977319 27
1832923198 38
1836837436 79
1854296563 114
1880656059 145
1902819574 177
1957456795 132
1965817051 40
1966862849 42
1967912122 116
1979915395 12
1987706045 83
1991912470 161
2034853916 102
2040735391 61
2054922385 119
2070794468 77
2071342302 168
2088744826 33
2137655290 13
2180276089 11
2191007551 144
2245017434 123
2302936662 66
2321067875 67
2335376072 9
2337471812 141
2338681792 6
2352408356 58
2386566304 156
2420023489 154
2493197103 121
2523580740 91
2533558194 158
2563637387 41
2564901090 32
2590626395 45
2612076060 176
2675243293 70
2677761041 89
2680647675 76
2689742369 59
2714344193 37
2736746253 162
2739454820 135
2751470307 172
2752981434 124
2759781031 18
2819042102 56
2820570352 115
2877103839 110
2878053286 98
2881898293 3
2931281920 153
2946051437 105
2947818890 48
2975899179 82
2979186596 1
3052336121 130
3118895249 35
3134364972 84
3159294203 128
3197165266 136
3210776703 44
3224180642 23
3236016622 51
3252655057 131
3279979113 147
3305405241 60
3310504013 170
3311786556 69
3326957411 62
3332444146 133
3345103274 80
3346435016 96
3369397036 138
3415828832 157
3419165889 100
3421043283 72
3453834671 2
3475802041 126
3576346154 139
3611753873 64
3637528652 16
3640665415 21
3644108658 118
3650994493 75
3682404586 85
3705166655 29
3794242346 65
3813827420 99
3825964894 179
3834047911 173
3846291404 112
3863463209 86
3880856117 81
3896729982 95
3897441493 28
3930536579 26
3954570302 52
3978014586 155
3985338750 117
4012176614 163
4020817277 137
4025582691 14
4028575057 53
4106514720 74
4120563849 111
4136759817 169
4162517235 165
4168711638 148
4173604952 167
4231238145 143
4269563040 171
4277558944 57
