1800764 152
87484882 126
97068523 76
125896844 7
132851176 111
158100332 143
197722022 169
212966424 154
268465553 153
277378561 99
346763723 71
347327944 109
386235461 91
391851701 93
409984302 88
435153685 69
442087175 107
465915581 148
482554758 44
548834259 2
582418999 37
646992379 176
677338192 141
680353138 94
715741596 57
723386437 6
725606561 33
755509855 45
777434108 86
789663515 75
795357209 23
833957915 32
849924382 73
882923786 167
905458755 51
934031291 113
984515489 22
1029684725 161
1039775941 79
1102138352 168
1119750476 119
1145535496 133
1163785346 170
1165500044 171
1171145260 52
1187002154 104
1199928407 41
1303866932 16
1315240339 96
1324646409 0
1378626860 10
1404395783 17
1411244463 63
1423943361 136
1433784421 150
1481700130 105
1506500056 4
1540789971 87
1565581772 127
1583240062 151
1593335970 112
1648888063 64
1687077153 9
1703074003 147
1723374255 18
1755211868 110
1780965381 116
1817977319 61
1836837436 35
1854296563 134
1878223483 19
1880656059 144
1957456795 62
1967912122 14
1979915395 34
1987706045 122
1991912470 163
2034853916 139
2040735391 117
2054922385 30
2070794468 149
2071342302 166
2088744826 60
2180276089 66
2191007551 70
2245017434 156
2302936662 83
2321067875 85
2335376072 46
2337471812 142
2352408356 78
2386566304 155
2420023489 101
2493197103 72
2523580740 100
2533558194 145
2563637387 80
2564901090 1
2590626395 138
2612076060 178
2623420502 97
2663355169 114
2675243293 68
2680647675 146
2689742369 27
2714344193 129
2727339584 11
2736746253 164
2739454820 121
2751470307 175
2752981434 56
2759781031 47
2819042102 38
2820570352 21
2877103839 77
2878053286 28
2881898293 108
2931281920 158
2939038785 25
2940397723 92
2946051437 98
2947745968 81
2947818890 13
2975899179 29
2976264608 84
3052336121 159
3109774447 65
3118895249 135
3134364972 49
3159294203 48
3162794093 15
3197165266 74
3210776703 5
3224180642 95
3236016622 20
3252655057 55
3255384253 8
3279979113 103
3310504013 177
3311786556 3
3326957411 137
3332444146 58
3345103274 31
3346435016 36
3369397036 124
3415828832 128
3419165889 90
3439938365 89
3475802041 140
3576346154 59
3576952995 42
3637528652 12
3640665415 130
3644108658 157
3650994493 132
3705166655 54
3794242346 120
3813827420 53
3825964894 179
3846291404 118
3863463209 102
3880856117 43
3896729982 50
3897441493 67
3934144507 125
3954570302 131
3978014586 106
3985338750 40
4012176614 173
4020817277 123
4074327253 26
4088869787 24
4106514720 39
4120563849 115
4136759817 172
4162517235 174
4168711638 82
4173604952 165
4231238145 160
4269563040 162
