1800764 73
87484882 95
125896844 97
132851176 54
158100332 154
197722022 145
212966424 132
268465553 71
277378561 85
346763723 101
347327944 83
391851701 35
409984302 19
435153685 109
442087175 125
456854657 13
465915581 91
480126874 6
482554758 88
521460429 37
582418999 118
600757238 62
646992379 175
677338192 79
680353138 119
723386437 112
755509855 138
833957915 29
882923786 166
934031291 69
976519997 3
984515489 114
1029684725 141
1039775941 137
1061459597 178
1061673189 44
1102138352 163
1119750476 135
1145535496 107
1163785346 174
1165500044 159
1171145260 10
1187002154 16
1199928407 46
1302911819 50
1315240339 4
1324646409 0
1353077104 52
1399969279 27
1402099477 7
1404395783 115
1411244463 11
1423943361 126
1433784421 98
1462563128 12
1473496205 39
1481700130 32
1490182304 38
1497564029 21
1506500056 18
1540789971 151
1565581772 57
1583240062 102
1593335970 147
1703074003 70
1723374255 110
1755211868 89
1780965381 140
1817977319 14
1832923198 24
1836837436 74
1854296563 108
1880656059 134
1902819574 177
1957456795 143
1965817051 25
1966862849 61
1967912122 121
1987706045 84
1991912470 161
2034853916 100
2040735391 59
2054922385 120
2070794468 87
2071342302 168
2088744826 22
2137655290 2
2180276089 1
2191007551 160
2245017434 122
2302936662 47
2321067875 48
2337471812 133
2352408356 43
2386566304 150
2420023489 157
2493197103 123
2523580740 82
2533558194 152
2563637387 31
2564901090 20
2590626395 65
2612076060 176
2663355169 36
2675243293 60
2677761041 105
2680647675 86
2689742369 41
2714344193 53
2736746253 162
2739454820 129
2751470307 172
2752981434 128
2759781031 5
2819042102 40
2820570352 117
2877103839 104
2878053286 99
2881898293 28
2931281920 144
2946051437 96
2947818890 33
2975899179 77
3052336121 127
3118895249 58
3134364972 80
3159294203 139
3197165266 146
3210776703 30
3224180642 26
3236016622 34
3252655057 148
3279979113 142
3305405241 55
3310504013 170
3311786556 67
3326957411 68
3332444146 149
3345103274 76
3346435016 93
3369397036 131
3415828832 153
3419165889 92
3421043283 75
3453834671 9
3475802041 124
3576346154 158
3611753873 56
3640665415 49
3644108658 113
3650994493 78
3682404586 111
3705166655 15
3794242346 63
3813827420 94
3825964894 179
3834047911 173
3846291404 106
3863463209 81
3880856117 72
3896729982 90
3897441493 17
3930536579 23
3934144507 42
3954570302 64
3978014586 155
3985338750 116
4012176614 164
4020817277 130
4025582691 8
4028575057 51
4106514720 66
4120563849 103
4136759817 169
4162517235 165
4168711638 156
4173604952 167
4231238145 136
4269563040 171
4277558944 45
