1800764 32
87484882 89
125896844 102
132851176 39
158100332 155
197722022 135
212966424 129
268465553 26
277378561 87
346763723 108
347327944 81
391851701 25
409984302 3
435153685 112
442087175 126
456854657 22
465915581 71
480126874 18
482554758 95
521460429 47
582418999 122
600757238 75
646992379 175
677338192 61
680353138 124
723386437 113
755509855 136
795357209 1
833957915 45
882923786 166
934031291 65
972543760 6
976519997 19
984515489 114
1029684725 138
1039775941 141
1061459597 178
1061673189 58
1102138352 164
1119750476 140
1145535496 98
1163785346 174
1165500044 151
1171145260 13
1199928407 63
1302911819 60
1324646409 0
1353077104 68
1399969279 49
1402099477 24
1404395783 115
1411244463 9
1423943361 125
1433784421 79
1462563128 30
1473496205 51
1490182304 50
1497564029 34
1506500056 37
1540789971 152
1565581772 33
1583240062 88
1593335970 150
1703074003 35
1723374255 111
1755211868 82
1780965381 146
1817977319 15
1832923198 43
1836837436 86
1854296563 103
1880656059 137
1902819574 177
1957456795 143
1965817051 44
1966862849 69
1967912122 119
1979915395 2
1987706045 77
1991912470 161
2034853916 91
2040735391 41
2054922385 120
2070794468 67
2071342302 168
2088744826 27
2137655290 20
2191007551 158
2245017434 116
2273076216 12
2302936662 57
2321067875 56
2337471812 133
2338681792 8
2352408356 48
2386566304 149
2420023489 160
2493197103 127
2523580740 83
2533558194 153
2563637387 31
2564901090 38
2590626395 29
2612076060 176
2675243293 73
2677761041 107
2680647675 66
2689742369 59
2714344193 17
2736746253 163
2739454820 130
2751470307 172
2752981434 128
2759781031 10
2819042102 55
2820570352 118
2877103839 110
2878053286 106
2931281920 142
2946051437 96
2947818890 53
2975899179 92
2979186596 4
3052336121 123
3118895249 14
3134364972 93
3159294203 139
3197165266 145
3210776703 52
3224180642 7
3236016622 54
3252655057 144
3279979113 148
3305405241 72
3310504013 169
3311786556 78
3326957411 40
3332444146 147
3345103274 90
3346435016 101
3369397036 134
3415828832 156
3419165889 94
3421043283 85
3453834671 23
3475802041 121
3576346154 154
3611753873 74
3637528652 11
3640665415 5
3644108658 105
3650994493 64
3682404586 109
3705166655 21
3794242346 46
3813827420 100
3825964894 179
3834047911 173
3846291404 104
3863463209 80
3880856117 84
3896729982 97
3897441493 16
3930536579 42
3954570302 36
3978014586 159
3985338750 117
4012176614 162
4020817277 132
4025582691 28
4028575057 70
4106514720 76
4120563849 99
4136759817 170
4162517235 165
4168711638 157
4173604952 167
4231238145 131
4269563040 171
4277558944 62
