1800764 102
87484882 131
97068523 7
125896844 152
132851176 87
143419484 34
158100332 192
197722022 180
212966424 172
268465553 100
277378561 125
346763723 150
347327944 121
366165566 54
386235461 20
391851701 62
409984302 45
435153685 154
442087175 166
456854657 89
465915581 116
480126874 70
482554758 141
521460429 104
582418999 168
600757238 128
646992379 219
677338192 109
680353138 162
723386437 163
725606561 15
755509855 193
777434108 18
795357209 30
833957915 71
849924382 8
882923786 209
934031291 107
960241349 4
972543760 37
976519997 64
984515489 165
1029684725 181
1039775941 187
1061459597 223
1061673189 108
1102138352 203
1119750476 182
1145535496 143
1163785346 220
1165500044 191
1171145260 46
1187002154 41
1199928407 98
1302911819 120
1303866932 14
1315240339 28
1324646409 0
1353077104 122
1399969279 85
1402099477 69
1404395783 167
1411244463 44
1423943361 159
1433784421 130
1462563128 82
1473496205 105
1481700130 53
1490182304 103
1497564029 94
1506500056 66
1540789971 202
1565581772 86
1567831198 39
1583240062 138
1593335970 189
1648888063 2
1703074003 99
1721069724 27
1723374255 157
1755211868 127
1780965381 185
1817977319 47
1832923198 72
1836837436 129
1854296563 147
1880656059 179
1902819574 222
1957456795 198
1965817051 75
1966862849 133
1967912122 177
1979915395 33
1987706045 118
1991912470 196
2023365118 58
2034853916 135
2040735391 92
2054922385 171
2070794468 114
2071342302 211
2083434787 3
2088744826 56
2115991866 65
2137655290 59
2180276089 35
2191007551 213
2245017434 156
2273076216 48
2302936662 90
2321067875 91
2335376072 31
2335932329 22
2337471812 176
2338681792 43
2352408356 76
2386566304 186
2420023489 206
2455595861 63
2493197103 169
2523580740 124
2533558194 190
2563637387 61
2564901090 67
2590626395 93
2612076060 221
2616533013 26
2618357298 57
2623420502 23
2654090424 38
2663355169 55
2675243293 106
2677761041 155
2680647675 112
2689742369 88
2714344193 81
2736746253 199
2739454820 173
2751470307 217
2752981434 183
2759781031 42
2819042102 83
2820570352 170
2877103839 151
2878053286 153
2881898293 49
2931281920 184
2940397723 21
2946051437 140
2947745968 25
2947818890 79
2975899179 134
2976264608 19
2979186596 36
3044575483 16
3052336121 161
3109774447 13
3118895249 84
3134364972 136
3159294203 195
3197165266 197
3210776703 77
3224180642 52
3236016622 78
3238789951 10
3252655057 205
3279979113 188
3305405241 117
3310504013 214
3311786556 123
3326957411 97
3332444146 204
3345103274 132
3346435016 148
3369397036 178
3415828832 194
3419165889 137
3421043283 139
3439938365 17
3453834671 73
3475802041 158
3516413806 12
3570828790 24
3576346154 212
3611753873 115
3637528652 40
3640665415 74
3644108658 149
3650994493 110
3682404586 164
3705166655 51
3735285954 11
3794242346 96
3813827420 146
3825964894 224
3834047911 218
3846291404 145
3863463209 119
3880856117 126
3885860355 5
3896729982 142
3897441493 50
3930536579 80
3934144507 60
3954570302 95
3978014586 201
3985338750 160
4012176614 200
4020817277 174
4025582691 68
4028575057 113
4044901966 9
4056565709 6
4071585141 29
4074327253 1
4084769632 32
4106514720 111
4120563849 144
4136759817 215
4162517235 207
4168711638 208
4173604952 210
4231238145 175
4269563040 216
4277558944 101
