1800764 6
87484882 71
125896844 111
132851176 19
143419484 20
158100332 148
197722022 117
212966424 120
277378561 74
346763723 106
347327944 65
366165566 30
435153685 112
442087175 115
456854657 64
465915581 45
480126874 55
482554758 100
521460429 76
582418999 133
600757238 97
646992379 174
677338192 28
680353138 119
723386437 123
755509855 155
833957915 32
882923786 154
934031291 41
972543760 13
976519997 42
984515489 126
1029684725 122
1039775941 152
1061459597 177
1061673189 79
1102138352 150
1119750476 138
1145535496 80
1163785346 176
1165500044 137
1199928407 61
1302911819 93
1324646409 0
1353077104 94
1399969279 57
1402099477 52
1404395783 128
1423943361 113
1433784421 59
1462563128 62
1473496205 77
1490182304 75
1497564029 67
1506500056 29
1540789971 163
1565581772 5
1567831198 24
1583240062 68
1593335970 149
1703074003 15
1721069724 10
1723374255 116
1755211868 69
1780965381 142
1817977319 1
1832923198 44
1836837436 92
1854296563 82
1880656059 130
1902819574 178
1957456795 162
1965817051 51
1966862849 99
1967912122 139
1987706045 60
1991912470 144
2023365118 39
2034853916 70
2040735391 21
2054922385 135
2070794468 40
2071342302 160
2088744826 16
2115991866 47
2137655290 34
2191007551 173
2245017434 104
2273076216 27
2302936662 33
2321067875 31
2335932329 4
2337471812 125
2338681792 22
2352408356 26
2386566304 140
2420023489 164
2455595861 43
2493197103 132
2523580740 73
2533558194 146
2563637387 12
2564901090 36
2590626395 2
2612076060 175
2618357298 35
2654090424 23
2675243293 63
2677761041 114
2680647675 37
2689742369 54
2736746253 147
2739454820 127
2751470307 170
2752981434 143
2819042102 46
2820570352 136
2877103839 107
2878053286 110
2931281920 134
2946051437 85
2947818890 49
2975899179 98
2979186596 7
3052336121 108
3134364972 96
3159294203 158
3197165266 161
3210776703 53
3236016622 48
3252655057 167
3279979113 151
3305405241 90
3310504013 157
3311786556 91
3326957411 18
3332444146 166
3345103274 95
3346435016 105
3369397036 131
3415828832 153
3419165889 87
3421043283 102
3453834671 56
3475802041 109
3570828790 9
3576346154 171
3611753873 84
3637528652 3
3644108658 81
3650994493 38
3682404586 124
3705166655 8
3794242346 25
3813827420 103
3825964894 179
3834047911 169
3846291404 89
3863463209 66
3880856117 88
3896729982 101
3930536579 58
3954570302 14
3978014586 159
3985338750 121
4012176614 141
4020817277 129
4025582691 50
4028575057 83
4071585141 17
4084769632 11
4106514720 78
4120563849 86
4136759817 165
4162517235 145
4168711638 168
4173604952 156
4231238145 118
4269563040 172
4277558944 72
