1800764 22
87484882 85
125896844 105
132851176 35
158100332 153
197722022 132
212966424 128
268465553 18
277378561 86
346763723 107
347327944 80
391851701 19
435153685 111
442087175 126
456854657 31
465915581 68
480126874 28
482554758 97
521460429 52
582418999 124
600757238 76
646992379 174
677338192 59
680353138 122
723386437 113
755509855 139
833957915 44
882923786 166
934031291 63
972543760 6
976519997 26
984515489 115
1029684725 137
1039775941 142
1061459597 178
1061673189 60
1102138352 165
1119750476 138
1145535496 96
1163785346 175
1165500044 149
1171145260 13
1199928407 67
1302911819 65
1324646409 0
1353077104 69
1399969279 48
1402099477 29
1404395783 116
1411244463 8
1423943361 121
1433784421 77
1462563128 37
1473496205 57
1490182304 56
1497564029 40
1506500056 39
1540789971 154
1565581772 25
1583240062 83
1593335970 151
1703074003 32
1723374255 112
1755211868 82
1780965381 143
1817977319 16
1832923198 43
1836837436 89
1854296563 99
1880656059 136
1902819574 177
1957456795 144
1965817051 47
1966862849 72
1967912122 125
1987706045 75
1991912470 156
2034853916 87
2040735391 38
2054922385 123
2070794468 64
2071342302 168
2088744826 23
2115991866 7
2137655290 24
2191007551 163
2245017434 114
2273076216 15
2302936662 55
2321067875 54
2337471812 134
2338681792 11
2352408356 46
2386566304 145
2420023489 162
2455595861 3
2493197103 127
2523580740 84
2533558194 152
2563637387 27
2564901090 41
2590626395 21
2612076060 176
2618357298 2
2654090424 1
2675243293 70
2677761041 108
2680647675 62
2689742369 58
2714344193 14
2736746253 161
2739454820 130
2751470307 172
2752981434 133
2759781031 9
2819042102 53
2820570352 120
2877103839 109
2878053286 106
2931281920 140
2946051437 95
2947818890 50
2975899179 92
2979186596 4
3052336121 119
3118895249 12
3134364972 93
3159294203 141
3197165266 148
3210776703 49
3224180642 5
3236016622 51
3252655057 147
3279979113 146
3305405241 73
3310504013 169
3311786556 81
3326957411 36
3332444146 150
3345103274 91
3346435016 104
3369397036 135
3415828832 155
3419165889 94
3421043283 90
3453834671 30
3475802041 118
3576346154 158
3611753873 74
3637528652 10
3644108658 102
3650994493 61
3682404586 110
3705166655 20
3794242346 42
3813827420 103
3825964894 179
3834047911 173
3846291404 101
3863463209 79
3880856117 88
3896729982 100
3897441493 17
3930536579 45
3954570302 33
3978014586 159
3985338750 117
4012176614 157
4020817277 131
4025582691 34
4028575057 71
4106514720 78
4120563849 98
4136759817 170
4162517235 164
4168711638 160
4173604952 167
4231238145 129
4269563040 171
4277558944 66
