1800764 112
87484882 124
97068523 9
125896844 44
132851176 90
158100332 154
197722022 160
212966424 152
268465553 106
277378561 107
346763723 86
347327944 115
386235461 24
391851701 74
409984302 57
435153685 87
442087175 133
465915581 127
482554758 72
582418999 79
646992379 175
677338192 119
680353138 121
723386437 46
725606561 11
755509855 83
777434108 27
789663515 2
795357209 13
833957915 38
849924382 17
882923786 167
934031291 105
984515489 59
1029684725 159
1039775941 116
1102138352 163
1119750476 142
1145535496 132
1163785346 172
1165500044 164
1171145260 39
1187002154 45
1199928407 51
1303866932 5
1315240339 40
1324646409 0
1399969279 6
1404395783 54
1411244463 43
1423943361 143
1433784421 131
1481700130 71
1506500056 18
1540789971 128
1565581772 93
1583240062 135
1593335970 145
1648888063 7
1703074003 113
1723374255 52
1755211868 118
1780965381 147
1817977319 47
1832923198 16
1836837436 61
1854296563 134
1880656059 151
1902819574 178
1957456795 103
1965817051 8
1967912122 53
1979915395 21
1987706045 120
1991912470 161
2034853916 130
2040735391 94
2054922385 75
2070794468 125
2071342302 168
2088744826 49
2180276089 36
2191007551 109
2245017434 148
2302936662 78
2321067875 82
2335376072 28
2337471812 149
2352408356 66
2386566304 156
2420023489 137
2493197103 98
2523580740 110
2533558194 155
2563637387 62
2564901090 15
2590626395 99
2612076060 177
2623420502 25
2663355169 68
2675243293 76
2677761041 37
2680647675 123
2689742369 41
2714344193 88
2736746253 162
2739454820 139
2751470307 173
2752981434 92
2759781031 34
2819042102 48
2820570352 60
2877103839 89
2878053286 63
2881898293 67
2931281920 158
2940397723 26
2946051437 114
2947745968 35
2947818890 29
2975899179 56
2976264608 31
3052336121 153
3109774447 23
3118895249 91
3134364972 73
3159294203 85
3197165266 111
3210776703 20
3224180642 65
3236016622 33
3252655057 95
3279979113 136
3305405241 1
3310504013 174
3311786556 32
3326957411 104
3332444146 97
3345103274 55
3346435016 70
3369397036 141
3415828832 150
3419165889 101
3421043283 30
3439938365 14
3475802041 146
3576346154 102
3576952995 4
3611753873 10
3637528652 12
3640665415 84
3644108658 144
3650994493 117
3682404586 22
3705166655 42
3794242346 96
3813827420 81
3825964894 179
3834047911 176
3846291404 129
3863463209 108
3880856117 64
3896729982 77
3897441493 50
3934144507 69
3954570302 100
3978014586 138
3985338750 80
4012176614 169
4020817277 140
4028575057 3
4106514720 58
4120563849 126
4136759817 171
4162517235 170
4168711638 122
4173604952 165
4231238145 157
4269563040 166
4277558944 19
