1800764 9
87484882 84
125896844 103
132851176 35
158100332 155
197722022 131
212966424 128
268465553 4
277378561 87
346763723 109
347327944 78
391851701 20
435153685 113
442087175 126
456854657 26
465915581 66
480126874 27
482554758 98
521460429 47
582418999 123
600757238 77
646992379 174
677338192 51
680353138 125
723386437 112
755509855 136
795357209 2
833957915 46
882923786 166
934031291 65
972543760 12
976519997 29
984515489 116
1029684725 137
1039775941 141
1061459597 178
1061673189 62
1102138352 165
1119750476 140
1145535496 94
1163785346 175
1165500044 148
1171145260 16
1199928407 69
1302911819 63
1324646409 0
1353077104 70
1399969279 52
1402099477 34
1404395783 115
1411244463 10
1423943361 124
1433784421 74
1462563128 38
1473496205 49
1490182304 50
1497564029 39
1506500056 41
1540789971 153
1565581772 18
1583240062 82
1593335970 151
1703074003 19
1723374255 111
1755211868 83
1780965381 147
1817977319 22
1832923198 45
1836837436 90
1854296563 97
1880656059 138
1902819574 177
1957456795 143
1965817051 48
1966862849 68
1967912122 120
1979915395 5
1987706045 76
1991912470 160
2034853916 85
2040735391 36
2054922385 122
2070794468 60
2071342302 168
2088744826 30
2115991866 1
2137655290 33
2191007551 156
2245017434 114
2273076216 21
2302936662 57
2321067875 55
2337471812 134
2338681792 17
2352408356 44
2386566304 150
2420023489 162
2493197103 127
2523580740 86
2533558194 154
2563637387 31
2564901090 42
2590626395 14
2612076060 176
2654090424 8
2675243293 73
2677761041 106
2680647675 59
2689742369 64
2714344193 6
2736746253 163
2739454820 132
2751470307 172
2752981434 130
2759781031 13
2819042102 58
2820570352 118
2877103839 110
2878053286 107
2931281920 142
2946051437 96
2947818890 54
2975899179 92
2979186596 11
3052336121 119
3134364972 93
3159294203 139
3197165266 146
3210776703 53
3224180642 3
3236016622 56
3252655057 144
3279979113 149
3305405241 72
3310504013 169
3311786556 81
3326957411 28
3332444146 145
3345103274 91
3346435016 105
3369397036 135
3415828832 158
3419165889 95
3421043283 88
3453834671 32
3475802041 121
3576346154 152
3611753873 75
3637528652 15
3644108658 99
3650994493 61
3682404586 108
3705166655 25
3794242346 40
3813827420 104
3825964894 179
3834047911 173
3846291404 102
3863463209 80
3880856117 89
3896729982 101
3897441493 23
3930536579 43
3954570302 24
3978014586 161
3985338750 117
4012176614 159
4020817277 133
4025582691 37
4028575057 71
4084769632 7
4106514720 79
4120563849 100
4136759817 170
4162517235 164
4168711638 157
4173604952 167
4231238145 129
4269563040 171
4277558944 67
