1800764 113
87484882 114
97068523 16
125896844 51
132851176 83
158100332 155
197722022 160
212966424 153
268465553 111
277378561 94
346763723 82
347327944 102
386235461 34
391851701 60
409984302 48
435153685 86
442087175 131
465915581 123
482554758 65
582418999 84
600757238 14
646992379 175
677338192 112
680353138 115
723386437 62
725606561 3
755509855 104
777434108 30
789663515 8
795357209 5
833957915 29
849924382 17
882923786 166
934031291 98
984515489 75
1029684725 159
1039775941 126
1102138352 163
1119750476 143
1145535496 127
1163785346 174
1165500044 164
1171145260 28
1187002154 54
1199928407 46
1315240339 45
1324646409 0
1353077104 1
1399969279 2
1404395783 74
1411244463 37
1423943361 137
1433784421 130
1481700130 67
1506500056 11
1540789971 135
1565581772 89
1583240062 133
1593335970 146
1648888063 6
1703074003 110
1723374255 66
1755211868 106
1780965381 145
1817977319 39
1832923198 12
1836837436 58
1854296563 129
1880656059 150
1902819574 178
1957456795 120
1965817051 7
1967912122 79
1979915395 15
1987706045 107
1991912470 161
2034853916 125
2040735391 88
2054922385 81
2070794468 122
2071342302 167
2088744826 43
2180276089 26
2191007551 132
2245017434 147
2302936662 64
2321067875 71
2335376072 19
2337471812 149
2352408356 53
2386566304 157
2420023489 144
2493197103 103
2523580740 97
2533558194 154
2563637387 49
2564901090 9
2590626395 99
2612076060 177
2623420502 41
2663355169 73
2675243293 61
2677761041 52
2680647675 118
2689742369 33
2714344193 90
2736746253 162
2739454820 139
2751470307 172
2752981434 105
2759781031 24
2819042102 42
2820570352 78
2877103839 87
2878053286 68
2881898293 69
2931281920 158
2940397723 38
2946051437 100
2947745968 32
2947818890 23
2975899179 56
2976264608 31
3052336121 152
3109774447 20
3118895249 93
3134364972 63
3159294203 108
3197165266 124
3210776703 18
3224180642 57
3236016622 25
3252655057 117
3279979113 140
3305405241 13
3310504013 173
3311786556 36
3326957411 101
3332444146 121
3345103274 55
3346435016 70
3369397036 142
3415828832 151
3419165889 92
3421043283 40
3439938365 27
3475802041 138
3576346154 128
3611753873 22
3637528652 4
3640665415 85
3644108658 136
3650994493 109
3682404586 47
3705166655 35
3794242346 91
3813827420 76
3825964894 179
3834047911 176
3846291404 119
3863463209 95
3880856117 59
3896729982 72
3897441493 44
3934144507 77
3954570302 96
3978014586 148
3985338750 80
4012176614 169
4020817277 141
4028575057 10
4106514720 50
4120563849 116
4136759817 171
4162517235 170
4168711638 134
4173604952 165
4231238145 156
4269563040 168
4277558944 21
