1800764 91
87484882 99
125896844 85
132851176 59
158100332 156
197722022 152
212966424 135
268465553 90
277378561 81
346763723 98
347327944 86
386235461 11
391851701 40
409984302 31
435153685 103
442087175 123
456854657 1
465915581 100
482554758 76
521460429 26
582418999 117
600757238 54
646992379 175
677338192 88
680353138 120
723386437 109
755509855 133
777434108 4
833957915 30
882923786 165
934031291 74
984515489 113
1029684725 148
1039775941 134
1061459597 178
1061673189 33
1102138352 163
1119750476 136
1145535496 110
1163785346 174
1165500044 161
1171145260 8
1187002154 38
1199928407 46
1302911819 42
1315240339 22
1324646409 0
1353077104 47
1399969279 20
1404395783 114
1411244463 14
1423943361 125
1433784421 106
1473496205 29
1481700130 43
1490182304 27
1497564029 7
1506500056 10
1540789971 149
1565581772 63
1583240062 111
1593335970 146
1703074003 82
1723374255 102
1755211868 92
1780965381 141
1817977319 19
1832923198 16
1836837436 66
1854296563 112
1880656059 138
1902819574 177
1957456795 140
1965817051 18
1966862849 53
1967912122 121
1987706045 89
1991912470 160
2034853916 105
2040735391 61
2054922385 118
2070794468 97
2071342302 168
2088744826 24
2180276089 3
2191007551 159
2245017434 126
2302936662 51
2321067875 52
2337471812 132
2352408356 41
2386566304 150
2420023489 157
2493197103 122
2523580740 79
2533558194 153
2563637387 34
2564901090 13
2590626395 73
2612076060 176
2623420502 21
2663355169 50
2675243293 57
2677761041 96
2680647675 95
2689742369 36
2714344193 64
2736746253 162
2739454820 128
2751470307 172
2752981434 127
2759781031 2
2819042102 37
2820570352 116
2877103839 101
2878053286 93
2881898293 44
2931281920 147
2940397723 15
2946051437 94
2947745968 6
2947818890 28
2975899179 70
2976264608 5
3052336121 129
3118895249 69
3134364972 72
3159294203 137
3197165266 143
3210776703 25
3224180642 35
3236016622 32
3252655057 144
3279979113 142
3305405241 48
3310504013 171
3311786556 55
3326957411 75
3332444146 145
3345103274 67
3346435016 80
3369397036 131
3415828832 151
3419165889 87
3421043283 62
3439938365 9
3475802041 124
3576346154 158
3611753873 49
3640665415 60
3644108658 119
3650994493 84
3682404586 107
3705166655 17
3794242346 68
3813827420 83
3825964894 179
3834047911 173
3846291404 108
3863463209 78
3880856117 65
3896729982 77
3897441493 23
3930536579 12
3934144507 56
3954570302 71
3978014586 154
3985338750 115
4012176614 164
4020817277 130
4028575057 45
4106514720 58
4120563849 104
4136759817 170
4162517235 167
4168711638 155
4173604952 166
4231238145 139
4269563040 169
4277558944 39
