1800764 44
87484882 101
125896844 84
132851176 58
158100332 159
197722022 151
212966424 143
268465553 39
277378561 98
346763723 110
347327944 91
391851701 43
409984302 22
435153685 113
442087175 128
465915581 80
482554758 88
521460429 16
582418999 119
600757238 53
646992379 175
677338192 71
680353138 125
723386437 90
755509855 122
795357209 11
833957915 51
882923786 166
934031291 74
972543760 6
976519997 5
984515489 103
1029684725 152
1039775941 135
1061459597 178
1061673189 28
1102138352 164
1119750476 145
1145535496 114
1163785346 174
1165500044 160
1171145260 27
1199928407 68
1302911819 21
1324646409 0
1353077104 37
1399969279 38
1402099477 3
1404395783 102
1411244463 24
1423943361 132
1433784421 93
1462563128 2
1473496205 17
1481700130 12
1490182304 20
1506500056 35
1540789971 142
1565581772 48
1583240062 105
1593335970 150
1703074003 55
1723374255 97
1755211868 99
1780965381 149
1817977319 31
1832923198 42
1836837436 81
1854296563 118
1880656059 148
1902819574 177
1957456795 131
1965817051 41
1966862849 29
1967912122 107
1979915395 15
1987706045 87
1991912470 161
2034853916 106
2040735391 63
2054922385 115
2070794468 78
2071342302 168
2088744826 40
2137655290 10
2180276089 14
2191007551 137
2245017434 126
2273076216 1
2302936662 66
2321067875 67
2335376072 13
2337471812 144
2338681792 9
2352408356 64
2386566304 157
2420023489 153
2493197103 121
2523580740 96
2533558194 158
2563637387 45
2564901090 36
2590626395 46
2612076060 176
2675243293 72
2677761041 85
2680647675 76
2689742369 61
2714344193 34
2736746253 162
2739454820 138
2751470307 172
2752981434 123
2759781031 23
2819042102 62
2820570352 108
2877103839 111
2878053286 95
2881898293 4
2931281920 155
2946051437 109
2947818890 50
2975899179 83
2979186596 7
3052336121 136
3118895249 30
3134364972 86
3159294203 124
3197165266 133
3210776703 47
3224180642 25
3236016622 54
3252655057 127
3279979113 147
3305405241 52
3310504013 171
3311786556 69
3326957411 59
3332444146 129
3345103274 79
3346435016 92
3369397036 140
3415828832 156
3419165889 104
3421043283 70
3475802041 130
3576346154 134
3611753873 60
3637528652 18
3640665415 19
3644108658 120
3650994493 75
3682404586 77
3705166655 33
3794242346 65
3813827420 100
3825964894 179
3834047911 173
3846291404 117
3863463209 89
3880856117 82
3896729982 94
3897441493 32
3930536579 26
3954570302 56
3978014586 154
3985338750 112
4012176614 163
4020817277 139
4025582691 8
4028575057 49
4106514720 73
4120563849 116
4136759817 170
4162517235 165
4168711638 141
4173604952 167
4231238145 146
4269563040 169
4277558944 57
