1800764 26
87484882 91
125896844 95
132851176 45
158100332 159
197722022 142
212966424 135
268465553 21
277378561 90
346763723 111
347327944 82
391851701 31
409984302 3
435153685 115
442087175 128
456854657 1
465915581 74
480126874 7
482554758 96
521460429 32
582418999 120
600757238 67
646992379 175
677338192 66
680353138 122
723386437 105
755509855 129
795357209 4
833957915 53
882923786 166
934031291 73
972543760 6
976519997 14
984515489 114
1029684725 146
1039775941 137
1061459597 178
1061673189 46
1102138352 164
1119750476 145
1145535496 104
1163785346 174
1165500044 160
1171145260 25
1199928407 70
1302911819 41
1324646409 0
1353077104 58
1399969279 50
1402099477 12
1404395783 112
1411244463 19
1423943361 127
1433784421 80
1462563128 16
1473496205 36
1490182304 37
1497564029 17
1506500056 43
1540789971 149
1565581772 33
1583240062 89
1593335970 153
1703074003 34
1723374255 106
1755211868 87
1780965381 150
1817977319 28
1832923198 48
1836837436 84
1854296563 108
1880656059 144
1902819574 177
1957456795 133
1965817051 49
1966862849 52
1967912122 117
1979915395 8
1987706045 79
1991912470 161
2034853916 94
2040735391 47
2054922385 119
2070794468 71
2071342302 168
2088744826 35
2137655290 22
2191007551 147
2245017434 121
2273076216 9
2302936662 63
2321067875 61
2335376072 2
2337471812 141
2338681792 11
2352408356 56
2386566304 154
2420023489 156
2493197103 123
2523580740 88
2533558194 157
2563637387 38
2564901090 44
2590626395 27
2612076060 176
2675243293 75
2677761041 97
2680647675 69
2689742369 60
2714344193 23
2736746253 163
2739454820 132
2751470307 172
2752981434 126
2759781031 20
2819042102 59
2820570352 116
2877103839 113
2878053286 103
2931281920 152
2946051437 102
2947818890 55
2975899179 86
2979186596 5
3052336121 125
3118895249 15
3134364972 92
3159294203 130
3197165266 140
3210776703 54
3224180642 13
3236016622 57
3252655057 131
3279979113 148
3305405241 65
3310504013 169
3311786556 76
3326957411 42
3332444146 134
3345103274 85
3346435016 100
3369397036 138
3415828832 158
3419165889 99
3421043283 78
3453834671 10
3475802041 124
3576346154 143
3611753873 68
3637528652 18
3644108658 110
3650994493 72
3682404586 93
3705166655 30
3794242346 51
3813827420 101
3825964894 179
3834047911 173
3846291404 109
3863463209 81
3880856117 83
3896729982 98
3897441493 29
3930536579 40
3954570302 39
3978014586 155
3985338750 118
4012176614 162
4020817277 136
4025582691 24
4028575057 62
4106514720 77
4120563849 107
4136759817 170
4162517235 165
4168711638 151
4173604952 167
4231238145 139
4269563040 171
4277558944 64
