1800764 122
87484882 104
97068523 24
125896844 62
132851176 75
158100332 156
197722022 160
212966424 148
268465553 124
277378561 79
346763723 73
347327944 91
386235461 51
391851701 50
409984302 45
435153685 82
442087175 121
465915581 118
482554758 61
582418999 100
600757238 35
646992379 175
677338192 109
680353138 111
715741596 11
723386437 76
755509855 125
777434108 41
789663515 29
833957915 18
849924382 19
882923786 166
905458755 6
934031291 87
984515489 86
1029684725 159
1039775941 126
1061673189 7
1102138352 164
1119750476 139
1145535496 114
1163785346 174
1165500044 163
1171145260 16
1187002154 70
1199928407 37
1302911819 15
1315240339 55
1324646409 0
1353077104 22
1399969279 2
1404395783 88
1411244463 25
1423943361 127
1433784421 120
1481700130 65
1506500056 1
1540789971 143
1565581772 89
1583240062 123
1593335970 144
1648888063 13
1703074003 113
1723374255 71
1755211868 92
1780965381 142
1817977319 28
1832923198 4
1836837436 49
1854296563 116
1880656059 145
1902819574 178
1957456795 133
1965817051 3
1966862849 33
1967912122 102
1987706045 97
1991912470 161
2034853916 112
2040735391 83
2054922385 99
2070794468 117
2071342302 167
2088744826 31
2180276089 20
2191007551 152
2245017434 138
2302936662 53
2321067875 57
2335376072 5
2337471812 141
2352408356 42
2386566304 158
2420023489 151
2493197103 110
2523580740 81
2533558194 155
2563637387 40
2590626395 106
2612076060 177
2623420502 60
2663355169 78
2675243293 46
2677761041 68
2680647675 115
2689742369 26
2714344193 94
2736746253 162
2739454820 131
2751470307 173
2752981434 119
2759781031 9
2819042102 32
2820570352 95
2877103839 77
2878053286 67
2881898293 69
2931281920 157
2940397723 54
2946051437 85
2947745968 36
2947818890 10
2975899179 56
2976264608 39
3052336121 146
3109774447 12
3118895249 101
3134364972 59
3159294203 129
3197165266 135
3210776703 8
3224180642 47
3236016622 14
3252655057 136
3279979113 140
3305405241 27
3310504013 172
3311786556 38
3326957411 105
3332444146 137
3345103274 48
3346435016 64
3369397036 134
3415828832 153
3419165889 74
3421043283 43
3439938365 58
3475802041 128
3576346154 149
3611753873 30
3640665415 98
3644108658 130
3650994493 103
3682404586 72
3705166655 23
3794242346 84
3813827420 66
3825964894 179
3834047911 176
3846291404 108
3863463209 80
3880856117 52
3896729982 63
3897441493 34
3934144507 93
3954570302 96
3978014586 150
3985338750 90
4012176614 168
4020817277 132
4028575057 21
4106514720 44
4120563849 107
4136759817 171
4162517235 170
4168711638 147
4173604952 165
4231238145 154
4269563040 169
4277558944 17
