1800764 67
87484882 95
125896844 92
132851176 53
158100332 156
197722022 147
212966424 133
268465553 65
277378561 88
346763723 103
347327944 86
391851701 36
409984302 15
435153685 111
442087175 125
456854657 9
465915581 84
480126874 5
482554758 89
521460429 31
582418999 119
600757238 64
646992379 175
677338192 74
680353138 121
723386437 112
755509855 131
833957915 38
882923786 166
934031291 72
976519997 4
984515489 113
1029684725 146
1039775941 136
1061459597 178
1061673189 41
1102138352 163
1119750476 138
1145535496 107
1163785346 174
1165500044 160
1171145260 14
1187002154 1
1199928407 56
1302911819 46
1324646409 0
1353077104 51
1399969279 32
1402099477 7
1404395783 114
1411244463 13
1423943361 126
1433784421 97
1462563128 12
1473496205 35
1481700130 23
1490182304 33
1497564029 16
1506500056 24
1540789971 150
1565581772 50
1583240062 102
1593335970 148
1703074003 68
1723374255 109
1755211868 90
1780965381 144
1817977319 19
1832923198 29
1836837436 77
1854296563 110
1880656059 139
1902819574 177
1957456795 140
1965817051 30
1966862849 57
1967912122 120
1987706045 85
1991912470 161
2034853916 100
2040735391 60
2054922385 118
2070794468 81
2071342302 168
2088744826 28
2137655290 6
2180276089 2
2191007551 158
2245017434 123
2302936662 54
2321067875 55
2337471812 134
2352408356 45
2386566304 151
2420023489 159
2493197103 122
2523580740 87
2533558194 154
2563637387 34
2564901090 27
2590626395 58
2612076060 176
2663355169 18
2675243293 69
2677761041 101
2680647675 80
2689742369 44
2714344193 48
2736746253 162
2739454820 129
2751470307 172
2752981434 128
2759781031 10
2819042102 43
2820570352 117
2877103839 106
2878053286 99
2881898293 17
2931281920 149
2946051437 98
2947818890 39
2975899179 79
3052336121 127
3118895249 49
3134364972 83
3159294203 135
3197165266 142
3210776703 37
3224180642 25
3236016622 40
3252655057 141
3279979113 145
3305405241 59
3310504013 170
3311786556 70
3326957411 66
3332444146 143
3345103274 78
3346435016 93
3369397036 132
3415828832 155
3419165889 94
3421043283 73
3453834671 8
3475802041 124
3576346154 152
3611753873 62
3637528652 3
3640665415 42
3644108658 115
3650994493 75
3682404586 105
3705166655 20
3794242346 63
3813827420 96
3825964894 179
3834047911 173
3846291404 108
3863463209 82
3880856117 76
3896729982 91
3897441493 22
3930536579 26
3934144507 21
3954570302 61
3978014586 157
3985338750 116
4012176614 164
4020817277 130
4025582691 11
4028575057 52
4106514720 71
4120563849 104
4136759817 169
4162517235 165
4168711638 153
4173604952 167
4231238145 137
4269563040 171
4277558944 47
