1800764 70
87484882 113
125896844 68
132851176 69
158100332 157
197722022 160
212966424 151
268465553 65
277378561 104
346763723 103
347327944 108
391851701 53
409984302 37
435153685 110
442087175 134
465915581 105
482554758 84
582418999 102
600757238 30
646992379 176
677338192 94
680353138 127
723386437 80
725606561 9
755509855 115
795357209 15
833957915 48
882923786 167
934031291 92
984515489 88
1029684725 158
1039775941 132
1061673189 13
1102138352 164
1119750476 145
1145535496 123
1163785346 174
1165500044 162
1171145260 34
1187002154 10
1199928407 58
1302911819 1
1303866932 7
1315240339 11
1324646409 0
1353077104 17
1399969279 22
1404395783 87
1411244463 35
1423943361 138
1433784421 114
1473496205 2
1481700130 38
1490182304 5
1506500056 27
1540789971 137
1565581772 61
1583240062 119
1593335970 149
1703074003 78
1723374255 83
1755211868 111
1780965381 148
1817977319 41
1832923198 31
1836837436 76
1854296563 124
1880656059 152
1902819574 178
1957456795 128
1965817051 24
1966862849 12
1967912122 90
1979915395 19
1987706045 107
1991912470 161
2034853916 116
2040735391 73
2054922385 96
2070794468 98
2071342302 168
2088744826 46
2180276089 21
2191007551 133
2245017434 139
2302936662 64
2321067875 67
2335376072 20
2337471812 146
2338681792 4
2352408356 57
2386566304 159
2420023489 147
2493197103 121
2523580740 101
2533558194 155
2563637387 51
2564901090 25
2590626395 62
2612076060 177
2663355169 28
2675243293 74
2677761041 63
2680647675 97
2689742369 49
2714344193 60
2736746253 163
2739454820 140
2751470307 173
2752981434 118
2759781031 26
2819042102 52
2820570352 91
2877103839 109
2878053286 85
2881898293 33
2931281920 156
2946051437 112
2947745968 16
2947818890 43
2975899179 75
2976264608 6
2979186596 3
3052336121 144
3109774447 8
3118895249 59
3134364972 82
3159294203 117
3197165266 130
3210776703 36
3224180642 47
3236016622 45
3252655057 125
3279979113 143
3305405241 32
3310504013 172
3311786556 54
3326957411 79
3332444146 126
3345103274 72
3346435016 86
3369397036 142
3415828832 154
3419165889 106
3421043283 55
3475802041 136
3576346154 129
3611753873 40
3637528652 18
3640665415 50
3644108658 131
3650994493 95
3682404586 56
3705166655 39
3794242346 81
3813827420 93
3825964894 179
3834047911 175
3846291404 122
3863463209 99
3880856117 77
3896729982 89
3897441493 44
3930536579 14
3934144507 23
3954570302 71
3978014586 150
3985338750 100
4012176614 165
4020817277 141
4028575057 29
4106514720 66
4120563849 120
4136759817 171
4162517235 169
4168711638 135
4173604952 166
4231238145 153
4269563040 170
4277558944 42
