1800764 123
87484882 108
97068523 26
125896844 56
132851176 83
158100332 155
197722022 160
212966424 151
268465553 124
277378561 85
346763723 76
347327944 96
386235461 48
391851701 57
409984302 45
435153685 78
442087175 122
465915581 121
482554758 63
582418999 90
600757238 20
646992379 175
677338192 112
680353138 109
715741596 12
723386437 70
755509855 114
777434108 41
789663515 27
833957915 23
849924382 25
882923786 166
905458755 7
934031291 93
984515489 75
1029684725 159
1039775941 126
1102138352 163
1119750476 141
1145535496 116
1163785346 174
1165500044 164
1171145260 24
1187002154 72
1199928407 38
1302911819 1
1315240339 54
1324646409 0
1353077104 8
1404395783 74
1411244463 31
1423943361 132
1433784421 125
1481700130 71
1506500056 4
1540789971 139
1565581772 95
1583240062 127
1593335970 146
1648888063 18
1703074003 113
1723374255 69
1755211868 98
1780965381 145
1817977319 33
1832923198 5
1836837436 47
1854296563 119
1880656059 150
1902819574 178
1957456795 128
1965817051 2
1966862849 11
1967912122 84
1979915395 6
1987706045 101
1991912470 161
2034853916 115
2040735391 89
2054922385 87
2070794468 118
2071342302 167
2088744826 34
2180276089 28
2191007551 143
2245017434 144
2302936662 58
2321067875 61
2335376072 10
2337471812 147
2352408356 44
2386566304 157
2420023489 148
2493197103 103
2523580740 86
2533558194 154
2563637387 43
2564901090 3
2590626395 104
2612076060 177
2623420502 59
2663355169 80
2675243293 53
2677761041 62
2680647675 117
2689742369 29
2714344193 97
2736746253 162
2739454820 134
2751470307 172
2752981434 110
2759781031 17
2819042102 32
2820570352 82
2877103839 77
2878053286 67
2881898293 73
2931281920 158
2940397723 51
2946051437 91
2947745968 37
2947818890 14
2975899179 49
2976264608 40
3052336121 152
3109774447 21
3118895249 102
3134364972 60
3159294203 120
3197165266 131
3210776703 9
3224180642 55
3236016622 19
3252655057 129
3279979113 140
3305405241 16
3310504013 173
3311786556 35
3326957411 105
3332444146 130
3345103274 46
3346435016 64
3369397036 138
3415828832 153
3419165889 79
3421043283 39
3439938365 50
3475802041 133
3576346154 137
3611753873 22
3640665415 99
3644108658 136
3650994493 106
3682404586 66
3705166655 30
3794242346 92
3813827420 68
3825964894 179
3834047911 176
3846291404 111
3863463209 88
3880856117 52
3896729982 65
3897441493 36
3934144507 94
3954570302 100
3978014586 149
3985338750 81
4012176614 169
4020817277 135
4028575057 13
4106514720 42
4120563849 107
4136759817 171
4162517235 170
4168711638 142
4173604952 165
4231238145 156
4269563040 168
4277558944 15
