87484882 84
125896844 105
132851176 28
143419484 1
158100332 155
197722022 130
212966424 128
277378561 87
346763723 109
347327944 78
391851701 18
435153685 112
442087175 126
456854657 31
465915581 62
480126874 32
482554758 101
521460429 52
582418999 124
600757238 77
646992379 174
677338192 44
680353138 125
723386437 114
755509855 138
833957915 45
882923786 166
934031291 63
972543760 16
976519997 33
984515489 116
1029684725 135
1039775941 142
1061459597 178
1061673189 65
1102138352 164
1119750476 140
1145535496 92
1163785346 175
1165500044 143
1171145260 17
1199928407 67
1302911819 66
1324646409 0
1353077104 71
1399969279 55
1402099477 37
1404395783 115
1411244463 10
1423943361 122
1433784421 69
1462563128 39
1473496205 57
1490182304 58
1497564029 40
1506500056 41
1540789971 156
1565581772 14
1567831198 3
1583240062 79
1593335970 151
1703074003 13
1723374255 111
1755211868 82
1780965381 146
1817977319 22
1832923198 46
1836837436 89
1854296563 98
1880656059 137
1902819574 177
1957456795 144
1965817051 50
1966862849 70
1967912122 121
1979915395 4
1987706045 72
1991912470 157
2034853916 83
2040735391 30
2054922385 123
2070794468 49
2071342302 168
2088744826 29
2115991866 8
2137655290 34
2191007551 160
2245017434 113
2273076216 26
2302936662 53
2321067875 51
2337471812 134
2338681792 23
2352408356 43
2386566304 149
2420023489 165
2455595861 2
2493197103 127
2523580740 86
2533558194 152
2563637387 27
2564901090 42
2590626395 7
2612076060 176
2616533013 5
2618357298 6
2654090424 11
2675243293 73
2677761041 107
2680647675 48
2689742369 64
2736746253 161
2739454820 131
2751470307 173
2752981434 133
2759781031 12
2819042102 61
2820570352 120
2877103839 110
2878053286 106
2931281920 141
2946051437 97
2947818890 59
2975899179 93
2979186596 15
3052336121 117
3134364972 94
3159294203 139
3197165266 148
3210776703 56
3236016622 60
3252655057 145
3279979113 150
3305405241 75
3310504013 169
3311786556 85
3326957411 24
3332444146 147
3345103274 91
3346435016 104
3369397036 136
3415828832 158
3419165889 95
3421043283 90
3453834671 35
3475802041 119
3576346154 154
3611753873 76
3637528652 19
3644108658 96
3650994493 54
3682404586 108
3705166655 25
3794242346 36
3813827420 103
3825964894 179
3834047911 172
3846291404 100
3863463209 80
3880856117 88
3896729982 102
3897441493 21
3930536579 47
3954570302 20
3978014586 163
3985338750 118
4012176614 153
4020817277 132
4025582691 38
4028575057 74
4084769632 9
4106514720 81
4120563849 99
4136759817 170
4162517235 162
4168711638 159
4173604952 167
4231238145 129
4269563040 171
4277558944 68
