1800764 34
87484882 77
125896844 109
132851176 19
143419484 3
158100332 146
197722022 125
212966424 119
268465553 29
277378561 76
346763723 105
347327944 67
366165566 24
391851701 10
435153685 110
442087175 117
456854657 60
465915581 61
480126874 48
482554758 101
521460429 70
582418999 131
600757238 94
646992379 174
677338192 53
680353138 116
723386437 121
755509855 154
833957915 27
882923786 158
934031291 54
972543760 1
976519997 32
984515489 122
1029684725 129
1039775941 149
1061459597 178
1061673189 73
1102138352 153
1119750476 137
1145535496 87
1163785346 175
1165500044 139
1199928407 57
1302911819 90
1324646409 0
1353077104 89
1399969279 52
1402099477 44
1404395783 124
1423943361 113
1433784421 69
1462563128 56
1473496205 71
1490182304 68
1497564029 63
1506500056 21
1540789971 161
1565581772 17
1567831198 9
1583240062 78
1593335970 144
1703074003 35
1723374255 115
1755211868 74
1780965381 142
1817977319 4
1832923198 36
1836837436 85
1854296563 93
1880656059 133
1902819574 177
1957456795 159
1965817051 43
1966862849 99
1967912122 138
1987706045 65
1991912470 147
2023365118 33
2034853916 79
2040735391 23
2054922385 134
2070794468 59
2071342302 163
2088744826 11
2115991866 42
2137655290 20
2191007551 173
2245017434 107
2273076216 16
2302936662 38
2321067875 37
2337471812 127
2338681792 8
2352408356 25
2386566304 140
2420023489 162
2455595861 39
2493197103 130
2523580740 75
2533558194 143
2563637387 13
2564901090 26
2590626395 18
2612076060 176
2618357298 28
2654090424 6
2675243293 62
2677761041 114
2680647675 58
2689742369 49
2714344193 14
2736746253 150
2739454820 126
2751470307 172
2752981434 141
2819042102 40
2820570352 135
2877103839 106
2878053286 108
2931281920 136
2946051437 88
2947818890 46
2975899179 97
3052336121 112
3118895249 15
3134364972 95
3159294203 156
3197165266 157
3210776703 47
3236016622 45
3252655057 165
3279979113 148
3305405241 84
3310504013 166
3311786556 83
3326957411 31
3332444146 164
3345103274 91
3346435016 104
3369397036 132
3415828832 151
3419165889 86
3421043283 100
3453834671 50
3475802041 111
3576346154 169
3611753873 81
3640665415 12
3644108658 98
3650994493 55
3682404586 123
3705166655 7
3794242346 30
3813827420 103
3825964894 179
3834047911 171
3846291404 96
3863463209 66
3880856117 82
3896729982 102
3897441493 5
3930536579 51
3954570302 22
3978014586 155
3985338750 118
4012176614 145
4020817277 128
4025582691 41
4028575057 80
4071585141 2
4106514720 72
4120563849 92
4136759817 168
4162517235 152
4168711638 167
4173604952 160
4231238145 120
4269563040 170
4277558944 64
