42840893 12
68769499 55
112162687 7
144644048 171
190269742 18
192424247 79
197722022 0
201900760 145
229856838 191
241480369 180
251628582 51
289787959 16
316251070 152
359728316 88
373986804 153
376890290 93
455186267 107
483162554 70
487314716 57
500541531 118
512557761 195
547712197 150
548235409 34
608893040 133
612573803 97
618213104 32
626736211 61
627680242 132
640483058 182
667189908 33
675848504 76
689880086 3
721549646 50
799745892 91
821033724 160
828011085 89
856947135 62
881704301 127
892122955 60
897836194 188
935956877 148
952476186 82
1005775060 40
1015531507 31
1042041626 168
1055713737 6
1073420396 68
1086602537 120
1122260649 181
1163264809 194
1175216548 124
1236457543 170
1238519579 19
1245604109 46
1275244321 85
1294880276 47
1330326434 190
1344057782 71
1346429663 48
1359086764 129
1373154776 172
1376470150 73
1377152370 75
1405263955 192
1424603055 105
1462713503 39
1493241482 53
1550244538 184
1571368927 138
1577349066 72
1627080190 155
1647233632 24
1738566719 96
1739831439 146
1769689361 35
1831422377 28
1846548358 125
1861165071 94
1900878148 139
1909167865 8
1909883124 37
1915566551 151
1941142895 149
1972495290 169
1992891370 102
2004072777 86
2017576842 103
2092833738 157
2121125122 43
2125709725 156
2173634907 81
2184607810 11
2207250945 42
2222600154 38
2229606047 56
2240297650 27
2244217293 117
2245771461 136
2280596438 187
2316942476 163
2342564954 110
2391337114 162
2394025730 49
2401421253 99
2428654734 134
2470012001 143
2500676222 14
2525977052 164
2549508015 54
2554755478 176
2564901090 2
2580491810 119
2595581852 115
2655582053 140
2664986502 123
2669320110 174
2739454820 4
2747137363 44
2756320503 66
2770029186 65
2833757640 59
2858169388 25
2878186777 80
2908559452 179
2913676518 104
2929316153 77
2936880848 78
2959565649 101
2960226534 185
2977124946 58
2989986199 21
2993918167 36
3011349268 45
3056636983 5
3063923793 128
3083230465 15
3088020228 83
3103531444 116
3107629608 87
3113878550 189
3117022056 52
3144940607 173
3152552918 109
3188109358 158
3203180709 154
3228910794 114
3229668408 161
3241368397 10
3252024205 108
3272894513 100
3334449943 106
3350044233 74
3369486706 141
3389338761 183
3397321685 130
3420874821 95
3429608159 121
3443573173 167
3498066619 26
3514265268 90
3527001136 22
3541381488 122
3552679882 112
3579970065 23
3586060190 9
3668937899 135
3675168634 144
3705166655 1
3707178155 142
3732047389 98
3736613838 84
3737818401 20
3742351438 147
3778732085 166
3783292462 92
3800029093 186
3803429696 41
3821572744 175
3847016414 137
3851214884 64
3883926237 113
3913919013 111
3927395953 159
3934062969 30
3977936238 126
3995268927 131
4099858501 67
4145675907 63
4152303134 17
4160871396 165
4171355192 177
4175499038 29
4186358683 69
4187789857 178
4213659667 13
4216436359 193
