1800764 179
75700180 76
87484882 236
92301958 41
97068523 93
120625731 47
125896844 189
132851176 188
135176865 48
143419484 85
158100332 276
197722022 280
203833072 62
212966424 271
256620174 92
268465553 173
277378561 228
282082459 49
311780324 12
346763723 225
347327944 226
366165566 50
386235461 82
391851701 174
397057850 24
409984302 153
433083752 1
435153685 230
442087175 255
448554581 108
456854657 75
465915581 221
480126874 94
482554758 209
489602569 8
521460429 113
548834259 101
582418999 220
591653633 27
600757238 144
646992379 296
677338192 211
680353138 251
689880086 15
715741596 55
723386437 191
725606561 134
755509855 223
761256676 56
777434108 100
789663515 72
794112578 34
795357209 139
833957915 171
849924382 102
882923786 287
904667170 16
905458755 53
912276423 61
917583857 9
934031291 212
960241349 117
972543760 129
976519997 114
984515489 205
1017202255 3
1029684725 278
1030179093 88
1039775941 252
1061673189 131
1102138352 284
1119750476 266
1145535496 248
1163785346 294
1165500044 282
1171145260 158
1187002154 106
1199928407 187
1297835987 86
1302911819 109
1303866932 133
1315240339 121
1324646409 19
1353077104 136
1378626860 70
1399969279 149
1402099477 107
1404395783 203
1411244463 157
1423943361 259
1433784421 234
1462563128 99
1473496205 120
1481700130 148
1490182304 122
1497564029 95
1506500056 154
1540789971 256
1565581772 182
1567831198 77
1583240062 240
1593335970 268
1648888063 90
1687077153 30
1703074003 185
1713044188 17
1721069724 91
1723374255 201
1755211868 233
1780965381 269
1817977319 163
1831810901 35
1832814147 25
1832923198 156
1836837436 199
1854296563 250
1878223483 73
1880656059 272
1902819574 298
1903318632 65
1910096720 58
1957456795 244
1960815066 52
1965817051 151
1966862849 124
1967912122 200
1979915395 143
1987706045 224
1991912470 281
2006635539 59
2020512972 45
2023365118 46
2034853916 239
2040735391 192
2052954060 4
2054922385 215
2070794468 217
2071342302 289
2083434787 43
2088744826 168
2115991866 54
2127417671 81
2137655290 125
2180276089 145
2191007551 246
2245017434 258
2273076216 116
2302936662 193
2321067875 194
2335376072 141
2335932329 18
2337471812 270
2338681792 132
2339598662 28
2352408356 184
2386566304 279
2420023489 265
2455595861 51
2493197103 242
2523580740 227
2533558194 275
2555130797 31
2563637387 175
2564901090 152
2569001211 0
2590626395 181
2601173307 38
2608919189 23
2612076060 297
2612511334 6
2616533013 115
2618357298 57
2623420502 80
2641823919 64
2654090424 98
2663355169 137
2675243293 202
2677761041 183
2678561581 5
2680647675 216
2689742369 177
2714344193 172
2727339584 110
2736746253 283
2739454820 260
2751470307 293
2752981434 237
2759781031 150
2779948080 84
2782836955 10
2789753672 2
2819042102 180
2820570352 206
2826353371 63
2876272795 22
2877103839 232
2878053286 207
2881898293 140
2884105446 20
2931281920 277
2939038785 79
2940397723 87
2946051437 235
2947745968 135
2947818890 166
2975899179 198
2976264608 118
2979186596 130
2982331771 68
3044575483 123
3049116680 21
3050531494 33
3052336121 264
3109774447 127
3118895249 169
3134364972 208
3159294203 229
3162423406 66
3162794093 39
3197165266 249
3210776703 160
3211567840 13
3220657959 78
3224180642 161
3228484056 67
3236016622 170
3238789951 96
3252655057 238
3255384253 26
3279979113 261
3305405241 146
3310504013 292
3311786556 178
3326957411 190
3332444146 241
3345103274 197
3346435016 210
3369397036 263
3415828832 273
3419165889 231
3421043283 176
3439938365 69
3453834671 97
3475802041 257
3477654647 74
3485727340 36
3516413806 126
3528389707 11
3529431800 29
3570828790 40
3576346154 243
3576952995 103
3611753873 159
3630744390 14
3637528652 142
3640665415 155
3644108658 253
3650994493 214
3682404586 167
3705166655 164
3735285954 60
3794242346 195
3813827420 218
3825964894 299
3834047911 295
3846291404 247
3863463209 222
3880856117 204
3885860355 104
3896729982 213
3897441493 165
3930536579 138
3934144507 128
3934575285 83
3954570302 186
3978014586 267
3985338750 219
4012176614 285
4020817277 262
4021690141 37
4025582691 119
4028575057 147
4044901966 44
4056565709 105
4071585141 71
4074327253 111
4084769632 112
4088869787 42
4106514720 196
4120563849 245
4123558703 32
4136759817 291
4162517235 288
4168711638 254
4173604952 286
4231238145 274
4238147281 89
4269563040 290
4277558944 162
4292913763 7
