1800764 112
87484882 88
97068523 17
125896844 85
132851176 61
158100332 146
197722022 148
212966424 132
268465553 114
277378561 68
346763723 81
347327944 75
386235461 46
391851701 36
409984302 28
435153685 91
442087175 116
456854657 24
465915581 104
482554758 63
521460429 31
582418999 120
600757238 51
646992379 175
677338192 94
680353138 110
715741596 16
723386437 111
755509855 147
777434108 33
789663515 21
833957915 10
849924382 8
882923786 163
934031291 70
984515489 113
1029684725 142
1039775941 138
1061459597 178
1061673189 34
1102138352 161
1119750476 134
1145535496 99
1163785346 174
1165500044 159
1187002154 73
1199928407 27
1302911819 53
1315240339 43
1324646409 0
1353077104 48
1399969279 9
1404395783 115
1411244463 1
1423943361 122
1433784421 107
1462563128 15
1473496205 32
1481700130 54
1490182304 30
1497564029 22
1540789971 153
1565581772 77
1583240062 108
1593335970 140
1703074003 106
1723374255 105
1755211868 79
1780965381 137
1817977319 5
1836837436 50
1854296563 102
1880656059 135
1902819574 177
1957456795 151
1966862849 62
1967912122 129
1987706045 80
1991912470 157
2034853916 98
2040735391 66
2054922385 123
2070794468 103
2071342302 166
2088744826 12
2115991866 6
2191007551 168
2245017434 125
2302936662 37
2321067875 38
2337471812 131
2352408356 26
2386566304 143
2420023489 154
2455595861 4
2493197103 121
2523580740 67
2533558194 144
2563637387 23
2590626395 95
2612076060 176
2623420502 58
2663355169 78
2675243293 39
2677761041 101
2680647675 100
2689742369 18
2714344193 84
2736746253 160
2739454820 126
2751470307 172
2752981434 133
2819042102 19
2820570352 124
2877103839 86
2878053286 83
2881898293 60
2931281920 141
2940397723 47
2946051437 76
2947745968 20
2947818890 11
2975899179 56
2976264608 29
3052336121 130
3118895249 93
3134364972 57
3159294203 152
3197165266 149
3210776703 7
3224180642 35
3236016622 14
3252655057 156
3279979113 139
3305405241 44
3310504013 171
3311786556 45
3326957411 90
3332444146 155
3345103274 52
3346435016 74
3369397036 128
3415828832 145
3419165889 71
3421043283 59
3439938365 55
3453834671 2
3475802041 119
3576346154 164
3611753873 42
3640665415 92
3644108658 117
3650994493 87
3682404586 118
3794242346 69
3813827420 72
3825964894 179
3834047911 173
3846291404 96
3863463209 65
3880856117 49
3896729982 64
3897441493 13
3930536579 3
3934144507 97
3954570302 82
3978014586 150
3985338750 109
4012176614 162
4020817277 127
4028575057 40
4106514720 41
4120563849 89
4136759817 170
4162517235 167
4168711638 158
4173604952 165
4231238145 136
4269563040 169
4277558944 25
