1800764 94
87484882 97
125896844 86
132851176 59
158100332 154
197722022 153
212966424 133
268465553 93
277378561 80
346763723 96
347327944 83
386235461 17
391851701 39
409984302 29
435153685 102
442087175 123
456854657 4
465915581 101
482554758 75
521460429 30
582418999 117
600757238 53
646992379 175
677338192 89
680353138 119
723386437 112
755509855 137
777434108 7
833957915 25
882923786 165
934031291 73
984515489 113
1029684725 148
1039775941 135
1061459597 178
1061673189 36
1102138352 163
1119750476 134
1145535496 108
1163785346 174
1165500044 161
1171145260 6
1187002154 41
1199928407 42
1302911819 45
1315240339 24
1324646409 0
1353077104 49
1399969279 18
1404395783 115
1411244463 10
1423943361 125
1433784421 107
1462563128 2
1473496205 32
1481700130 43
1490182304 31
1497564029 12
1506500056 8
1540789971 149
1565581772 65
1583240062 109
1593335970 144
1703074003 87
1723374255 105
1755211868 90
1780965381 140
1817977319 16
1832923198 13
1836837436 61
1854296563 111
1880656059 136
1902819574 177
1957456795 142
1965817051 15
1966862849 55
1967912122 122
1987706045 88
1991912470 160
2034853916 104
2040735391 62
2054922385 120
2070794468 98
2071342302 168
2088744826 22
2180276089 1
2191007551 159
2245017434 126
2302936662 50
2321067875 51
2337471812 132
2352408356 40
2386566304 150
2420023489 157
2493197103 121
2523580740 79
2533558194 152
2563637387 33
2564901090 9
2590626395 74
2612076060 176
2623420502 28
2663355169 52
2675243293 54
2677761041 100
2680647675 95
2689742369 34
2714344193 68
2736746253 162
2739454820 128
2751470307 172
2752981434 127
2819042102 35
2820570352 116
2877103839 99
2878053286 92
2881898293 46
2931281920 146
2940397723 21
2946051437 91
2947745968 3
2947818890 26
2975899179 69
2976264608 5
3052336121 129
3118895249 70
3134364972 71
3159294203 139
3197165266 143
3210776703 23
3224180642 37
3236016622 27
3252655057 145
3279979113 141
3305405241 47
3310504013 171
3311786556 56
3326957411 76
3332444146 147
3345103274 64
3346435016 81
3369397036 131
3415828832 151
3419165889 84
3421043283 63
3439938365 20
3475802041 124
3576346154 158
3611753873 48
3640665415 66
3644108658 118
3650994493 85
3682404586 110
3705166655 14
3794242346 67
3813827420 82
3825964894 179
3834047911 173
3846291404 106
3863463209 77
3880856117 60
3896729982 78
3897441493 19
3930536579 11
3934144507 58
3954570302 72
3978014586 155
3985338750 114
4012176614 164
4020817277 130
4028575057 44
4106514720 57
4120563849 103
4136759817 170
4162517235 167
4168711638 156
4173604952 166
4231238145 138
4269563040 169
4277558944 38
