1800764 112
87484882 98
97068523 8
125896844 72
132851176 65
158100332 155
197722022 159
212966424 137
268465553 113
277378561 79
346763723 87
347327944 84
386235461 38
391851701 46
409984302 33
435153685 95
442087175 123
465915581 109
482554758 66
521460429 18
582418999 118
600757238 47
646992379 176
677338192 97
680353138 120
723386437 102
755509855 136
777434108 31
789663515 11
833957915 21
849924382 4
882923786 166
934031291 74
984515489 106
1029684725 154
1039775941 132
1061673189 26
1102138352 164
1119750476 135
1145535496 111
1163785346 174
1165500044 162
1171145260 12
1187002154 61
1199928407 35
1302911819 37
1315240339 43
1324646409 0
1353077104 42
1399969279 9
1404395783 110
1411244463 14
1423943361 126
1433784421 115
1473496205 23
1481700130 55
1490182304 19
1497564029 5
1540789971 148
1565581772 73
1583240062 116
1593335970 144
1703074003 100
1723374255 96
1755211868 89
1780965381 140
1817977319 17
1832923198 6
1836837436 58
1854296563 114
1880656059 138
1902819574 178
1957456795 142
1965817051 7
1966862849 50
1967912122 122
1987706045 91
1991912470 161
2034853916 108
2040735391 68
2054922385 119
2070794468 105
2071342302 168
2088744826 25
2180276089 10
2191007551 160
2245017434 128
2302936662 51
2321067875 52
2337471812 134
2352408356 36
2386566304 152
2420023489 157
2493197103 121
2523580740 78
2533558194 153
2563637387 32
2564901090 3
2590626395 92
2612076060 177
2623420502 49
2663355169 64
2675243293 54
2677761041 88
2680647675 104
2689742369 28
2714344193 81
2736746253 163
2739454820 129
2751470307 173
2752981434 127
2759781031 2
2819042102 30
2820570352 117
2877103839 90
2878053286 80
2881898293 60
2931281920 149
2940397723 41
2946051437 85
2947745968 22
2947818890 16
2975899179 62
2976264608 27
3052336121 133
3118895249 86
3134364972 63
3159294203 139
3197165266 143
3210776703 13
3224180642 44
3236016622 20
3252655057 146
3279979113 141
3305405241 39
3310504013 172
3311786556 48
3326957411 93
3332444146 147
3345103274 59
3346435016 69
3369397036 131
3415828832 150
3419165889 77
3421043283 56
3439938365 45
3475802041 125
3576346154 158
3611753873 40
3640665415 82
3644108658 124
3650994493 94
3682404586 101
3705166655 15
3794242346 70
3813827420 71
3825964894 179
3834047911 175
3846291404 103
3863463209 75
3880856117 57
3896729982 67
3897441493 24
3930536579 1
3934144507 76
3954570302 83
3978014586 151
3985338750 107
4012176614 165
4020817277 130
4028575057 34
4106514720 53
4120563849 99
4136759817 171
4162517235 169
4168711638 156
4173604952 167
4231238145 145
4269563040 170
4277558944 29
