1800764 49
87484882 100
125896844 84
132851176 60
158100332 159
197722022 151
212966424 141
268465553 45
277378561 95
346763723 108
347327944 90
391851701 40
409984302 17
435153685 114
442087175 128
465915581 81
482554758 89
521460429 18
582418999 119
600757238 55
646992379 175
677338192 72
680353138 122
723386437 99
755509855 124
795357209 9
833957915 46
882923786 166
934031291 74
972543760 1
976519997 4
984515489 107
1029684725 152
1039775941 134
1061459597 178
1061673189 31
1102138352 164
1119750476 143
1145535496 113
1163785346 174
1165500044 160
1171145260 24
1199928407 68
1302911819 26
1324646409 0
1353077104 43
1399969279 36
1402099477 3
1404395783 106
1411244463 21
1423943361 129
1433784421 94
1462563128 5
1473496205 20
1481700130 15
1490182304 22
1497564029 6
1506500056 32
1540789971 145
1565581772 51
1583240062 103
1593335970 150
1703074003 58
1723374255 101
1755211868 96
1780965381 149
1817977319 28
1832923198 39
1836837436 78
1854296563 116
1880656059 146
1902819574 177
1957456795 132
1965817051 38
1966862849 37
1967912122 111
1979915395 14
1987706045 87
1991912470 161
2034853916 104
2040735391 63
2054922385 118
2070794468 77
2071342302 168
2088744826 34
2137655290 11
2180276089 13
2191007551 140
2245017434 125
2302936662 66
2321067875 67
2335376072 10
2337471812 142
2338681792 7
2352408356 61
2386566304 157
2420023489 154
2493197103 121
2523580740 91
2533558194 158
2563637387 42
2564901090 33
2590626395 48
2612076060 176
2675243293 71
2677761041 86
2680647675 76
2689742369 59
2714344193 41
2736746253 162
2739454820 136
2751470307 172
2752981434 123
2759781031 19
2819042102 57
2820570352 110
2877103839 109
2878053286 97
2881898293 8
2931281920 153
2946051437 105
2947818890 47
2975899179 82
2979186596 2
3052336121 131
3118895249 35
3134364972 85
3159294203 126
3197165266 135
3210776703 44
3224180642 25
3236016622 50
3252655057 130
3279979113 148
3305405241 53
3310504013 171
3311786556 69
3326957411 62
3332444146 133
3345103274 79
3346435016 93
3369397036 139
3415828832 156
3419165889 102
3421043283 70
3475802041 127
3576346154 137
3611753873 64
3637528652 16
3640665415 23
3644108658 120
3650994493 75
3682404586 83
3705166655 30
3794242346 65
3813827420 98
3825964894 179
3834047911 173
3846291404 115
3863463209 88
3880856117 80
3896729982 92
3897441493 29
3930536579 27
3954570302 56
3978014586 155
3985338750 117
4012176614 163
4020817277 138
4025582691 12
4028575057 52
4106514720 73
4120563849 112
4136759817 169
4162517235 165
4168711638 147
4173604952 167
4231238145 144
4269563040 170
4277558944 54
