1800764 104
87484882 108
125896844 67
132851176 66
158100332 157
197722022 160
212966424 145
268465553 100
277378561 90
346763723 91
347327944 92
386235461 22
391851701 50
409984302 44
435153685 103
442087175 124
465915581 111
482554758 69
521460429 4
582418999 113
600757238 42
646992379 176
677338192 102
680353138 122
723386437 87
755509855 126
777434108 15
833957915 32
882923786 167
934031291 83
984515489 98
1029684725 159
1039775941 130
1061673189 13
1102138352 164
1119750476 139
1145535496 118
1163785346 174
1165500044 162
1171145260 21
1187002154 46
1199928407 48
1302911819 20
1315240339 34
1324646409 0
1353077104 31
1399969279 10
1404395783 97
1411244463 25
1423943361 129
1433784421 117
1473496205 7
1481700130 52
1490182304 6
1506500056 9
1540789971 143
1565581772 71
1583240062 120
1593335970 149
1703074003 93
1723374255 84
1755211868 101
1780965381 146
1817977319 29
1832923198 14
1836837436 62
1854296563 119
1880656059 147
1902819574 178
1957456795 132
1965817051 12
1966862849 35
1967912122 110
1979915395 2
1987706045 99
1991912470 161
2034853916 116
2040735391 70
2054922385 112
2070794468 109
2071342302 168
2088744826 37
2180276089 16
2191007551 150
2245017434 131
2302936662 56
2321067875 58
2335376072 5
2337471812 141
2352408356 49
2386566304 158
2420023489 153
2493197103 121
2523580740 89
2533558194 156
2563637387 45
2564901090 8
2590626395 82
2612076060 177
2623420502 28
2663355169 57
2675243293 59
2677761041 76
2680647675 107
2689742369 40
2714344193 72
2736746253 163
2739454820 134
2751470307 173
2752981434 123
2759781031 11
2819042102 41
2820570352 106
2877103839 94
2878053286 78
2881898293 53
2931281920 155
2940397723 24
2946051437 96
2947745968 19
2947818890 27
2975899179 64
2976264608 17
3052336121 140
3109774447 1
3118895249 77
3134364972 65
3159294203 127
3197165266 136
3210776703 23
3224180642 47
3236016622 30
3252655057 133
3279979113 142
3305405241 39
3310504013 172
3311786556 51
3326957411 85
3332444146 135
3345103274 61
3346435016 74
3369397036 138
3415828832 154
3419165889 88
3421043283 54
3439938365 18
3475802041 128
3576346154 144
3611753873 43
3640665415 68
3644108658 125
3650994493 95
3682404586 80
3705166655 26
3794242346 75
3813827420 79
3825964894 179
3834047911 175
3846291404 115
3863463209 86
3880856117 63
3896729982 73
3897441493 33
3930536579 3
3934144507 60
3954570302 81
3978014586 151
3985338750 105
4012176614 165
4020817277 137
4028575057 38
4106514720 55
4120563849 114
4136759817 171
4162517235 169
4168711638 148
4173604952 166
4231238145 152
4269563040 170
4277558944 36
