1800764 54
87484882 99
125896844 86
132851176 58
158100332 159
197722022 150
212966424 139
268465553 48
277378561 92
346763723 106
347327944 88
391851701 38
409984302 18
435153685 113
442087175 126
465915581 82
482554758 89
521460429 20
582418999 120
600757238 60
646992379 175
677338192 73
680353138 122
723386437 103
755509855 127
795357209 5
833957915 44
882923786 166
934031291 74
976519997 4
984515489 108
1029684725 152
1039775941 133
1061459597 178
1061673189 34
1102138352 164
1119750476 142
1145535496 111
1163785346 174
1165500044 160
1171145260 21
1199928407 68
1302911819 30
1324646409 0
1353077104 46
1399969279 37
1402099477 3
1404395783 107
1411244463 19
1423943361 128
1433784421 96
1462563128 8
1473496205 22
1481700130 16
1490182304 24
1497564029 10
1506500056 31
1540789971 146
1565581772 50
1583240062 102
1593335970 151
1703074003 61
1723374255 104
1755211868 95
1780965381 148
1817977319 26
1832923198 35
1836837436 78
1854296563 114
1880656059 144
1902819574 177
1957456795 132
1965817051 36
1966862849 43
1967912122 116
1979915395 11
1987706045 84
1991912470 161
2034853916 101
2040735391 62
2054922385 118
2070794468 77
2071342302 168
2088744826 33
2137655290 9
2180276089 12
2191007551 145
2245017434 123
2302936662 66
2321067875 67
2335376072 7
2337471812 140
2338681792 2
2352408356 56
2386566304 156
2420023489 155
2493197103 121
2523580740 91
2533558194 158
2563637387 39
2564901090 32
2590626395 49
2612076060 176
2663355169 6
2675243293 70
2677761041 90
2680647675 76
2689742369 55
2714344193 41
2736746253 162
2739454820 135
2751470307 172
2752981434 124
2759781031 17
2819042102 52
2820570352 115
2877103839 109
2878053286 98
2881898293 13
2931281920 153
2946051437 105
2947818890 45
2975899179 81
3052336121 130
3118895249 40
3134364972 83
3159294203 129
3197165266 137
3210776703 42
3224180642 23
3236016622 47
3252655057 131
3279979113 147
3305405241 57
3310504013 170
3311786556 69
3326957411 64
3332444146 134
3345103274 80
3346435016 94
3369397036 138
3415828832 157
3419165889 100
3421043283 72
3453834671 1
3475802041 125
3576346154 141
3611753873 63
3637528652 15
3640665415 27
3644108658 119
3650994493 75
3682404586 87
3705166655 29
3794242346 65
3813827420 97
3825964894 179
3834047911 173
3846291404 112
3863463209 85
3880856117 79
3896729982 93
3897441493 28
3930536579 25
3954570302 59
3978014586 154
3985338750 117
4012176614 163
4020817277 136
4025582691 14
4028575057 51
4106514720 71
4120563849 110
4136759817 169
4162517235 165
4168711638 149
4173604952 167
4231238145 143
4269563040 171
4277558944 53
