1800764 89
87484882 110
125896844 72
132851176 66
158100332 158
197722022 160
212966424 145
268465553 87
277378561 92
346763723 97
347327944 96
386235461 10
391851701 50
409984302 40
435153685 104
442087175 126
465915581 109
482554758 74
521460429 3
582418999 113
600757238 43
646992379 176
677338192 95
680353138 122
723386437 90
755509855 125
777434108 9
833957915 36
882923786 167
934031291 84
984515489 100
1029684725 157
1039775941 130
1061673189 19
1102138352 164
1119750476 140
1145535496 118
1163785346 174
1165500044 162
1171145260 24
1187002154 38
1199928407 52
1302911819 22
1315240339 25
1324646409 0
1353077104 31
1399969279 20
1404395783 99
1411244463 26
1423943361 129
1433784421 116
1473496205 7
1481700130 49
1490182304 8
1506500056 18
1540789971 143
1565581772 68
1583240062 119
1593335970 150
1703074003 85
1723374255 86
1755211868 103
1780965381 149
1817977319 29
1832923198 23
1836837436 62
1854296563 120
1880656059 148
1902819574 178
1957456795 132
1965817051 21
1966862849 32
1967912122 111
1979915395 2
1987706045 98
1991912470 161
2034853916 115
2040735391 70
2054922385 112
2070794468 106
2071342302 168
2088744826 35
2180276089 16
2191007551 146
2245017434 131
2302936662 57
2321067875 58
2335376072 5
2337471812 142
2352408356 51
2386566304 159
2420023489 153
2493197103 121
2523580740 91
2533558194 156
2563637387 47
2564901090 17
2590626395 76
2612076060 177
2623420502 14
2663355169 53
2675243293 60
2677761041 77
2680647675 105
2689742369 42
2714344193 67
2736746253 163
2739454820 136
2751470307 173
2752981434 123
2759781031 15
2819042102 45
2820570352 107
2877103839 101
2878053286 82
2881898293 48
2931281920 155
2940397723 12
2946051437 102
2947745968 13
2947818890 30
2975899179 65
2976264608 11
3052336121 139
3118895249 69
3134364972 71
3159294203 127
3197165266 135
3210776703 27
3224180642 46
3236016622 34
3252655057 133
3279979113 144
3305405241 41
3310504013 172
3311786556 54
3326957411 81
3332444146 134
3345103274 61
3346435016 78
3369397036 138
3415828832 154
3419165889 93
3421043283 56
3439938365 4
3475802041 128
3576346154 141
3611753873 44
3637528652 1
3640665415 63
3644108658 124
3650994493 94
3682404586 80
3705166655 28
3794242346 73
3813827420 83
3825964894 179
3834047911 175
3846291404 117
3863463209 88
3880856117 64
3896729982 79
3897441493 33
3930536579 6
3934144507 55
3954570302 75
3978014586 152
3985338750 108
4012176614 165
4020817277 137
4028575057 37
4106514720 59
4120563849 114
4136759817 171
4162517235 169
4168711638 147
4173604952 166
4231238145 151
4269563040 170
4277558944 39
