1800764 54
87484882 92
125896844 94
132851176 52
158100332 158
197722022 144
212966424 133
268465553 51
277378561 88
346763723 106
347327944 85
391851701 30
409984302 15
435153685 112
442087175 125
456854657 9
465915581 78
480126874 5
482554758 91
521460429 31
582418999 120
600757238 68
646992379 175
677338192 72
680353138 121
723386437 111
755509855 129
833957915 40
882923786 166
934031291 71
976519997 8
984515489 115
1029684725 145
1039775941 136
1061459597 178
1061673189 42
1102138352 164
1119750476 139
1145535496 105
1163785346 174
1165500044 160
1171145260 19
1199928407 66
1302911819 45
1324646409 0
1353077104 57
1399969279 37
1402099477 12
1404395783 114
1411244463 17
1423943361 126
1433784421 90
1462563128 18
1473496205 35
1481700130 14
1490182304 34
1497564029 20
1506500056 27
1540789971 150
1565581772 46
1583240062 99
1593335970 149
1703074003 58
1723374255 108
1755211868 89
1780965381 146
1817977319 22
1832923198 33
1836837436 80
1854296563 110
1880656059 138
1902819574 177
1957456795 140
1965817051 36
1966862849 59
1967912122 118
1979915395 1
1987706045 82
1991912470 161
2034853916 97
2040735391 55
2054922385 119
2070794468 76
2071342302 168
2088744826 26
2137655290 11
2180276089 2
2191007551 154
2245017434 122
2302936662 61
2321067875 62
2337471812 135
2352408356 48
2386566304 152
2420023489 159
2493197103 123
2523580740 87
2533558194 155
2563637387 32
2564901090 29
2590626395 47
2612076060 176
2663355169 4
2675243293 69
2677761041 101
2680647675 75
2689742369 50
2714344193 39
2736746253 162
2739454820 130
2751470307 172
2752981434 128
2759781031 13
2819042102 49
2820570352 117
2877103839 109
2878053286 102
2881898293 7
2931281920 148
2946051437 100
2947818890 43
2975899179 83
3052336121 127
3118895249 38
3134364972 86
3159294203 132
3197165266 143
3210776703 41
3224180642 21
3236016622 44
3252655057 141
3279979113 147
3305405241 65
3310504013 169
3311786556 70
3326957411 60
3332444146 142
3345103274 81
3346435016 96
3369397036 134
3415828832 156
3419165889 95
3421043283 77
3453834671 10
3475802041 124
3576346154 151
3611753873 67
3637528652 6
3640665415 25
3644108658 113
3650994493 74
3682404586 103
3705166655 24
3794242346 63
3813827420 98
3825964894 179
3834047911 173
3846291404 107
3863463209 84
3880856117 79
3896729982 93
3897441493 23
3930536579 28
3934144507 3
3954570302 53
3978014586 157
3985338750 116
4012176614 163
4020817277 131
4025582691 16
4028575057 64
4106514720 73
4120563849 104
4136759817 170
4162517235 165
4168711638 153
4173604952 167
4231238145 137
4269563040 171
4277558944 56
