1800764 6
87484882 83
125896844 105
132851176 29
143419484 2
158100332 154
197722022 130
212966424 128
277378561 87
346763723 107
347327944 76
391851701 18
435153685 111
442087175 126
456854657 36
465915581 63
480126874 33
482554758 101
521460429 59
582418999 125
600757238 80
646992379 174
677338192 46
680353138 122
723386437 114
755509855 140
833957915 44
882923786 166
934031291 60
972543760 14
976519997 32
984515489 116
1029684725 134
1039775941 142
1061459597 178
1061673189 65
1102138352 162
1119750476 138
1145535496 92
1163785346 175
1165500044 143
1171145260 15
1199928407 66
1302911819 67
1324646409 0
1353077104 72
1399969279 56
1402099477 35
1404395783 117
1411244463 5
1423943361 120
1433784421 69
1462563128 39
1473496205 62
1490182304 61
1497564029 41
1506500056 40
1540789971 157
1565581772 17
1567831198 3
1583240062 79
1593335970 151
1703074003 19
1723374255 113
1755211868 82
1780965381 144
1817977319 20
1832923198 45
1836837436 89
1854296563 97
1880656059 137
1902819574 177
1957456795 146
1965817051 48
1966862849 74
1967912122 124
1987706045 71
1991912470 155
2023365118 1
2034853916 84
2040735391 30
2054922385 123
2070794468 52
2071342302 168
2088744826 28
2115991866 13
2137655290 31
2191007551 165
2245017434 112
2273076216 25
2302936662 50
2321067875 49
2337471812 133
2338681792 22
2352408356 43
2386566304 145
2420023489 164
2455595861 8
2493197103 127
2523580740 85
2533558194 152
2563637387 27
2564901090 42
2590626395 11
2612076060 176
2618357298 7
2654090424 9
2675243293 70
2677761041 109
2680647675 51
2689742369 64
2736746253 158
2739454820 131
2751470307 173
2752981434 136
2759781031 10
2819042102 57
2820570352 121
2877103839 108
2878053286 106
2931281920 139
2946051437 96
2947818890 55
2975899179 93
2979186596 12
3052336121 115
3134364972 95
3159294203 141
3197165266 149
3210776703 53
3236016622 54
3252655057 148
3279979113 147
3305405241 75
3310504013 169
3311786556 86
3326957411 26
3332444146 150
3345103274 90
3346435016 104
3369397036 135
3415828832 156
3419165889 94
3421043283 91
3453834671 37
3475802041 118
3576346154 160
3611753873 77
3637528652 16
3644108658 98
3650994493 58
3682404586 110
3705166655 24
3794242346 34
3813827420 103
3825964894 179
3834047911 172
3846291404 100
3863463209 78
3880856117 88
3896729982 102
3897441493 21
3930536579 47
3954570302 23
3978014586 161
3985338750 119
4012176614 153
4020817277 132
4025582691 38
4028575057 73
4084769632 4
4106514720 81
4120563849 99
4136759817 170
4162517235 159
4168711638 163
4173604952 167
4231238145 129
4269563040 171
4277558944 68
