1800764 74
87484882 112
125896844 79
132851176 63
158100332 158
197722022 160
212966424 147
268465553 69
277378561 98
346763723 105
347327944 99
391851701 51
409984302 33
435153685 110
442087175 128
465915581 102
482554758 82
521460429 6
582418999 113
600757238 43
646992379 176
677338192 89
680353138 124
723386437 87
725606561 3
755509855 123
795357209 7
833957915 47
882923786 166
934031291 83
984515489 94
1029684725 156
1039775941 131
1061673189 18
1102138352 164
1119750476 144
1145535496 119
1163785346 174
1165500044 162
1171145260 27
1187002154 11
1199928407 56
1302911819 14
1315240339 8
1324646409 0
1353077104 26
1399969279 22
1404395783 93
1411244463 29
1423943361 135
1433784421 114
1473496205 9
1481700130 39
1490182304 10
1506500056 24
1540789971 142
1565581772 62
1583240062 117
1593335970 150
1703074003 78
1723374255 88
1755211868 106
1780965381 148
1817977319 35
1832923198 28
1836837436 73
1854296563 120
1880656059 149
1902819574 178
1957456795 129
1965817051 25
1966862849 21
1967912122 104
1979915395 15
1987706045 100
1991912470 161
2034853916 115
2040735391 67
2054922385 111
2070794468 96
2071342302 169
2088744826 42
2137655290 1
2180276089 19
2191007551 137
2245017434 134
2302936662 60
2321067875 61
2335376072 16
2337471812 146
2338681792 2
2352408356 54
2386566304 159
2420023489 151
2493197103 121
2523580740 97
2533558194 157
2563637387 49
2564901090 23
2590626395 65
2612076060 177
2663355169 31
2675243293 66
2677761041 80
2680647675 95
2689742369 50
2714344193 59
2736746253 163
2739454820 138
2751470307 173
2752981434 122
2759781031 20
2819042102 52
2820570352 103
2877103839 107
2878053286 86
2881898293 32
2931281920 155
2946051437 108
2947745968 12
2947818890 41
2975899179 75
2976264608 5
3052336121 140
3109774447 4
3118895249 58
3134364972 81
3159294203 125
3197165266 132
3210776703 36
3224180642 45
3236016622 44
3252655057 127
3279979113 145
3305405241 40
3310504013 172
3311786556 55
3326957411 77
3332444146 130
3345103274 70
3346435016 84
3369397036 141
3415828832 154
3419165889 101
3421043283 57
3475802041 133
3576346154 136
3611753873 48
3637528652 13
3640665415 53
3644108658 126
3650994493 91
3682404586 72
3705166655 34
3794242346 71
3813827420 90
3825964894 179
3834047911 175
3846291404 118
3863463209 92
3880856117 76
3896729982 85
3897441493 37
3930536579 17
3934144507 30
3954570302 68
3978014586 152
3985338750 109
4012176614 165
4020817277 139
4028575057 38
4106514720 64
4120563849 116
4136759817 171
4162517235 168
4168711638 143
4173604952 167
4231238145 153
4269563040 170
4277558944 46
