1800764 91
87484882 113
125896844 67
132851176 71
158100332 156
197722022 160
212966424 150
268465553 88
277378561 98
346763723 95
347327944 105
386235461 9
391851701 55
409984302 43
435153685 102
442087175 129
465915581 112
482554758 74
582418999 108
600757238 31
646992379 176
677338192 103
680353138 124
723386437 79
755509855 122
777434108 10
795357209 4
833957915 40
882923786 166
934031291 89
984515489 87
1029684725 159
1039775941 131
1061673189 8
1102138352 164
1119750476 144
1145535496 120
1163785346 174
1165500044 162
1171145260 29
1187002154 34
1199928407 52
1302911819 3
1315240339 26
1324646409 0
1353077104 19
1399969279 17
1404395783 86
1411244463 32
1423943361 135
1433784421 116
1481700130 50
1490182304 1
1506500056 21
1540789971 140
1565581772 73
1583240062 121
1593335970 148
1703074003 90
1723374255 81
1755211868 109
1780965381 147
1817977319 38
1832923198 23
1836837436 62
1854296563 123
1880656059 149
1902819574 178
1957456795 127
1965817051 20
1966862849 16
1967912122 93
1979915395 11
1987706045 106
1991912470 161
2034853916 115
2040735391 75
2054922385 104
2070794468 111
2071342302 168
2088744826 42
2180276089 25
2191007551 136
2245017434 137
2302936662 58
2321067875 59
2335376072 14
2337471812 146
2352408356 56
2386566304 158
2420023489 151
2493197103 117
2523580740 97
2533558194 155
2563637387 47
2564901090 18
2590626395 82
2612076060 177
2623420502 13
2663355169 51
2675243293 60
2677761041 68
2680647675 110
2689742369 44
2714344193 69
2736746253 163
2739454820 138
2751470307 173
2752981434 119
2759781031 24
2819042102 45
2820570352 92
2877103839 100
2878053286 77
2881898293 49
2931281920 157
2940397723 12
2946051437 107
2947745968 22
2947818890 33
2975899179 63
2976264608 15
3052336121 145
3109774447 6
3118895249 72
3134364972 70
3159294203 125
3197165266 132
3210776703 27
3224180642 46
3236016622 37
3252655057 126
3279979113 143
3305405241 30
3310504013 172
3311786556 48
3326957411 85
3332444146 128
3345103274 61
3346435016 76
3369397036 142
3415828832 153
3419165889 96
3421043283 53
3439938365 2
3475802041 134
3576346154 133
3611753873 39
3637528652 7
3640665415 65
3644108658 130
3650994493 101
3682404586 64
3705166655 36
3794242346 80
3813827420 84
3825964894 179
3834047911 175
3846291404 118
3863463209 94
3880856117 66
3896729982 78
3897441493 41
3930536579 5
3934144507 54
3954570302 83
3978014586 152
3985338750 99
4012176614 167
4020817277 139
4028575057 28
4106514720 57
4120563849 114
4136759817 171
4162517235 169
4168711638 141
4173604952 165
4231238145 154
4269563040 170
4277558944 35
