1800764 64
87484882 90
125896844 101
132851176 50
158100332 152
197722022 138
212966424 130
268465553 62
277378561 87
346763723 106
347327944 83
391851701 28
409984302 9
435153685 109
442087175 124
456854657 26
465915581 82
480126874 14
482554758 93
521460429 42
582418999 121
600757238 70
646992379 175
677338192 73
680353138 118
723386437 113
755509855 140
833957915 33
882923786 166
934031291 68
976519997 8
984515489 115
1029684725 137
1039775941 139
1061459597 178
1061673189 51
1102138352 163
1119750476 136
1145535496 102
1163785346 174
1165500044 155
1171145260 6
1187002154 3
1199928407 54
1302911819 59
1324646409 0
1353077104 67
1399969279 34
1402099477 12
1404395783 116
1411244463 5
1423943361 123
1433784421 92
1462563128 24
1473496205 44
1481700130 20
1490182304 43
1497564029 32
1506500056 22
1540789971 154
1565581772 49
1583240062 99
1593335970 145
1703074003 63
1723374255 111
1755211868 89
1780965381 142
1817977319 10
1832923198 29
1836837436 77
1854296563 105
1880656059 135
1902819574 177
1957456795 147
1965817051 31
1966862849 71
1967912122 127
1987706045 81
1991912470 159
2034853916 96
2040735391 53
2054922385 122
2070794468 78
2071342302 168
2088744826 19
2115991866 4
2137655290 7
2191007551 164
2245017434 117
2302936662 47
2321067875 48
2337471812 133
2352408356 38
2386566304 146
2420023489 157
2455595861 1
2493197103 125
2523580740 85
2533558194 149
2563637387 27
2564901090 23
2590626395 55
2612076060 176
2663355169 21
2675243293 61
2677761041 108
2680647675 76
2689742369 41
2714344193 45
2736746253 160
2739454820 128
2751470307 172
2752981434 132
2759781031 2
2819042102 39
2820570352 120
2877103839 107
2878053286 104
2881898293 16
2931281920 141
2946051437 95
2947818890 36
2975899179 86
3052336121 126
3118895249 46
3134364972 88
3159294203 143
3197165266 148
3210776703 35
3224180642 18
3236016622 37
3252655057 150
3279979113 144
3305405241 66
3310504013 170
3311786556 72
3326957411 58
3332444146 151
3345103274 80
3346435016 98
3369397036 131
3415828832 153
3419165889 91
3421043283 84
3453834671 17
3475802041 119
3576346154 161
3611753873 65
3640665415 40
3644108658 110
3650994493 74
3682404586 112
3705166655 11
3794242346 57
3813827420 97
3825964894 179
3834047911 173
3846291404 103
3863463209 79
3880856117 75
3896729982 94
3897441493 13
3930536579 30
3934144507 25
3954570302 56
3978014586 156
3985338750 114
4012176614 162
4020817277 129
4025582691 15
4028575057 60
4106514720 69
4120563849 100
4136759817 169
4162517235 165
4168711638 158
4173604952 167
4231238145 134
4269563040 171
4277558944 52
