1800764 78
87484882 101
125896844 80
132851176 60
158100332 159
197722022 157
212966424 137
268465553 77
277378561 88
346763723 100
347327944 89
386235461 4
391851701 43
409984302 29
435153685 105
442087175 123
465915581 98
482554758 79
521460429 18
582418999 118
600757238 53
646992379 175
677338192 85
680353138 121
723386437 104
755509855 128
833957915 33
882923786 166
934031291 75
984515489 109
1029684725 150
1039775941 133
1061459597 178
1061673189 31
1102138352 163
1119750476 138
1145535496 113
1163785346 174
1165500044 161
1171145260 14
1187002154 26
1199928407 52
1302911819 36
1315240339 12
1324646409 0
1353077104 45
1399969279 24
1404395783 110
1411244463 16
1423943361 127
1433784421 106
1462563128 3
1473496205 22
1481700130 40
1490182304 20
1497564029 7
1506500056 15
1540789971 147
1565581772 62
1583240062 112
1593335970 146
1703074003 76
1723374255 102
1755211868 95
1780965381 145
1817977319 25
1832923198 19
1836837436 68
1854296563 115
1880656059 142
1902819574 177
1957456795 136
1965817051 21
1966862849 48
1967912122 119
1979915395 1
1987706045 90
1991912470 160
2034853916 107
2040735391 65
2054922385 117
2070794468 96
2071342302 168
2088744826 28
2180276089 10
2191007551 152
2245017434 126
2302936662 54
2321067875 55
2335376072 2
2337471812 135
2352408356 47
2386566304 156
2420023489 155
2493197103 122
2523580740 87
2533558194 158
2563637387 37
2564901090 17
2590626395 70
2612076060 176
2623420502 9
2663355169 44
2675243293 58
2677761041 92
2680647675 94
2689742369 39
2714344193 61
2736746253 162
2739454820 130
2751470307 172
2752981434 124
2759781031 11
2819042102 42
2820570352 116
2877103839 103
2878053286 91
2881898293 38
2931281920 151
2940397723 6
2946051437 97
2947745968 8
2947818890 32
2975899179 72
2976264608 5
3052336121 129
3118895249 63
3134364972 74
3159294203 132
3197165266 140
3210776703 30
3224180642 35
3236016622 34
3252655057 139
3279979113 143
3305405241 49
3310504013 171
3311786556 56
3326957411 73
3332444146 141
3345103274 71
3346435016 83
3369397036 134
3415828832 154
3419165889 93
3421043283 64
3475802041 125
3576346154 148
3611753873 51
3640665415 57
3644108658 120
3650994493 84
3682404586 99
3705166655 23
3794242346 66
3813827420 86
3825964894 179
3834047911 173
3846291404 111
3863463209 82
3880856117 69
3896729982 81
3897441493 27
3930536579 13
3934144507 50
3954570302 67
3978014586 153
3985338750 114
4012176614 164
4020817277 131
4028575057 46
4106514720 59
4120563849 108
4136759817 170
4162517235 165
4168711638 149
4173604952 167
4231238145 144
4269563040 169
4277558944 41
