1800764 71
87484882 109
125896844 79
132851176 63
158100332 160
197722022 159
212966424 147
268465553 69
277378561 96
346763723 104
347327944 97
391851701 51
409984302 31
435153685 110
442087175 127
465915581 99
482554758 83
521460429 8
582418999 115
600757238 47
646992379 176
677338192 86
680353138 122
723386437 89
755509855 125
795357209 6
833957915 45
882923786 166
934031291 82
984515489 102
1029684725 156
1039775941 133
1061673189 19
1102138352 164
1119750476 143
1145535496 119
1163785346 175
1165500044 162
1171145260 24
1187002154 10
1199928407 55
1302911819 18
1315240339 7
1324646409 0
1353077104 30
1399969279 23
1404395783 100
1411244463 25
1423943361 134
1433784421 112
1473496205 13
1481700130 38
1490182304 15
1506500056 21
1540789971 142
1565581772 62
1583240062 116
1593335970 150
1703074003 75
1723374255 91
1755211868 103
1780965381 149
1817977319 34
1832923198 28
1836837436 74
1854296563 120
1880656059 148
1902819574 178
1957456795 129
1965817051 26
1966862849 27
1967912122 108
1979915395 12
1987706045 98
1991912470 161
2034853916 114
2040735391 66
2054922385 113
2070794468 94
2071342302 169
2088744826 39
2137655290 4
2180276089 17
2191007551 141
2245017434 132
2302936662 59
2321067875 61
2335376072 14
2337471812 145
2338681792 1
2352408356 54
2386566304 158
2420023489 152
2493197103 121
2523580740 95
2533558194 157
2563637387 48
2564901090 22
2590626395 64
2612076060 177
2663355169 33
2675243293 67
2677761041 80
2680647675 93
2689742369 50
2714344193 57
2736746253 163
2739454820 137
2751470307 173
2752981434 123
2759781031 20
2819042102 52
2820570352 106
2877103839 107
2878053286 87
2881898293 35
2931281920 155
2946051437 105
2947745968 9
2947818890 40
2975899179 77
2976264608 5
3052336121 139
3109774447 2
3118895249 58
3134364972 81
3159294203 126
3197165266 135
3210776703 37
3224180642 41
3236016622 43
3252655057 128
3279979113 146
3305405241 44
3310504013 172
3311786556 56
3326957411 72
3332444146 131
3345103274 73
3346435016 84
3369397036 140
3415828832 154
3419165889 101
3421043283 60
3475802041 130
3576346154 136
3611753873 49
3637528652 11
3640665415 53
3644108658 124
3650994493 88
3682404586 78
3705166655 32
3794242346 70
3813827420 90
3825964894 179
3834047911 174
3846291404 118
3863463209 92
3880856117 76
3896729982 85
3897441493 36
3930536579 16
3934144507 29
3954570302 68
3978014586 153
3985338750 111
4012176614 165
4020817277 138
4025582691 3
4028575057 42
4106514720 65
4120563849 117
4136759817 171
4162517235 168
4168711638 144
4173604952 167
4231238145 151
4269563040 170
4277558944 46
