1800764 35
87484882 77
125896844 108
132851176 21
143419484 3
158100332 146
197722022 125
212966424 120
268465553 31
277378561 76
346763723 105
347327944 70
366165566 18
391851701 10
435153685 110
442087175 117
456854657 58
465915581 63
480126874 47
482554758 101
521460429 67
582418999 130
600757238 92
646992379 174
677338192 54
680353138 116
723386437 119
755509855 154
833957915 30
882923786 160
934031291 55
972543760 1
976519997 29
984515489 121
1029684725 131
1039775941 147
1061459597 178
1061673189 71
1102138352 153
1119750476 138
1145535496 90
1163785346 175
1165500044 140
1171145260 2
1199928407 57
1302911819 87
1324646409 0
1353077104 86
1399969279 52
1402099477 40
1404395783 124
1423943361 114
1433784421 72
1462563128 53
1473496205 68
1490182304 66
1497564029 61
1506500056 22
1540789971 159
1565581772 17
1567831198 8
1583240062 78
1593335970 144
1703074003 36
1723374255 115
1755211868 74
1780965381 142
1817977319 5
1832923198 37
1836837436 85
1854296563 95
1880656059 134
1902819574 177
1957456795 158
1965817051 44
1966862849 98
1967912122 137
1987706045 65
1991912470 148
2023365118 26
2034853916 79
2040735391 25
2054922385 133
2070794468 60
2071342302 165
2088744826 11
2115991866 38
2137655290 19
2191007551 170
2245017434 109
2273076216 14
2302936662 42
2321067875 41
2337471812 128
2338681792 7
2352408356 27
2386566304 139
2420023489 161
2455595861 34
2493197103 129
2523580740 75
2533558194 143
2563637387 13
2564901090 28
2590626395 20
2612076060 176
2618357298 23
2654090424 4
2675243293 62
2677761041 113
2680647675 59
2689742369 50
2714344193 15
2736746253 150
2739454820 126
2751470307 172
2752981434 141
2819042102 43
2820570352 135
2877103839 106
2878053286 107
2931281920 136
2946051437 89
2947818890 46
2975899179 96
3052336121 112
3118895249 16
3134364972 93
3159294203 155
3197165266 157
3210776703 48
3236016622 45
3252655057 164
3279979113 145
3305405241 82
3310504013 166
3311786556 83
3326957411 32
3332444146 163
3345103274 91
3346435016 104
3369397036 132
3415828832 151
3419165889 88
3421043283 100
3453834671 49
3475802041 111
3576346154 169
3611753873 81
3640665415 12
3644108658 99
3650994493 56
3682404586 122
3705166655 9
3794242346 33
3813827420 103
3825964894 179
3834047911 173
3846291404 97
3863463209 69
3880856117 84
3896729982 102
3897441493 6
3930536579 51
3954570302 24
3978014586 156
3985338750 118
4012176614 149
4020817277 127
4025582691 39
4028575057 80
4106514720 73
4120563849 94
4136759817 168
4162517235 152
4168711638 167
4173604952 162
4231238145 123
4269563040 171
4277558944 64
