1800764 56
87484882 108
125896844 76
132851176 63
158100332 160
197722022 156
212966424 147
268465553 54
277378561 103
346763723 109
347327944 101
391851701 47
409984302 27
435153685 115
442087175 133
465915581 92
482554758 88
521460429 9
582418999 113
600757238 41
646992379 176
677338192 81
680353138 126
723386437 84
725606561 2
755509855 121
795357209 15
833957915 53
882923786 167
934031291 82
972543760 6
984515489 95
1029684725 155
1039775941 132
1061673189 21
1102138352 164
1119750476 145
1145535496 118
1163785346 175
1165500044 161
1171145260 30
1199928407 68
1302911819 11
1303866932 1
1324646409 0
1353077104 26
1399969279 31
1404395783 94
1411244463 28
1423943361 137
1433784421 105
1473496205 12
1481700130 24
1490182304 14
1506500056 33
1540789971 140
1565581772 58
1583240062 116
1593335970 150
1703074003 61
1723374255 89
1755211868 104
1780965381 148
1817977319 37
1832923198 36
1836837436 78
1854296563 120
1880656059 149
1902819574 178
1957456795 129
1965817051 35
1966862849 19
1967912122 96
1979915395 18
1987706045 99
1991912470 162
2034853916 114
2040735391 66
2054922385 107
2070794468 87
2071342302 169
2088744826 43
2137655290 8
2180276089 20
2191007551 134
2245017434 135
2302936662 70
2321067875 71
2335376072 17
2337471812 146
2338681792 10
2352408356 60
2386566304 159
2420023489 151
2493197103 123
2523580740 102
2533558194 158
2563637387 50
2564901090 32
2590626395 55
2612076060 177
2663355169 13
2675243293 74
2677761041 75
2680647675 85
2689742369 57
2714344193 48
2736746253 163
2739454820 141
2751470307 173
2752981434 124
2759781031 25
2819042102 59
2820570352 100
2877103839 112
2878053286 91
2881898293 16
2931281920 157
2946051437 111
2947745968 5
2947818890 46
2975899179 79
2979186596 7
3052336121 139
3118895249 45
3134364972 86
3159294203 122
3197165266 131
3210776703 44
3224180642 34
3236016622 51
3252655057 127
3279979113 144
3305405241 42
3310504013 172
3311786556 64
3326957411 65
3332444146 128
3345103274 77
3346435016 90
3369397036 143
3415828832 154
3419165889 106
3421043283 67
3475802041 136
3576346154 130
3611753873 52
3637528652 22
3640665415 29
3644108658 125
3650994493 83
3682404586 72
3705166655 38
3794242346 69
3813827420 97
3825964894 179
3834047911 174
3846291404 119
3863463209 98
3880856117 80
3896729982 93
3897441493 39
3930536579 23
3934144507 4
3954570302 62
3978014586 153
3985338750 110
4012176614 165
4020817277 142
4025582691 3
4028575057 40
4106514720 73
4120563849 117
4136759817 171
4162517235 166
4168711638 138
4173604952 168
4231238145 152
4269563040 170
4277558944 49
