1800764 147
87484882 123
97068523 63
125896844 14
132851176 107
158100332 151
197722022 168
212966424 155
268465553 146
277378561 100
346763723 73
347327944 109
386235461 83
391851701 92
409984302 88
435153685 71
442087175 108
465915581 145
482554758 46
582418999 44
646992379 175
677338192 137
680353138 96
715741596 40
723386437 11
725606561 26
755509855 48
777434108 81
789663515 56
795357209 18
833957915 29
849924382 61
882923786 167
905458755 34
934031291 113
984515489 25
1029684725 160
1039775941 86
1102138352 166
1119750476 125
1145535496 135
1163785346 170
1165500044 169
1171145260 49
1187002154 97
1199928407 42
1303866932 15
1315240339 90
1324646409 0
1378626860 4
1404395783 22
1411244463 62
1423943361 139
1433784421 148
1481700130 99
1506500056 6
1540789971 95
1565581772 117
1583240062 150
1593335970 120
1648888063 53
1703074003 140
1723374255 23
1755211868 112
1780965381 124
1817977319 57
1832923198 1
1836837436 37
1854296563 136
1878223483 10
1880656059 149
1957456795 70
1967912122 20
1979915395 28
1987706045 119
1991912470 161
2034853916 138
2040735391 114
2054922385 35
2070794468 144
2071342302 165
2088744826 58
2180276089 60
2191007551 74
2245017434 154
2302936662 84
2321067875 87
2335376072 36
2337471812 143
2352408356 72
2386566304 156
2420023489 105
2493197103 76
2523580740 101
2533558194 152
2563637387 79
2564901090 2
2590626395 132
2612076060 177
2623420502 89
2663355169 104
2675243293 68
2677761041 5
2680647675 142
2689742369 27
2714344193 122
2727339584 9
2736746253 163
2739454820 127
2751470307 174
2752981434 66
2759781031 39
2819042102 38
2820570352 24
2877103839 78
2878053286 32
2881898293 102
2931281920 157
2939038785 17
2940397723 85
2946051437 98
2947745968 75
2947818890 16
2975899179 31
2976264608 80
3052336121 158
3109774447 55
3118895249 128
3134364972 50
3159294203 51
3162794093 3
3197165266 77
3210776703 8
3224180642 93
3236016622 19
3252655057 65
3279979113 106
3310504013 176
3311786556 7
3326957411 133
3332444146 67
3345103274 33
3346435016 41
3369397036 130
3415828832 134
3419165889 94
3439938365 82
3475802041 141
3576346154 69
3576952995 30
3637528652 13
3640665415 121
3644108658 153
3650994493 131
3705166655 52
3794242346 115
3813827420 59
3825964894 179
3834047911 178
3846291404 118
3863463209 103
3880856117 45
3896729982 54
3897441493 64
3934144507 110
3954570302 126
3978014586 111
3985338750 47
4012176614 172
4020817277 129
4074327253 21
4088869787 12
4106514720 43
4120563849 116
4136759817 171
4162517235 173
4168711638 91
4173604952 164
4231238145 159
4269563040 162
