1800764 152
87484882 121
97068523 69
125896844 12
132851176 110
158100332 143
197722022 168
212966424 151
268465553 154
277378561 98
346763723 66
347327944 107
386235461 92
391851701 86
409984302 85
435153685 64
442087175 105
465915581 146
482554758 43
582418999 45
646992379 175
677338192 140
680353138 90
715741596 56
723386437 16
725606561 25
755509855 54
777434108 84
789663515 70
795357209 17
833957915 28
849924382 65
882923786 167
905458755 50
934031291 111
984515489 27
1029684725 160
1039775941 83
1102138352 166
1119750476 120
1145535496 131
1163785346 170
1165500044 169
1171145260 47
1187002154 104
1199928407 36
1303866932 9
1315240339 95
1324646409 0
1378626860 6
1404395783 23
1411244463 55
1423943361 134
1433784421 149
1481700130 101
1506500056 1
1540789971 94
1565581772 125
1583240062 150
1593335970 116
1648888063 61
1687077153 11
1703074003 148
1723374255 21
1755211868 108
1780965381 119
1817977319 53
1836837436 34
1854296563 132
1878223483 13
1880656059 142
1957456795 74
1967912122 24
1979915395 26
1987706045 118
1991912470 161
2034853916 136
2040735391 113
2054922385 41
2070794468 147
2071342302 165
2088744826 52
2180276089 57
2191007551 79
2245017434 153
2302936662 80
2321067875 81
2335376072 37
2337471812 141
2352408356 67
2386566304 156
2420023489 103
2493197103 73
2523580740 99
2533558194 145
2563637387 75
2590626395 139
2612076060 177
2623420502 97
2663355169 117
2675243293 62
2677761041 7
2680647675 144
2689742369 22
2714344193 127
2727339584 4
2736746253 163
2739454820 122
2751470307 174
2752981434 63
2759781031 39
2819042102 33
2820570352 29
2877103839 72
2878053286 32
2881898293 106
2931281920 157
2939038785 19
2940397723 93
2946051437 96
2947745968 77
2947818890 8
2975899179 30
2976264608 82
3052336121 158
3109774447 59
3118895249 135
3134364972 44
3159294203 58
3162794093 14
3197165266 78
3210776703 2
3224180642 88
3236016622 15
3252655057 68
3255384253 10
3279979113 102
3310504013 176
3311786556 3
3326957411 137
3332444146 71
3345103274 31
3346435016 40
3369397036 124
3415828832 128
3419165889 87
3439938365 91
3475802041 138
3576346154 76
3576952995 35
3637528652 5
3640665415 133
3644108658 155
3650994493 130
3705166655 49
3794242346 115
3813827420 51
3825964894 179
3834047911 178
3846291404 114
3863463209 100
3880856117 42
3896729982 48
3897441493 60
3934144507 126
3954570302 129
3978014586 109
3985338750 46
4012176614 172
4020817277 123
4074327253 18
4088869787 20
4106514720 38
4120563849 112
4136759817 171
4162517235 173
4168711638 89
4173604952 164
4231238145 159
4269563040 162
