1800764 69
87484882 116
125896844 62
132851176 73
158100332 156
197722022 160
212966424 152
268465553 64
277378561 107
346763723 100
347327944 111
391851701 56
409984302 40
435153685 103
442087175 135
465915581 109
482554758 89
582418999 97
600757238 20
646992379 176
677338192 96
680353138 130
723386437 63
725606561 13
755509855 106
777434108 1
795357209 17
833957915 48
882923786 167
934031291 94
972543760 4
984515489 85
1029684725 159
1039775941 132
1061673189 8
1102138352 164
1119750476 145
1145535496 127
1163785346 174
1165500044 162
1171145260 36
1187002154 9
1199928407 59
1303866932 10
1315240339 12
1324646409 0
1353077104 14
1399969279 22
1404395783 81
1411244463 37
1423943361 138
1433784421 117
1481700130 39
1506500056 30
1540789971 136
1565581772 65
1583240062 124
1593335970 149
1703074003 80
1723374255 77
1755211868 113
1780965381 148
1817977319 43
1832923198 31
1836837436 74
1854296563 131
1880656059 151
1902819574 178
1957456795 122
1965817051 27
1966862849 3
1967912122 82
1979915395 19
1987706045 110
1991912470 161
2034853916 121
2040735391 79
2054922385 93
2070794468 101
2071342302 168
2088744826 46
2180276089 26
2191007551 128
2245017434 139
2302936662 70
2321067875 72
2335376072 21
2337471812 150
2338681792 6
2352408356 61
2386566304 158
2420023489 144
2493197103 118
2523580740 105
2533558194 155
2563637387 55
2564901090 29
2590626395 66
2612076060 177
2663355169 28
2675243293 78
2677761041 57
2680647675 99
2689742369 51
2714344193 60
2736746253 163
2739454820 140
2751470307 173
2752981434 115
2759781031 32
2819042102 54
2820570352 87
2877103839 104
2878053286 86
2881898293 33
2931281920 157
2946051437 114
2947745968 16
2947818890 41
2975899179 71
2976264608 7
2979186596 5
3052336121 147
3109774447 11
3118895249 58
3134364972 88
3159294203 112
3197165266 129
3210776703 35
3224180642 47
3236016622 44
3252655057 119
3279979113 141
3305405241 25
3310504013 172
3311786556 53
3326957411 83
3332444146 120
3345103274 68
3346435016 90
3369397036 143
3415828832 153
3419165889 108
3421043283 52
3475802041 137
3516413806 2
3576346154 123
3611753873 34
3637528652 18
3640665415 50
3644108658 133
3650994493 98
3682404586 49
3705166655 42
3794242346 84
3813827420 92
3825964894 179
3834047911 175
3846291404 126
3863463209 102
3880856117 76
3896729982 91
3897441493 45
3930536579 15
3934144507 23
3954570302 75
3978014586 146
3985338750 95
4012176614 165
4020817277 142
4028575057 24
4106514720 67
4120563849 125
4136759817 171
4162517235 169
4168711638 134
4173604952 166
4231238145 154
4269563040 170
4277558944 38
