1800764 115
87484882 103
97068523 12
125896844 65
132851176 69
158100332 157
197722022 160
212966424 145
268465553 116
277378561 80
346763723 83
347327944 90
386235461 42
391851701 50
409984302 41
435153685 92
442087175 123
465915581 112
482554758 64
521460429 6
582418999 108
600757238 38
646992379 176
677338192 102
680353138 120
723386437 93
755509855 128
777434108 33
789663515 13
833957915 22
849924382 10
882923786 166
934031291 79
984515489 98
1029684725 159
1039775941 131
1061673189 16
1102138352 164
1119750476 136
1145535496 117
1163785346 174
1165500044 163
1171145260 17
1187002154 61
1199928407 40
1302911819 28
1315240339 46
1324646409 0
1353077104 34
1399969279 5
1404395783 100
1411244463 21
1423943361 127
1433784421 119
1473496205 11
1481700130 60
1490182304 8
1506500056 1
1540789971 147
1565581772 76
1583240062 122
1593335970 146
1703074003 105
1723374255 84
1755211868 94
1780965381 144
1817977319 23
1832923198 7
1836837436 56
1854296563 118
1880656059 143
1902819574 178
1957456795 135
1965817051 4
1966862849 37
1967912122 114
1987706045 96
1991912470 161
2034853916 113
2040735391 72
2054922385 109
2070794468 111
2071342302 168
2088744826 27
2180276089 15
2191007551 154
2245017434 129
2302936662 52
2321067875 55
2337471812 138
2352408356 45
2386566304 158
2420023489 152
2493197103 121
2523580740 81
2533558194 156
2563637387 39
2564901090 2
2590626395 95
2612076060 177
2623420502 49
2663355169 67
2675243293 54
2677761041 73
2680647675 110
2689742369 29
2714344193 82
2736746253 162
2739454820 130
2751470307 173
2752981434 124
2759781031 9
2819042102 32
2820570352 106
2877103839 86
2878053286 71
2881898293 62
2931281920 155
2940397723 43
2946051437 89
2947745968 24
2947818890 18
2975899179 59
2976264608 30
3052336121 141
3109774447 3
3118895249 91
3134364972 63
3159294203 133
3197165266 137
3210776703 14
3224180642 48
3236016622 19
3252655057 139
3279979113 142
3305405241 35
3310504013 172
3311786556 47
3326957411 97
3332444146 140
3345103274 57
3346435016 68
3369397036 134
3415828832 153
3419165889 77
3421043283 53
3439938365 44
3475802041 126
3576346154 150
3611753873 36
3640665415 85
3644108658 125
3650994493 99
3682404586 87
3705166655 20
3794242346 74
3813827420 70
3825964894 179
3834047911 175
3846291404 107
3863463209 78
3880856117 58
3896729982 66
3897441493 26
3934144507 75
3954570302 88
3978014586 151
3985338750 101
4012176614 167
4020817277 132
4028575057 31
4106514720 51
4120563849 104
4136759817 171
4162517235 169
4168711638 148
4173604952 165
4231238145 149
4269563040 170
4277558944 25
