1800764 122
87484882 114
97068523 22
125896844 46
132851176 87
158100332 154
197722022 160
212966424 152
268465553 121
277378561 89
346763723 82
347327944 104
386235461 43
391851701 66
409984302 56
435153685 83
442087175 130
465915581 127
482554758 64
582418999 81
600757238 10
646992379 175
677338192 116
680353138 109
715741596 5
723386437 58
725606561 7
755509855 100
777434108 38
789663515 19
795357209 4
833957915 26
849924382 23
882923786 166
934031291 98
984515489 71
1029684725 159
1039775941 119
1102138352 163
1119750476 142
1145535496 129
1163785346 173
1165500044 164
1171145260 28
1187002154 68
1199928407 42
1315240339 52
1324646409 0
1404395783 70
1411244463 33
1423943361 139
1433784421 132
1481700130 76
1506500056 12
1540789971 134
1565581772 93
1583240062 135
1593335970 145
1648888063 17
1703074003 117
1723374255 62
1755211868 106
1780965381 146
1817977319 35
1832923198 11
1836837436 53
1854296563 131
1880656059 150
1902819574 178
1957456795 112
1965817051 3
1967912122 75
1979915395 13
1987706045 108
1991912470 161
2034853916 126
2040735391 88
2054922385 79
2070794468 125
2071342302 167
2088744826 37
2180276089 31
2191007551 128
2245017434 148
2302936662 67
2321067875 72
2335376072 18
2337471812 149
2352408356 55
2386566304 156
2420023489 144
2493197103 97
2523580740 92
2533558194 155
2563637387 54
2564901090 9
2590626395 105
2612076060 177
2623420502 48
2663355169 80
2675243293 59
2677761041 47
2680647675 124
2689742369 29
2714344193 96
2736746253 162
2739454820 137
2751470307 172
2752981434 99
2759781031 25
2819042102 34
2820570352 74
2877103839 84
2878053286 63
2881898293 77
2931281920 158
2940397723 45
2946051437 95
2947745968 36
2947818890 20
2975899179 51
2976264608 39
3052336121 153
3109774447 24
3118895249 101
3134364972 60
3159294203 102
3197165266 118
3210776703 14
3224180642 61
3236016622 21
3252655057 110
3279979113 136
3305405241 8
3310504013 174
3311786556 27
3326957411 107
3332444146 113
3345103274 50
3346435016 65
3369397036 141
3415828832 151
3419165889 86
3421043283 30
3439938365 41
3475802041 140
3576346154 123
3576952995 1
3611753873 15
3637528652 2
3640665415 91
3644108658 143
3650994493 111
3682404586 44
3705166655 32
3794242346 90
3813827420 73
3825964894 179
3834047911 176
3846291404 120
3863463209 94
3880856117 57
3896729982 69
3897441493 40
3934144507 85
3954570302 103
3978014586 147
3985338750 78
4012176614 169
4020817277 138
4028575057 6
4106514720 49
4120563849 115
4136759817 171
4162517235 170
4168711638 133
4173604952 165
4231238145 157
4269563040 168
4277558944 16
