1800764 67
87484882 82
125896844 109
132851176 39
158100332 146
197722022 135
212966424 122
268465553 69
277378561 73
346763723 104
347327944 68
366165566 18
391851701 10
409984302 2
435153685 108
442087175 117
456854657 53
465915581 79
480126874 33
482554758 94
521460429 59
582418999 129
600757238 91
646992379 174
677338192 64
680353138 115
723386437 119
755509855 155
833957915 14
882923786 161
934031291 55
976519997 12
984515489 120
1029684725 134
1039775941 147
1061459597 178
1061673189 61
1102138352 152
1119750476 136
1145535496 98
1163785346 175
1165500044 145
1187002154 15
1199928407 42
1302911819 92
1324646409 0
1353077104 86
1399969279 31
1402099477 26
1404395783 121
1423943361 113
1433784421 88
1462563128 41
1473496205 60
1481700130 13
1490182304 57
1497564029 52
1506500056 9
1540789971 157
1565581772 44
1583240062 93
1593335970 142
1703074003 62
1723374255 114
1755211868 78
1780965381 139
1832923198 16
1836837436 81
1854296563 101
1880656059 132
1902819574 177
1957456795 159
1965817051 21
1966862849 102
1967912122 138
1987706045 66
1991912470 149
2023365118 28
2034853916 90
2040735391 43
2054922385 131
2070794468 75
2071342302 163
2088744826 4
2115991866 38
2137655290 7
2191007551 172
2245017434 110
2273076216 3
2302936662 35
2321067875 36
2337471812 128
2352408356 19
2386566304 140
2420023489 158
2455595861 34
2493197103 124
2523580740 72
2533558194 143
2563637387 8
2564901090 11
2590626395 54
2612076060 176
2618357298 20
2623420502 5
2663355169 29
2675243293 50
2677761041 112
2680647675 74
2689742369 30
2714344193 46
2736746253 150
2739454820 123
2751470307 171
2752981434 141
2819042102 27
2820570352 133
2877103839 105
2878053286 107
2881898293 17
2931281920 137
2946051437 89
2947818890 24
2975899179 87
3052336121 116
3118895249 49
3134364972 85
3159294203 160
3197165266 156
3210776703 25
3224180642 6
3236016622 23
3252655057 165
3279979113 144
3305405241 80
3310504013 167
3311786556 76
3326957411 56
3332444146 164
3345103274 83
3346435016 103
3369397036 130
3415828832 148
3419165889 84
3421043283 96
3453834671 37
3475802041 111
3576346154 170
3611753873 70
3640665415 45
3644108658 106
3650994493 63
3682404586 127
3794242346 47
3813827420 100
3825964894 179
3834047911 173
3846291404 99
3863463209 65
3880856117 77
3896729982 97
3897441493 1
3930536579 32
3934144507 40
3954570302 51
3978014586 153
3985338750 118
4012176614 151
4020817277 125
4025582691 22
4028575057 71
4106514720 58
4120563849 95
4136759817 168
4162517235 154
4168711638 166
4173604952 162
4231238145 126
4269563040 169
4277558944 48
