1800764 19
87484882 85
125896844 105
132851176 35
158100332 153
197722022 130
212966424 128
268465553 15
277378561 87
346763723 107
347327944 79
391851701 20
435153685 111
442087175 126
456854657 34
465915581 65
480126874 30
482554758 99
521460429 55
582418999 124
600757238 77
646992379 174
677338192 56
680353138 122
723386437 114
755509855 139
833957915 45
882923786 166
934031291 63
972543760 7
976519997 28
984515489 115
1029684725 136
1039775941 142
1061459597 178
1061673189 64
1102138352 164
1119750476 138
1145535496 95
1163785346 175
1165500044 146
1171145260 13
1199928407 67
1302911819 66
1324646409 0
1353077104 70
1399969279 49
1402099477 31
1404395783 116
1411244463 6
1423943361 121
1433784421 75
1462563128 38
1473496205 58
1490182304 57
1497564029 41
1506500056 39
1540789971 155
1565581772 23
1583240062 82
1593335970 150
1703074003 26
1723374255 112
1755211868 83
1780965381 143
1817977319 16
1832923198 44
1836837436 89
1854296563 97
1880656059 137
1902819574 177
1957456795 145
1965817051 47
1966862849 72
1967912122 125
1987706045 74
1991912470 157
2034853916 86
2040735391 37
2054922385 123
2070794468 62
2071342302 168
2088744826 24
2115991866 10
2137655290 27
2191007551 165
2245017434 113
2273076216 18
2302936662 53
2321067875 52
2337471812 133
2338681792 14
2352408356 43
2386566304 144
2420023489 162
2455595861 4
2493197103 127
2523580740 84
2533558194 152
2563637387 25
2564901090 42
2590626395 21
2612076060 176
2618357298 3
2654090424 1
2675243293 69
2677761041 108
2680647675 60
2689742369 59
2714344193 11
2736746253 160
2739454820 131
2751470307 172
2752981434 134
2759781031 9
2819042102 54
2820570352 120
2877103839 109
2878053286 106
2931281920 140
2946051437 96
2947818890 50
2975899179 92
2979186596 5
3052336121 118
3118895249 8
3134364972 93
3159294203 141
3197165266 149
3210776703 48
3224180642 2
3236016622 51
3252655057 148
3279979113 147
3305405241 73
3310504013 169
3311786556 81
3326957411 32
3332444146 151
3345103274 90
3346435016 104
3369397036 135
3415828832 154
3419165889 94
3421043283 91
3453834671 33
3475802041 119
3576346154 158
3611753873 76
3637528652 12
3644108658 100
3650994493 61
3682404586 110
3705166655 22
3794242346 40
3813827420 103
3825964894 179
3834047911 173
3846291404 101
3863463209 80
3880856117 88
3896729982 102
3897441493 17
3930536579 46
3954570302 29
3978014586 159
3985338750 117
4012176614 156
4020817277 132
4025582691 36
4028575057 71
4106514720 78
4120563849 98
4136759817 170
4162517235 163
4168711638 161
4173604952 167
4231238145 129
4269563040 171
4277558944 68
