87484882 68
125896844 113
132851176 11
143419484 23
158100332 148
197722022 114
212966424 116
277378561 72
346763723 107
347327944 63
366165566 40
435153685 111
442087175 117
456854657 70
465915581 37
480126874 57
482554758 101
521460429 79
582418999 135
600757238 98
646992379 174
677338192 26
680353138 118
723386437 127
755509855 158
833957915 35
882923786 154
934031291 34
972543760 15
976519997 45
984515489 129
1029684725 121
1039775941 153
1061459597 176
1061673189 82
1102138352 147
1119750476 137
1145535496 76
1163785346 178
1165500044 133
1199928407 59
1302911819 96
1324646409 0
1353077104 95
1399969279 58
1402099477 56
1404395783 131
1423943361 112
1433784421 52
1462563128 66
1473496205 80
1490182304 77
1497564029 73
1506500056 36
1540789971 165
1567831198 25
1583240062 62
1593335970 150
1703074003 4
1721069724 18
1723374255 120
1755211868 69
1780965381 144
1817977319 3
1832923198 42
1836837436 90
1854296563 81
1880656059 126
1902819574 177
1957456795 163
1965817051 49
1966862849 102
1967912122 141
1987706045 55
1991912470 143
2023365118 44
2034853916 67
2040735391 14
2054922385 136
2070794468 29
2071342302 157
2088744826 12
2115991866 53
2137655290 39
2191007551 173
2245017434 99
2273076216 33
2302936662 32
2321067875 30
2335932329 17
2337471812 122
2338681792 22
2352408356 27
2386566304 139
2420023489 164
2455595861 48
2493197103 134
2523580740 71
2533558194 146
2563637387 10
2564901090 38
2612076060 175
2616533013 6
2618357298 43
2654090424 24
2675243293 64
2677761041 119
2680647675 28
2689742369 50
2736746253 145
2739454820 124
2751470307 170
2752981434 149
2819042102 41
2820570352 138
2877103839 108
2878053286 110
2931281920 132
2946051437 84
2947818890 47
2975899179 97
2979186596 13
3052336121 105
3134364972 94
3159294203 161
3197165266 162
3210776703 51
3236016622 46
3252655057 167
3279979113 151
3305405241 92
3310504013 155
3311786556 91
3326957411 9
3332444146 166
3345103274 93
3346435016 106
3369397036 128
3415828832 152
3419165889 86
3421043283 103
3453834671 60
3475802041 109
3570828790 20
3576346154 172
3611753873 89
3637528652 7
3644108658 78
3650994493 31
3682404586 130
3705166655 8
3735285954 1
3794242346 19
3813827420 104
3825964894 179
3834047911 168
3846291404 85
3863463209 65
3880856117 87
3896729982 100
3897441493 2
3930536579 61
3954570302 5
3978014586 159
3985338750 123
4012176614 140
4020817277 125
4025582691 54
4028575057 88
4071585141 21
4084769632 16
4106514720 75
4120563849 83
4136759817 160
4162517235 142
4168711638 169
4173604952 156
4231238145 115
4269563040 171
4277558944 74
