1800764 12
87484882 75
125896844 108
132851176 23
143419484 6
158100332 149
197722022 125
212966424 124
268465553 4
277378561 79
346763723 105
347327944 70
366165566 24
391851701 7
435153685 110
442087175 119
456854657 56
465915581 57
480126874 43
482554758 101
521460429 66
582418999 126
600757238 88
646992379 174
677338192 38
680353138 117
723386437 118
755509855 152
833957915 37
882923786 162
934031291 52
972543760 10
976519997 35
984515489 121
1029684725 128
1039775941 145
1061459597 178
1061673189 72
1102138352 153
1119750476 138
1145535496 86
1163785346 175
1165500044 139
1171145260 1
1199928407 62
1302911819 81
1324646409 0
1353077104 84
1399969279 60
1402099477 39
1404395783 122
1423943361 114
1433784421 64
1462563128 55
1473496205 69
1490182304 67
1497564029 61
1506500056 34
1540789971 161
1565581772 13
1567831198 14
1583240062 73
1593335970 146
1703074003 20
1723374255 115
1755211868 74
1780965381 142
1817977319 8
1832923198 44
1836837436 90
1854296563 92
1880656059 135
1902819574 177
1957456795 156
1965817051 50
1966862849 89
1967912122 136
1987706045 63
1991912470 147
2023365118 26
2034853916 76
2040735391 25
2054922385 129
2070794468 48
2071342302 165
2088744826 19
2115991866 31
2137655290 32
2191007551 170
2245017434 107
2273076216 27
2302936662 42
2321067875 40
2337471812 132
2338681792 17
2352408356 33
2386566304 141
2420023489 163
2455595861 30
2493197103 131
2523580740 77
2533558194 144
2563637387 18
2564901090 36
2590626395 11
2612076060 176
2618357298 28
2654090424 15
2675243293 65
2677761041 113
2680647675 46
2689742369 59
2736746253 150
2739454820 130
2751470307 172
2752981434 140
2819042102 49
2820570352 127
2877103839 106
2878053286 109
2931281920 137
2946051437 93
2947818890 53
2975899179 99
2979186596 3
3052336121 111
3134364972 98
3159294203 155
3197165266 157
3210776703 54
3236016622 51
3252655057 158
3279979113 148
3305405241 83
3310504013 166
3311786556 85
3326957411 22
3332444146 159
3345103274 96
3346435016 104
3369397036 134
3415828832 154
3419165889 91
3421043283 100
3453834671 45
3475802041 112
3576346154 169
3611753873 82
3637528652 5
3644108658 94
3650994493 47
3682404586 116
3705166655 16
3794242346 29
3813827420 103
3825964894 179
3834047911 171
3846291404 97
3863463209 71
3880856117 87
3896729982 102
3897441493 9
3930536579 58
3954570302 21
3978014586 160
3985338750 120
4012176614 143
4020817277 133
4025582691 41
4028575057 80
4084769632 2
4106514720 78
4120563849 95
4136759817 168
4162517235 151
4168711638 167
4173604952 164
4231238145 123
4269563040 173
4277558944 68
