1800764 25
87484882 89
125896844 99
132851176 38
158100332 157
197722022 136
212966424 129
268465553 18
277378561 88
346763723 109
347327944 81
391851701 26
409984302 2
435153685 113
442087175 127
456854657 16
465915581 71
480126874 17
482554758 95
521460429 43
582418999 121
600757238 74
646992379 175
677338192 61
680353138 124
723386437 112
755509855 133
795357209 3
833957915 49
882923786 166
934031291 68
972543760 6
976519997 19
984515489 115
1029684725 139
1039775941 140
1061459597 178
1061673189 55
1102138352 164
1119750476 141
1145535496 98
1163785346 174
1165500044 153
1171145260 15
1199928407 69
1302911819 56
1324646409 0
1353077104 65
1399969279 50
1402099477 24
1404395783 114
1411244463 8
1423943361 125
1433784421 79
1462563128 30
1473496205 47
1490182304 48
1497564029 33
1506500056 39
1540789971 152
1565581772 31
1583240062 86
1593335970 149
1703074003 35
1723374255 111
1755211868 83
1780965381 147
1817977319 20
1832923198 44
1836837436 87
1854296563 103
1880656059 138
1902819574 177
1957456795 142
1965817051 46
1966862849 63
1967912122 119
1979915395 4
1987706045 77
1991912470 161
2034853916 91
2040735391 40
2054922385 120
2070794468 67
2071342302 168
2088744826 32
2137655290 23
2191007551 154
2245017434 118
2273076216 13
2302936662 59
2321067875 58
2337471812 135
2338681792 9
2352408356 51
2386566304 150
2420023489 160
2493197103 126
2523580740 85
2533558194 155
2563637387 34
2564901090 41
2590626395 28
2612076060 176
2675243293 75
2677761041 106
2680647675 64
2689742369 60
2714344193 14
2736746253 163
2739454820 130
2751470307 172
2752981434 128
2759781031 10
2819042102 57
2820570352 117
2877103839 110
2878053286 108
2931281920 146
2946051437 96
2947818890 53
2975899179 92
2979186596 5
3052336121 123
3118895249 11
3134364972 93
3159294203 137
3197165266 145
3210776703 52
3224180642 7
3236016622 54
3252655057 143
3279979113 148
3305405241 72
3310504013 169
3311786556 76
3326957411 37
3332444146 144
3345103274 90
3346435016 100
3369397036 134
3415828832 158
3419165889 94
3421043283 82
3453834671 21
3475802041 122
3576346154 151
3611753873 73
3637528652 12
3640665415 1
3644108658 105
3650994493 66
3682404586 107
3705166655 27
3794242346 45
3813827420 101
3825964894 179
3834047911 173
3846291404 104
3863463209 80
3880856117 84
3896729982 97
3897441493 22
3930536579 42
3954570302 36
3978014586 159
3985338750 116
4012176614 162
4020817277 132
4025582691 29
4028575057 70
4106514720 78
4120563849 102
4136759817 170
4162517235 165
4168711638 156
4173604952 167
4231238145 131
4269563040 171
4277558944 62
