1800764 67
87484882 96
125896844 91
132851176 55
158100332 159
197722022 147
212966424 134
268465553 65
277378561 89
346763723 104
347327944 86
391851701 36
409984302 16
435153685 111
442087175 125
456854657 9
465915581 84
480126874 2
482554758 88
521460429 29
582418999 120
600757238 62
646992379 175
677338192 74
680353138 121
723386437 110
755509855 129
833957915 38
882923786 166
934031291 72
976519997 3
984515489 113
1029684725 146
1039775941 135
1061459597 178
1061673189 39
1102138352 163
1119750476 137
1145535496 108
1163785346 174
1165500044 160
1171145260 15
1199928407 57
1302911819 43
1324646409 0
1353077104 50
1399969279 34
1402099477 8
1404395783 114
1411244463 14
1423943361 126
1433784421 97
1462563128 11
1473496205 33
1481700130 22
1490182304 31
1497564029 13
1506500056 25
1540789971 149
1565581772 53
1583240062 103
1593335970 148
1703074003 68
1723374255 105
1755211868 92
1780965381 144
1817977319 20
1832923198 30
1836837436 76
1854296563 112
1880656059 139
1902819574 177
1957456795 138
1965817051 32
1966862849 51
1967912122 118
1979915395 1
1987706045 85
1991912470 161
2034853916 101
2040735391 61
2054922385 119
2070794468 81
2071342302 168
2088744826 28
2137655290 4
2180276089 6
2191007551 154
2245017434 123
2302936662 56
2321067875 58
2337471812 136
2352408356 46
2386566304 153
2420023489 158
2493197103 122
2523580740 87
2533558194 157
2563637387 35
2564901090 27
2590626395 59
2612076060 176
2663355169 18
2675243293 70
2677761041 98
2680647675 80
2689742369 45
2714344193 48
2736746253 162
2739454820 130
2751470307 172
2752981434 127
2759781031 12
2819042102 44
2820570352 117
2877103839 106
2878053286 99
2881898293 17
2931281920 150
2946051437 100
2947818890 40
2975899179 79
3052336121 128
3118895249 49
3134364972 82
3159294203 132
3197165266 142
3210776703 37
3224180642 26
3236016622 41
3252655057 141
3279979113 145
3305405241 54
3310504013 170
3311786556 69
3326957411 66
3332444146 143
3345103274 78
3346435016 93
3369397036 133
3415828832 155
3419165889 94
3421043283 73
3453834671 7
3475802041 124
3576346154 151
3611753873 60
3637528652 5
3640665415 42
3644108658 116
3650994493 77
3682404586 102
3705166655 21
3794242346 64
3813827420 95
3825964894 179
3834047911 173
3846291404 109
3863463209 83
3880856117 75
3896729982 90
3897441493 23
3930536579 24
3934144507 19
3954570302 63
3978014586 156
3985338750 115
4012176614 164
4020817277 131
4025582691 10
4028575057 52
4106514720 71
4120563849 107
4136759817 169
4162517235 165
4168711638 152
4173604952 167
4231238145 140
4269563040 171
4277558944 47
