1800764 157
87484882 126
97068523 81
125896844 1
132851176 120
158100332 137
197722022 170
212966424 152
268465553 158
277378561 101
346763723 64
347327944 111
386235461 95
391851701 91
409984302 90
435153685 62
442087175 104
465915581 148
482554758 39
548834259 9
582418999 29
646992379 176
677338192 144
680353138 86
715741596 70
725606561 43
755509855 30
777434108 89
789663515 80
795357209 23
833957915 35
849924382 78
882923786 167
905458755 63
934031291 119
960241349 6
984515489 11
1029684725 162
1039775941 71
1102138352 168
1119750476 110
1145535496 131
1163785346 169
1165500044 171
1171145260 58
1187002154 109
1199928407 45
1303866932 19
1315240339 99
1324646409 0
1378626860 18
1404395783 7
1411244463 69
1423943361 128
1433784421 151
1481700130 108
1506500056 5
1540789971 79
1565581772 127
1583240062 150
1593335970 106
1648888063 76
1687077153 22
1703074003 153
1723374255 10
1755211868 112
1780965381 107
1817977319 66
1836837436 34
1854296563 130
1878223483 28
1880656059 141
1957456795 52
1967912122 3
1979915395 40
1987706045 125
1991912470 163
2034853916 140
2040735391 122
2054922385 17
2070794468 149
2071342302 165
2088744826 65
2180276089 73
2191007551 57
2245017434 154
2302936662 83
2321067875 85
2335376072 54
2337471812 132
2352408356 77
2386566304 147
2420023489 92
2493197103 61
2523580740 103
2533558194 139
2563637387 82
2590626395 145
2612076060 178
2623420502 102
2663355169 124
2675243293 67
2680647675 146
2689742369 27
2714344193 133
2727339584 16
2736746253 166
2739454820 115
2751470307 173
2752981434 50
2759781031 53
2819042102 44
2820570352 8
2877103839 68
2878053286 21
2881898293 113
2931281920 155
2939038785 38
2940397723 97
2946051437 96
2947745968 84
2947818890 13
2975899179 24
2976264608 88
3052336121 159
3109774447 74
3118895249 142
3134364972 47
3159294203 31
3162794093 26
3197165266 59
3210776703 4
3224180642 93
3236016622 15
3252655057 46
3255384253 20
3279979113 98
3310504013 177
3326957411 143
3332444146 49
3345103274 25
3346435016 33
3369397036 116
3415828832 121
3419165889 87
3439938365 94
3475802041 134
3516413806 2
3576346154 51
3576952995 56
3637528652 14
3640665415 138
3644108658 156
3650994493 136
3705166655 60
3794242346 123
3813827420 55
3825964894 179
3846291404 118
3863463209 105
3880856117 41
3896729982 48
3897441493 72
3934144507 129
3954570302 135
3978014586 100
3985338750 32
4012176614 174
4020817277 117
4074327253 36
4088869787 37
4106514720 42
4120563849 114
4123558703 12
4136759817 172
4162517235 175
4168711638 75
4173604952 164
4231238145 160
4269563040 161
