1800764 55
87484882 87
125896844 107
132851176 40
158100332 148
197722022 135
212966424 127
268465553 53
277378561 81
346763723 105
347327944 77
366165566 8
391851701 17
435153685 109
442087175 122
456854657 43
465915581 71
480126874 26
482554758 96
521460429 58
582418999 123
600757238 80
646992379 174
677338192 64
680353138 119
723386437 114
755509855 147
833957915 29
882923786 164
934031291 61
976519997 20
984515489 120
1029684725 136
1039775941 142
1061459597 178
1061673189 62
1102138352 160
1119750476 137
1145535496 97
1163785346 175
1165500044 145
1171145260 1
1199928407 56
1302911819 73
1324646409 0
1353077104 76
1399969279 42
1402099477 22
1404395783 121
1423943361 118
1433784421 84
1462563128 34
1473496205 60
1481700130 3
1490182304 57
1497564029 50
1506500056 21
1540789971 156
1565581772 36
1583240062 91
1593335970 144
1703074003 54
1723374255 111
1755211868 82
1780965381 140
1817977319 5
1832923198 28
1836837436 85
1854296563 101
1880656059 134
1902819574 177
1957456795 152
1965817051 31
1966862849 86
1967912122 129
1987706045 74
1991912470 151
2023365118 13
2034853916 89
2040735391 45
2054922385 125
2070794468 67
2071342302 167
2088744826 14
2115991866 19
2137655290 15
2191007551 168
2245017434 112
2273076216 6
2302936662 48
2321067875 49
2337471812 132
2352408356 32
2386566304 141
2420023489 161
2455595861 16
2493197103 126
2523580740 79
2533558194 146
2563637387 18
2564901090 23
2590626395 44
2612076060 176
2618357298 12
2663355169 4
2675243293 63
2677761041 110
2680647675 66
2689742369 46
2714344193 30
2736746253 155
2739454820 128
2751470307 172
2752981434 138
2819042102 41
2820570352 124
2877103839 106
2878053286 108
2881898293 2
2931281920 139
2946051437 95
2947818890 38
2975899179 90
3052336121 117
3118895249 33
3134364972 92
3159294203 149
3197165266 153
3210776703 37
3224180642 7
3236016622 39
3252655057 158
3279979113 143
3305405241 72
3310504013 169
3311786556 78
3326957411 52
3332444146 159
3345103274 88
3346435016 103
3369397036 133
3415828832 150
3419165889 93
3421043283 94
3453834671 27
3475802041 113
3576346154 166
3611753873 70
3640665415 25
3644108658 104
3650994493 65
3682404586 115
3705166655 10
3794242346 51
3813827420 102
3825964894 179
3834047911 173
3846291404 100
3863463209 75
3880856117 83
3896729982 98
3897441493 9
3930536579 35
3934144507 11
3954570302 47
3978014586 157
3985338750 116
4012176614 154
4020817277 130
4025582691 24
4028575057 69
4106514720 68
4120563849 99
4136759817 170
4162517235 162
4168711638 163
4173604952 165
4231238145 131
4269563040 171
4277558944 59
