1800764 33
87484882 91
125896844 95
132851176 48
158100332 159
197722022 143
212966424 133
268465553 28
277378561 89
346763723 110
347327944 85
391851701 29
409984302 7
435153685 115
442087175 127
456854657 4
465915581 76
480126874 9
482554758 94
521460429 31
582418999 120
600757238 66
646992379 175
677338192 69
680353138 122
723386437 109
755509855 129
795357209 1
833957915 50
882923786 166
934031291 70
972543760 3
976519997 12
984515489 114
1029684725 145
1039775941 135
1061459597 178
1061673189 47
1102138352 164
1119750476 144
1145535496 104
1163785346 174
1165500044 160
1171145260 22
1199928407 67
1302911819 45
1324646409 0
1353077104 59
1399969279 46
1402099477 13
1404395783 113
1411244463 17
1423943361 126
1433784421 83
1462563128 19
1473496205 36
1490182304 38
1497564029 21
1506500056 39
1540789971 151
1565581772 37
1583240062 92
1593335970 152
1703074003 42
1723374255 108
1755211868 88
1780965381 147
1817977319 24
1832923198 41
1836837436 81
1854296563 106
1880656059 142
1902819574 177
1957456795 138
1965817051 44
1966862849 57
1967912122 118
1979915395 5
1987706045 79
1991912470 161
2034853916 93
2040735391 51
2054922385 119
2070794468 73
2071342302 168
2088744826 30
2137655290 16
2191007551 150
2245017434 121
2273076216 6
2302936662 63
2321067875 62
2337471812 139
2338681792 8
2352408356 55
2386566304 154
2420023489 158
2493197103 123
2523580740 87
2533558194 155
2563637387 34
2564901090 40
2590626395 32
2612076060 176
2675243293 74
2677761041 100
2680647675 72
2689742369 60
2714344193 26
2736746253 163
2739454820 131
2751470307 172
2752981434 128
2759781031 15
2819042102 58
2820570352 116
2877103839 111
2878053286 103
2931281920 149
2946051437 102
2947818890 53
2975899179 86
2979186596 2
3052336121 125
3118895249 23
3134364972 90
3159294203 130
3197165266 141
3210776703 52
3224180642 18
3236016622 54
3252655057 136
3279979113 148
3305405241 65
3310504013 169
3311786556 75
3326957411 49
3332444146 140
3345103274 84
3346435016 99
3369397036 134
3415828832 157
3419165889 98
3421043283 78
3453834671 11
3475802041 124
3576346154 146
3611753873 68
3637528652 14
3640665415 10
3644108658 112
3650994493 71
3682404586 97
3705166655 27
3794242346 56
3813827420 101
3825964894 179
3834047911 173
3846291404 107
3863463209 82
3880856117 80
3896729982 96
3897441493 25
3930536579 35
3954570302 43
3978014586 156
3985338750 117
4012176614 162
4020817277 132
4025582691 20
4028575057 64
4106514720 77
4120563849 105
4136759817 170
4162517235 165
4168711638 153
4173604952 167
4231238145 137
4269563040 171
4277558944 61
