1800764 110
87484882 112
97068523 12
125896844 56
132851176 79
158100332 155
197722022 160
212966424 152
268465553 109
277378561 97
346763723 83
347327944 102
386235461 33
391851701 54
409984302 47
435153685 90
442087175 131
465915581 120
482554758 67
582418999 93
600757238 20
646992379 175
677338192 108
680353138 118
723386437 71
755509855 113
777434108 29
789663515 5
795357209 1
833957915 32
849924382 14
882923786 166
934031291 95
984515489 77
1029684725 159
1039775941 129
1102138352 164
1119750476 143
1145535496 122
1163785346 174
1165500044 163
1171145260 27
1187002154 50
1199928407 46
1315240339 44
1324646409 0
1353077104 7
1399969279 6
1404395783 76
1411244463 35
1423943361 137
1433784421 123
1481700130 62
1506500056 11
1540789971 135
1565581772 84
1583240062 128
1593335970 146
1648888063 3
1703074003 105
1723374255 72
1755211868 103
1780965381 145
1817977319 38
1832923198 13
1836837436 58
1854296563 124
1880656059 150
1902819574 178
1957456795 126
1965817051 8
1966862849 4
1967912122 80
1979915395 10
1987706045 104
1991912470 161
2034853916 121
2040735391 82
2054922385 88
2070794468 116
2071342302 167
2088744826 41
2180276089 26
2191007551 133
2245017434 144
2302936662 63
2321067875 65
2335376072 15
2337471812 148
2352408356 49
2386566304 157
2420023489 147
2493197103 107
2523580740 98
2533558194 154
2563637387 48
2564901090 9
2590626395 99
2612076060 177
2623420502 39
2663355169 68
2675243293 61
2677761041 60
2680647675 115
2689742369 37
2714344193 85
2736746253 162
2739454820 139
2751470307 173
2752981434 111
2759781031 21
2819042102 42
2820570352 78
2877103839 89
2878053286 70
2881898293 64
2931281920 158
2940397723 36
2946051437 100
2947745968 31
2947818890 23
2975899179 57
2976264608 30
3052336121 151
3109774447 16
3118895249 91
3134364972 66
3159294203 117
3197165266 130
3210776703 19
3224180642 51
3236016622 25
3252655057 125
3279979113 142
3305405241 18
3310504013 172
3311786556 43
3326957411 101
3332444146 127
3345103274 53
3346435016 69
3369397036 141
3415828832 153
3419165889 92
3421043283 45
3439938365 28
3475802041 138
3576346154 132
3611753873 24
3637528652 2
3640665415 81
3644108658 134
3650994493 106
3682404586 55
3705166655 34
3794242346 87
3813827420 75
3825964894 179
3834047911 176
3846291404 119
3863463209 96
3880856117 59
3896729982 73
3897441493 40
3934144507 74
3954570302 94
3978014586 149
3985338750 86
4012176614 168
4020817277 140
4028575057 17
4106514720 52
4120563849 114
4136759817 171
4162517235 170
4168711638 136
4173604952 165
4231238145 156
4269563040 169
4277558944 22
