1800764 56
87484882 104
125896844 81
132851176 61
158100332 159
197722022 154
212966424 144
268465553 51
277378561 98
346763723 110
347327944 95
391851701 42
409984302 23
435153685 113
442087175 128
465915581 86
482554758 87
521460429 11
582418999 116
600757238 48
646992379 175
677338192 74
680353138 125
723386437 88
755509855 122
795357209 10
833957915 49
882923786 166
934031291 75
972543760 3
976519997 2
984515489 102
1029684725 153
1039775941 133
1061459597 178
1061673189 24
1102138352 163
1119750476 145
1145535496 117
1163785346 174
1165500044 160
1171145260 27
1199928407 65
1302911819 19
1324646409 0
1353077104 36
1399969279 33
1404395783 101
1411244463 25
1423943361 132
1433784421 100
1473496205 16
1481700130 20
1490182304 17
1506500056 31
1540789971 142
1565581772 55
1583240062 109
1593335970 150
1703074003 62
1723374255 94
1755211868 99
1780965381 149
1817977319 30
1832923198 38
1836837436 77
1854296563 119
1880656059 147
1902819574 177
1957456795 130
1965817051 37
1966862849 26
1967912122 106
1979915395 14
1987706045 92
1991912470 161
2034853916 108
2040735391 63
2054922385 114
2070794468 84
2071342302 168
2088744826 39
2137655290 8
2180276089 15
2191007551 137
2245017434 127
2302936662 68
2321067875 69
2335376072 12
2337471812 143
2338681792 7
2352408356 59
2386566304 157
2420023489 151
2493197103 121
2523580740 97
2533558194 158
2563637387 43
2564901090 32
2590626395 53
2612076060 176
2663355169 9
2675243293 72
2677761041 83
2680647675 82
2689742369 57
2714344193 44
2736746253 162
2739454820 138
2751470307 172
2752981434 123
2759781031 21
2819042102 58
2820570352 105
2877103839 111
2878053286 93
2881898293 13
2931281920 155
2946051437 107
2947745968 1
2947818890 46
2975899179 80
2979186596 5
3052336121 136
3118895249 41
3134364972 85
3159294203 124
3197165266 134
3210776703 40
3224180642 29
3236016622 50
3252655057 126
3279979113 146
3305405241 47
3310504013 171
3311786556 67
3326957411 64
3332444146 129
3345103274 76
3346435016 89
3369397036 140
3415828832 156
3419165889 103
3421043283 70
3475802041 131
3576346154 135
3611753873 54
3637528652 18
3640665415 28
3644108658 120
3650994493 79
3682404586 73
3705166655 34
3794242346 66
3813827420 96
3825964894 179
3834047911 173
3846291404 118
3863463209 91
3880856117 78
3896729982 90
3897441493 35
3930536579 22
3934144507 4
3954570302 60
3978014586 152
3985338750 112
4012176614 164
4020817277 139
4025582691 6
4028575057 45
4106514720 71
4120563849 115
4136759817 170
4162517235 165
4168711638 141
4173604952 167
4231238145 148
4269563040 169
4277558944 52
