1800764 99
87484882 122
97068523 4
125896844 50
132851176 86
158100332 154
197722022 160
212966424 153
268465553 97
277378561 105
346763723 89
347327944 110
386235461 15
391851701 64
409984302 49
435153685 93
442087175 135
465915581 123
482554758 75
582418999 84
600757238 6
646992379 175
677338192 113
680353138 124
723386437 53
725606561 7
755509855 95
777434108 22
795357209 12
833957915 40
849924382 9
882923786 166
934031291 102
984515489 69
1029684725 159
1039775941 125
1102138352 164
1119750476 144
1145535496 130
1163785346 174
1165500044 163
1171145260 35
1187002154 36
1199928407 51
1303866932 3
1315240339 32
1324646409 0
1399969279 8
1404395783 67
1411244463 41
1423943361 138
1433784421 129
1481700130 58
1506500056 21
1540789971 134
1565581772 87
1583240062 133
1593335970 146
1648888063 2
1703074003 101
1723374255 65
1755211868 116
1780965381 147
1817977319 44
1832923198 20
1836837436 63
1854296563 132
1880656059 150
1902819574 178
1957456795 114
1965817051 14
1967912122 68
1979915395 23
1987706045 115
1991912470 161
2034853916 128
2040735391 88
2054922385 80
2070794468 119
2071342302 167
2088744826 46
2180276089 33
2191007551 121
2245017434 148
2302936662 76
2321067875 77
2335376072 25
2337471812 149
2352408356 62
2386566304 157
2420023489 142
2493197103 107
2523580740 106
2533558194 155
2563637387 54
2564901090 18
2590626395 90
2612076060 177
2623420502 16
2663355169 57
2675243293 72
2677761041 48
2680647675 118
2689742369 43
2714344193 83
2736746253 162
2739454820 139
2751470307 173
2752981434 103
2759781031 30
2819042102 47
2820570352 71
2877103839 94
2878053286 70
2881898293 52
2931281920 158
2940397723 17
2946051437 108
2947745968 31
2947818890 29
2975899179 61
2976264608 26
3052336121 152
3109774447 19
3118895249 85
3134364972 73
3159294203 98
3197165266 120
3210776703 28
3224180642 55
3236016622 34
3252655057 109
3279979113 137
3305405241 11
3310504013 172
3311786556 39
3326957411 96
3332444146 112
3345103274 60
3346435016 74
3369397036 143
3415828832 151
3419165889 100
3421043283 38
3439938365 5
3475802041 140
3576346154 117
3576952995 1
3611753873 24
3637528652 13
3640665415 79
3644108658 136
3650994493 111
3682404586 37
3705166655 42
3794242346 91
3813827420 81
3825964894 179
3834047911 176
3846291404 127
3863463209 104
3880856117 66
3896729982 78
3897441493 45
3934144507 56
3954570302 92
3978014586 145
3985338750 82
4012176614 169
4020817277 141
4028575057 10
4106514720 59
4120563849 126
4136759817 171
4162517235 170
4168711638 131
4173604952 165
4231238145 156
4269563040 168
4277558944 27
