1800764 18
87484882 82
125896844 105
132851176 29
158100332 150
197722022 130
212966424 127
268465553 10
277378561 85
346763723 106
347327944 72
366165566 9
391851701 14
435153685 111
442087175 122
456854657 41
465915581 61
480126874 34
482554758 101
521460429 62
582418999 124
600757238 86
646992379 174
677338192 49
680353138 121
723386437 116
755509855 144
833957915 42
882923786 165
934031291 60
972543760 6
976519997 32
984515489 118
1029684725 134
1039775941 143
1061459597 178
1061673189 66
1102138352 159
1119750476 138
1145535496 91
1163785346 175
1165500044 140
1171145260 7
1199928407 65
1302911819 71
1324646409 0
1353077104 75
1399969279 55
1402099477 35
1404395783 120
1423943361 117
1433784421 70
1462563128 43
1473496205 64
1490182304 63
1497564029 48
1506500056 38
1540789971 160
1565581772 21
1567831198 1
1583240062 79
1593335970 147
1703074003 25
1723374255 112
1755211868 80
1780965381 142
1817977319 12
1832923198 44
1836837436 89
1854296563 97
1880656059 136
1902819574 177
1957456795 151
1965817051 46
1966862849 81
1967912122 126
1987706045 69
1991912470 152
2023365118 11
2034853916 84
2040735391 30
2054922385 125
2070794468 58
2071342302 168
2088744826 23
2115991866 22
2137655290 31
2191007551 166
2245017434 109
2273076216 26
2302936662 47
2321067875 45
2337471812 133
2338681792 15
2352408356 40
2386566304 141
2420023489 162
2455595861 20
2493197103 129
2523580740 83
2533558194 148
2563637387 24
2564901090 39
2590626395 17
2612076060 176
2618357298 16
2654090424 5
2675243293 68
2677761041 110
2680647675 56
2689742369 59
2714344193 4
2736746253 157
2739454820 131
2751470307 173
2752981434 137
2759781031 2
2819042102 52
2820570352 123
2877103839 108
2878053286 107
2931281920 139
2946051437 93
2947818890 54
2975899179 94
2979186596 3
3052336121 114
3134364972 96
3159294203 145
3197165266 153
3210776703 53
3236016622 51
3252655057 154
3279979113 146
3305405241 78
3310504013 169
3311786556 87
3326957411 28
3332444146 156
3345103274 90
3346435016 104
3369397036 135
3415828832 155
3419165889 92
3421043283 95
3453834671 37
3475802041 115
3576346154 164
3611753873 77
3637528652 8
3644108658 99
3650994493 57
3682404586 113
3705166655 19
3794242346 33
3813827420 103
3825964894 179
3834047911 172
3846291404 100
3863463209 73
3880856117 88
3896729982 102
3897441493 13
3930536579 50
3954570302 27
3978014586 161
3985338750 119
4012176614 149
4020817277 132
4025582691 36
4028575057 74
4106514720 76
4120563849 98
4136759817 170
4162517235 158
4168711638 163
4173604952 167
4231238145 128
4269563040 171
4277558944 67
