1800764 96
87484882 109
125896844 68
132851176 66
158100332 157
197722022 160
212966424 145
268465553 94
277378561 89
346763723 92
347327944 93
386235461 19
391851701 50
409984302 41
435153685 104
442087175 125
465915581 110
482554758 72
521460429 3
582418999 113
600757238 42
646992379 176
677338192 98
680353138 122
723386437 87
755509855 126
777434108 9
833957915 35
882923786 167
934031291 83
984515489 100
1029684725 159
1039775941 130
1061673189 15
1102138352 164
1119750476 139
1145535496 118
1163785346 174
1165500044 162
1171145260 23
1187002154 45
1199928407 48
1302911819 22
1315240339 29
1324646409 0
1353077104 31
1399969279 13
1404395783 99
1411244463 26
1423943361 129
1433784421 117
1473496205 6
1481700130 52
1490182304 7
1506500056 10
1540789971 144
1565581772 70
1583240062 119
1593335970 150
1703074003 91
1723374255 85
1755211868 103
1780965381 146
1817977319 30
1832923198 18
1836837436 62
1854296563 120
1880656059 147
1902819574 178
1957456795 132
1965817051 16
1966862849 34
1967912122 111
1979915395 2
1987706045 102
1991912470 161
2034853916 115
2040735391 71
2054922385 112
2070794468 108
2071342302 168
2088744826 36
2180276089 17
2191007551 149
2245017434 131
2302936662 56
2321067875 58
2335376072 5
2337471812 141
2352408356 49
2386566304 158
2420023489 153
2493197103 121
2523580740 88
2533558194 156
2563637387 46
2564901090 8
2590626395 82
2612076060 177
2623420502 24
2663355169 54
2675243293 60
2677761041 77
2680647675 107
2689742369 40
2714344193 69
2736746253 163
2739454820 135
2751470307 173
2752981434 123
2759781031 12
2819042102 43
2820570352 106
2877103839 97
2878053286 79
2881898293 53
2931281920 155
2940397723 21
2946051437 101
2947745968 20
2947818890 28
2975899179 64
2976264608 14
3052336121 140
3109774447 1
3118895249 73
3134364972 67
3159294203 127
3197165266 136
3210776703 25
3224180642 47
3236016622 32
3252655057 133
3279979113 143
3305405241 39
3310504013 172
3311786556 51
3326957411 84
3332444146 134
3345103274 61
3346435016 76
3369397036 138
3415828832 154
3419165889 90
3421043283 55
3439938365 11
3475802041 128
3576346154 142
3611753873 44
3640665415 65
3644108658 124
3650994493 95
3682404586 80
3705166655 27
3794242346 74
3813827420 81
3825964894 179
3834047911 175
3846291404 116
3863463209 86
3880856117 63
3896729982 75
3897441493 33
3930536579 4
3934144507 59
3954570302 78
3978014586 152
3985338750 105
4012176614 165
4020817277 137
4028575057 38
4106514720 57
4120563849 114
4136759817 171
4162517235 169
4168711638 148
4173604952 166
4231238145 151
4269563040 170
4277558944 37
