1800764 112
87484882 98
97068523 9
125896844 69
132851176 67
158100332 156
197722022 160
212966424 138
268465553 113
277378561 78
346763723 85
347327944 86
386235461 41
391851701 47
409984302 35
435153685 94
442087175 123
465915581 110
482554758 64
521460429 14
582418999 117
600757238 45
646992379 176
677338192 97
680353138 120
723386437 100
755509855 133
777434108 31
789663515 12
833957915 22
849924382 6
882923786 166
934031291 75
984515489 102
1029684725 157
1039775941 132
1061673189 24
1102138352 164
1119750476 134
1145535496 111
1163785346 174
1165500044 162
1171145260 11
1187002154 62
1199928407 38
1302911819 33
1315240339 43
1324646409 0
1353077104 37
1399969279 8
1404395783 105
1411244463 17
1423943361 127
1433784421 116
1473496205 18
1481700130 58
1490182304 15
1506500056 1
1540789971 148
1565581772 74
1583240062 119
1593335970 144
1703074003 103
1723374255 92
1755211868 90
1780965381 142
1817977319 21
1832923198 5
1836837436 56
1854296563 114
1880656059 139
1902819574 178
1957456795 140
1965817051 7
1966862849 48
1967912122 121
1987706045 91
1991912470 161
2034853916 109
2040735391 71
2054922385 118
2070794468 108
2071342302 168
2088744826 26
2180276089 10
2191007551 159
2245017434 128
2302936662 51
2321067875 53
2337471812 135
2352408356 40
2386566304 155
2420023489 153
2493197103 122
2523580740 79
2533558194 154
2563637387 34
2564901090 3
2590626395 93
2612076060 177
2623420502 50
2663355169 65
2675243293 54
2677761041 82
2680647675 107
2689742369 27
2714344193 81
2736746253 163
2739454820 129
2751470307 173
2752981434 126
2759781031 4
2819042102 29
2820570352 115
2877103839 88
2878053286 73
2881898293 61
2931281920 149
2940397723 42
2946051437 87
2947745968 23
2947818890 19
2975899179 60
2976264608 30
3052336121 136
3109774447 2
3118895249 89
3134364972 63
3159294203 137
3197165266 143
3210776703 13
3224180642 44
3236016622 20
3252655057 145
3279979113 141
3305405241 36
3310504013 172
3311786556 49
3326957411 95
3332444146 146
3345103274 59
3346435016 68
3369397036 131
3415828832 150
3419165889 77
3421043283 55
3439938365 46
3475802041 125
3576346154 158
3611753873 39
3640665415 83
3644108658 124
3650994493 96
3682404586 99
3705166655 16
3794242346 72
3813827420 70
3825964894 179
3834047911 175
3846291404 106
3863463209 76
3880856117 57
3896729982 66
3897441493 25
3934144507 80
3954570302 84
3978014586 151
3985338750 104
4012176614 167
4020817277 130
4028575057 32
4106514720 52
4120563849 101
4136759817 171
4162517235 169
4168711638 152
4173604952 165
4231238145 147
4269563040 170
4277558944 28
