1800764 146
87484882 111
97068523 45
125896844 28
132851176 94
158100332 153
197722022 161
212966424 152
268465553 148
277378561 86
346763723 71
347327944 98
386235461 76
391851701 72
409984302 67
435153685 74
442087175 112
465915581 139
482554758 50
582418999 70
646992379 175
677338192 126
680353138 92
715741596 37
723386437 46
725606561 13
755509855 84
777434108 66
789663515 52
795357209 10
833957915 21
849924382 44
882923786 166
905458755 25
934031291 99
984515489 58
1029684725 159
1039775941 100
1102138352 163
1119750476 132
1145535496 123
1163785346 172
1165500044 168
1171145260 24
1187002154 93
1199928407 27
1315240339 78
1324646409 0
1404395783 57
1411244463 38
1423943361 136
1433784421 143
1481700130 88
1506500056 4
1540789971 117
1565581772 109
1583240062 144
1593335970 137
1648888063 40
1703074003 141
1723374255 49
1755211868 101
1780965381 138
1817977319 32
1832923198 2
1836837436 41
1854296563 124
1880656059 149
1902819574 178
1957456795 96
1967912122 62
1979915395 15
1987706045 107
1991912470 160
2034853916 128
2040735391 103
2054922385 69
2070794468 140
2071342302 167
2088744826 36
2180276089 33
2191007551 113
2245017434 151
2302936662 64
2321067875 68
2335376072 19
2337471812 145
2352408356 53
2386566304 156
2420023489 133
2493197103 82
2523580740 87
2533558194 154
2563637387 59
2564901090 1
2590626395 125
2612076060 177
2623420502 81
2663355169 105
2675243293 54
2677761041 31
2680647675 134
2689742369 20
2714344193 114
2736746253 162
2739454820 129
2751470307 173
2752981434 83
2759781031 22
2819042102 23
2820570352 61
2877103839 75
2878053286 47
2881898293 91
2931281920 157
2939038785 6
2940397723 77
2946051437 85
2947745968 56
2947818890 12
2975899179 39
2976264608 63
3052336121 155
3109774447 29
3118895249 121
3134364972 48
3159294203 89
3197165266 102
3210776703 9
3224180642 73
3236016622 14
3252655057 95
3279979113 127
3310504013 174
3311786556 17
3326957411 122
3332444146 97
3345103274 34
3346435016 51
3369397036 131
3415828832 147
3419165889 80
3421043283 18
3439938365 79
3475802041 142
3576346154 108
3576952995 16
3611753873 5
3637528652 3
3640665415 120
3644108658 150
3650994493 119
3682404586 30
3705166655 26
3794242346 104
3813827420 60
3825964894 179
3834047911 176
3846291404 110
3863463209 90
3880856117 43
3896729982 55
3897441493 42
3934144507 115
3954570302 116
3978014586 135
3985338750 65
4012176614 169
4020817277 130
4074327253 8
4088869787 11
4106514720 35
4120563849 106
4136759817 171
4162517235 170
4168711638 118
4173604952 165
4231238145 158
4269563040 164
4277558944 7
