1800764 145
87484882 111
97068523 45
125896844 28
132851176 94
158100332 153
197722022 161
212966424 152
268465553 146
277378561 87
346763723 72
347327944 98
386235461 76
391851701 71
409984302 66
435153685 74
442087175 114
465915581 136
482554758 51
582418999 70
646992379 175
677338192 126
680353138 93
715741596 29
723386437 46
725606561 13
755509855 84
777434108 64
789663515 47
795357209 9
833957915 20
849924382 43
882923786 166
905458755 23
934031291 99
984515489 58
1029684725 159
1039775941 100
1102138352 163
1119750476 133
1145535496 124
1163785346 172
1165500044 168
1171145260 25
1187002154 92
1199928407 27
1315240339 79
1324646409 0
1404395783 57
1411244463 36
1423943361 139
1433784421 143
1481700130 85
1506500056 4
1540789971 118
1565581772 108
1583240062 144
1593335970 140
1648888063 35
1703074003 138
1723374255 49
1755211868 102
1780965381 141
1817977319 34
1832923198 2
1836837436 41
1854296563 125
1880656059 149
1902819574 178
1957456795 96
1967912122 63
1979915395 14
1987706045 109
1991912470 160
2034853916 127
2040735391 101
2054922385 69
2070794468 135
2071342302 167
2088744826 37
2180276089 33
2191007551 112
2245017434 151
2302936662 65
2321067875 68
2335376072 19
2337471812 147
2352408356 53
2386566304 156
2420023489 132
2493197103 82
2523580740 89
2533558194 154
2563637387 59
2564901090 1
2590626395 123
2612076060 177
2623420502 80
2663355169 104
2675243293 54
2677761041 32
2680647675 134
2689742369 21
2714344193 115
2736746253 162
2739454820 129
2751470307 173
2752981434 83
2759781031 22
2819042102 24
2820570352 61
2877103839 75
2878053286 48
2881898293 91
2931281920 157
2939038785 5
2940397723 77
2946051437 86
2947745968 55
2947818890 12
2975899179 40
2976264608 62
3052336121 155
3109774447 30
3118895249 121
3134364972 50
3159294203 88
3197165266 103
3210776703 11
3224180642 73
3236016622 15
3252655057 95
3279979113 128
3310504013 174
3311786556 17
3326957411 122
3332444146 97
3345103274 38
3346435016 52
3369397036 131
3415828832 148
3419165889 81
3421043283 18
3439938365 78
3475802041 142
3576346154 106
3576952995 16
3611753873 7
3637528652 3
3640665415 119
3644108658 150
3650994493 120
3682404586 31
3705166655 26
3794242346 105
3813827420 60
3825964894 179
3834047911 176
3846291404 110
3863463209 90
3880856117 44
3896729982 56
3897441493 42
3934144507 113
3954570302 116
3978014586 137
3985338750 67
4012176614 169
4020817277 130
4074327253 6
4088869787 10
4106514720 39
4120563849 107
4136759817 171
4162517235 170
4168711638 117
4173604952 165
4231238145 158
4269563040 164
4277558944 8
