1800764 30
87484882 71
125896844 112
132851176 18
143419484 5
158100332 146
197722022 121
212966424 118
268465553 26
277378561 73
346763723 105
347327944 66
366165566 36
391851701 3
435153685 109
442087175 114
456854657 64
465915581 59
480126874 53
482554758 99
521460429 77
582418999 133
600757238 98
646992379 174
677338192 47
680353138 116
723386437 126
755509855 157
833957915 27
882923786 154
934031291 48
976519997 35
984515489 127
1029684725 124
1039775941 153
1061459597 178
1061673189 79
1102138352 151
1119750476 137
1145535496 82
1163785346 175
1165500044 138
1199928407 58
1302911819 97
1324646409 0
1353077104 95
1399969279 52
1402099477 46
1404395783 129
1423943361 113
1433784421 68
1462563128 60
1473496205 78
1490182304 76
1497564029 67
1506500056 23
1540789971 163
1565581772 16
1567831198 13
1583240062 74
1593335970 147
1703074003 29
1723374255 117
1755211868 69
1780965381 141
1832923198 34
1836837436 87
1854296563 88
1880656059 128
1902819574 177
1957456795 164
1965817051 41
1966862849 103
1967912122 140
1987706045 62
1991912470 145
2023365118 43
2034853916 75
2040735391 21
2054922385 135
2070794468 57
2071342302 158
2088744826 8
2115991866 51
2137655290 28
2191007551 173
2245017434 107
2273076216 19
2302936662 33
2321067875 32
2335932329 9
2337471812 123
2338681792 7
2352408356 22
2386566304 139
2420023489 162
2455595861 49
2493197103 132
2523580740 70
2533558194 144
2563637387 12
2564901090 31
2590626395 17
2612076060 176
2618357298 38
2654090424 11
2675243293 61
2677761041 115
2680647675 55
2689742369 45
2714344193 14
2736746253 148
2739454820 122
2751470307 170
2752981434 143
2819042102 37
2820570352 136
2877103839 106
2878053286 108
2931281920 134
2946051437 85
2947818890 40
2975899179 96
3052336121 110
3118895249 15
3134364972 94
3159294203 161
3197165266 160
3210776703 42
3236016622 39
3252655057 167
3279979113 149
3305405241 90
3310504013 159
3311786556 86
3326957411 25
3332444146 166
3345103274 92
3346435016 104
3369397036 130
3415828832 152
3419165889 84
3421043283 101
3453834671 56
3475802041 111
3570828790 4
3576346154 172
3611753873 80
3640665415 10
3644108658 93
3650994493 50
3682404586 131
3705166655 2
3794242346 24
3813827420 102
3825964894 179
3834047911 169
3846291404 91
3863463209 65
3880856117 83
3896729982 100
3897441493 1
3930536579 54
3954570302 20
3978014586 156
3985338750 120
4012176614 142
4020817277 125
4025582691 44
4028575057 81
4071585141 6
4106514720 72
4120563849 89
4136759817 165
4162517235 150
4168711638 168
4173604952 155
4231238145 119
4269563040 171
4277558944 63
