1800764 14
87484882 81
125896844 105
132851176 29
158100332 150
197722022 129
212966424 126
268465553 7
277378561 84
346763723 106
347327944 72
366165566 10
391851701 15
435153685 110
442087175 122
456854657 42
465915581 61
480126874 34
482554758 101
521460429 62
582418999 124
600757238 86
646992379 174
677338192 46
680353138 121
723386437 116
755509855 144
833957915 41
882923786 165
934031291 59
972543760 8
976519997 33
984515489 118
1029684725 134
1039775941 143
1061459597 178
1061673189 66
1102138352 159
1119750476 139
1145535496 90
1163785346 175
1165500044 140
1171145260 6
1199928407 65
1302911819 71
1324646409 0
1353077104 77
1399969279 58
1402099477 35
1404395783 120
1423943361 117
1433784421 70
1462563128 43
1473496205 64
1490182304 63
1497564029 49
1506500056 36
1540789971 160
1565581772 18
1567831198 3
1583240062 75
1593335970 147
1703074003 22
1723374255 112
1755211868 78
1780965381 142
1817977319 11
1832923198 44
1836837436 89
1854296563 94
1880656059 136
1902819574 177
1957456795 152
1965817051 48
1966862849 85
1967912122 128
1987706045 69
1991912470 151
2023365118 16
2034853916 82
2040735391 30
2054922385 125
2070794468 56
2071342302 168
2088744826 23
2115991866 26
2137655290 31
2191007551 167
2245017434 109
2273076216 27
2302936662 47
2321067875 45
2337471812 133
2338681792 17
2352408356 39
2386566304 141
2420023489 162
2455595861 21
2493197103 130
2523580740 83
2533558194 148
2563637387 24
2564901090 40
2590626395 12
2612076060 176
2618357298 20
2654090424 5
2675243293 68
2677761041 111
2680647675 55
2689742369 60
2714344193 2
2736746253 155
2739454820 131
2751470307 173
2752981434 137
2819042102 51
2820570352 123
2877103839 107
2878053286 108
2931281920 138
2946051437 93
2947818890 53
2975899179 95
2979186596 4
3052336121 113
3134364972 96
3159294203 145
3197165266 153
3210776703 54
3236016622 52
3252655057 156
3279979113 146
3305405241 80
3310504013 169
3311786556 87
3326957411 28
3332444146 158
3345103274 91
3346435016 104
3369397036 135
3415828832 154
3419165889 92
3421043283 97
3453834671 38
3475802041 115
3576346154 164
3611753873 79
3637528652 9
3644108658 98
3650994493 57
3682404586 114
3705166655 19
3794242346 32
3813827420 103
3825964894 179
3834047911 172
3846291404 100
3863463209 73
3880856117 88
3896729982 102
3897441493 13
3930536579 50
3954570302 25
3978014586 161
3985338750 119
4012176614 149
4020817277 132
4025582691 37
4028575057 74
4084769632 1
4106514720 76
4120563849 99
4136759817 170
4162517235 157
4168711638 163
4173604952 166
4231238145 127
4269563040 171
4277558944 67
