1800764 145
87484882 117
97068523 48
125896844 26
132851176 100
158100332 152
197722022 161
212966424 154
268465553 146
277378561 92
346763723 71
347327944 103
386235461 74
391851701 76
409984302 69
435153685 72
442087175 115
465915581 140
482554758 53
582418999 67
646992379 175
677338192 125
680353138 97
715741596 28
723386437 36
725606561 13
755509855 81
777434108 66
789663515 47
795357209 11
833957915 21
849924382 44
882923786 166
905458755 23
934031291 104
984515489 52
1029684725 159
1039775941 98
1102138352 164
1119750476 134
1145535496 126
1163785346 172
1165500044 168
1171145260 29
1187002154 88
1199928407 30
1303866932 3
1315240339 79
1324646409 0
1404395783 50
1411244463 41
1423943361 141
1433784421 143
1481700130 87
1506500056 4
1540789971 111
1565581772 109
1583240062 144
1593335970 135
1648888063 32
1703074003 137
1723374255 43
1755211868 107
1780965381 136
1817977319 40
1832923198 2
1836837436 39
1854296563 127
1880656059 149
1902819574 178
1957456795 90
1967912122 56
1979915395 17
1987706045 113
1991912470 160
2034853916 129
2040735391 105
2054922385 63
2070794468 139
2071342302 167
2088744826 42
2180276089 38
2191007551 102
2245017434 151
2302936662 68
2321067875 70
2335376072 20
2337471812 148
2352408356 59
2386566304 155
2420023489 128
2493197103 83
2523580740 94
2533558194 153
2563637387 62
2590626395 123
2612076060 177
2623420502 80
2663355169 101
2675243293 60
2677761041 25
2680647675 138
2689742369 19
2714344193 116
2736746253 162
2739454820 130
2751470307 173
2752981434 82
2759781031 24
2819042102 27
2820570352 55
2877103839 78
2878053286 49
2881898293 93
2931281920 157
2939038785 8
2940397723 75
2946051437 91
2947745968 58
2947818890 12
2975899179 35
2976264608 65
3052336121 156
3109774447 34
3118895249 120
3134364972 54
3159294203 84
3197165266 96
3210776703 9
3224180642 77
3236016622 14
3252655057 86
3279979113 124
3310504013 174
3311786556 15
3326957411 122
3332444146 89
3345103274 33
3346435016 51
3369397036 133
3415828832 147
3419165889 85
3421043283 16
3439938365 73
3475802041 142
3576346154 99
3576952995 18
3611753873 1
3637528652 5
3640665415 118
3644108658 150
3650994493 121
3682404586 22
3705166655 31
3794242346 106
3813827420 61
3825964894 179
3834047911 176
3846291404 114
3863463209 95
3880856117 45
3896729982 57
3897441493 46
3934144507 110
3954570302 119
3978014586 131
3985338750 64
4012176614 169
4020817277 132
4074327253 10
4088869787 6
4106514720 37
4120563849 112
4136759817 171
4162517235 170
4168711638 108
4173604952 165
4231238145 158
4269563040 163
4277558944 7
