1800764 148
87484882 115
97068523 56
125896844 23
132851176 102
158100332 150
197722022 163
212966424 154
268465553 149
277378561 93
346763723 66
347327944 103
386235461 80
391851701 75
409984302 73
435153685 67
442087175 111
465915581 141
482554758 49
582418999 63
646992379 174
677338192 136
680353138 94
715741596 39
723386437 27
725606561 16
755509855 74
777434108 70
789663515 57
795357209 8
833957915 21
849924382 54
882923786 167
905458755 28
934031291 106
984515489 43
1029684725 159
1039775941 92
1102138352 164
1119750476 130
1145535496 125
1163785346 172
1165500044 168
1171145260 32
1187002154 99
1199928407 29
1303866932 6
1315240339 83
1324646409 0
1404395783 40
1411244463 46
1423943361 137
1433784421 144
1481700130 96
1506500056 2
1540789971 104
1565581772 114
1583240062 145
1593335970 131
1648888063 48
1703074003 142
1723374255 36
1755211868 105
1780965381 134
1817977319 41
1836837436 34
1854296563 127
1878223483 3
1880656059 147
1902819574 178
1957456795 88
1967912122 53
1979915395 17
1987706045 112
1991912470 160
2034853916 135
2040735391 107
2054922385 59
2070794468 140
2071342302 166
2088744826 44
2180276089 45
2191007551 98
2245017434 153
2302936662 69
2321067875 71
2335376072 24
2337471812 146
2352408356 61
2386566304 155
2420023489 120
2493197103 79
2523580740 95
2533558194 152
2563637387 65
2590626395 133
2612076060 176
2623420502 86
2663355169 108
2675243293 58
2677761041 22
2680647675 139
2689742369 19
2714344193 118
2736746253 161
2739454820 126
2751470307 173
2752981434 76
2759781031 25
2819042102 26
2820570352 51
2877103839 72
2878053286 38
2881898293 100
2931281920 157
2939038785 9
2940397723 82
2946051437 90
2947745968 64
2947818890 11
2975899179 31
2976264608 68
3052336121 156
3109774447 42
3118895249 124
3134364972 50
3159294203 78
3162794093 4
3197165266 89
3210776703 7
3224180642 77
3236016622 15
3252655057 85
3279979113 117
3310504013 175
3311786556 14
3326957411 129
3332444146 87
3345103274 30
3346435016 47
3369397036 132
3415828832 143
3419165889 84
3421043283 13
3439938365 81
3475802041 138
3576346154 91
3576952995 20
3637528652 5
3640665415 121
3644108658 151
3650994493 122
3682404586 18
3705166655 35
3794242346 109
3813827420 60
3825964894 179
3834047911 177
3846291404 113
3863463209 97
3880856117 37
3896729982 55
3897441493 52
3934144507 116
3954570302 119
3978014586 123
3985338750 62
4012176614 169
4020817277 128
4074327253 10
4088869787 12
4106514720 33
4120563849 110
4136759817 171
4162517235 170
4168711638 101
4173604952 165
4231238145 158
4269563040 162
4277558944 1
