1800764 36
87484882 100
125896844 84
132851176 55
158100332 159
197722022 150
212966424 141
268465553 30
277378561 95
346763723 110
347327944 90
391851701 37
409984302 17
435153685 114
442087175 129
465915581 78
482554758 91
521460429 18
582418999 119
600757238 58
646992379 175
677338192 70
680353138 125
723386437 92
755509855 122
795357209 13
833957915 52
882923786 166
934031291 74
972543760 6
976519997 5
984515489 106
1029684725 152
1039775941 136
1061459597 178
1061673189 31
1102138352 164
1119750476 145
1145535496 111
1163785346 174
1165500044 160
1171145260 27
1199928407 68
1302911819 21
1324646409 0
1353077104 42
1399969279 43
1402099477 4
1404395783 105
1411244463 25
1423943361 132
1433784421 89
1462563128 3
1473496205 20
1481700130 7
1490182304 22
1497564029 1
1506500056 39
1540789971 144
1565581772 46
1583240062 101
1593335970 151
1703074003 48
1723374255 99
1755211868 97
1780965381 149
1817977319 32
1832923198 45
1836837436 81
1854296563 118
1880656059 147
1902819574 177
1957456795 131
1965817051 44
1966862849 33
1967912122 108
1979915395 16
1987706045 86
1991912470 161
2034853916 103
2040735391 59
2054922385 117
2070794468 75
2071342302 168
2088744826 40
2137655290 14
2180276089 10
2191007551 137
2245017434 126
2273076216 2
2302936662 66
2321067875 67
2335376072 12
2337471812 143
2338681792 9
2352408356 61
2386566304 157
2420023489 153
2493197103 121
2523580740 93
2533558194 158
2563637387 47
2564901090 41
2590626395 38
2612076060 176
2675243293 76
2677761041 85
2680647675 72
2689742369 63
2714344193 29
2736746253 162
2739454820 138
2751470307 172
2752981434 123
2759781031 23
2819042102 62
2820570352 109
2877103839 112
2878053286 98
2931281920 155
2946051437 107
2947818890 53
2975899179 83
2979186596 8
3052336121 133
3118895249 26
3134364972 87
3159294203 124
3197165266 135
3210776703 50
3224180642 24
3236016622 57
3252655057 127
3279979113 148
3305405241 56
3310504013 169
3311786556 69
3326957411 51
3332444146 130
3345103274 80
3346435016 94
3369397036 140
3415828832 156
3419165889 104
3421043283 71
3475802041 128
3576346154 134
3611753873 65
3637528652 19
3640665415 15
3644108658 120
3650994493 73
3682404586 79
3705166655 35
3794242346 64
3813827420 102
3825964894 179
3834047911 173
3846291404 116
3863463209 88
3880856117 82
3896729982 96
3897441493 34
3930536579 28
3954570302 49
3978014586 154
3985338750 115
4012176614 163
4020817277 139
4025582691 11
4028575057 54
4106514720 77
4120563849 113
4136759817 170
4162517235 165
4168711638 142
4173604952 167
4231238145 146
4269563040 171
4277558944 60
