1800764 61
87484882 108
125896844 78
132851176 63
158100332 160
197722022 157
212966424 147
268465553 57
277378561 103
346763723 107
347327944 100
391851701 49
409984302 27
435153685 113
442087175 130
465915581 93
482554758 86
521460429 9
582418999 114
600757238 43
646992379 176
677338192 82
680353138 126
723386437 84
725606561 3
755509855 121
795357209 13
833957915 48
882923786 167
934031291 81
972543760 2
984515489 96
1029684725 155
1039775941 133
1061673189 21
1102138352 164
1119750476 144
1145535496 119
1163785346 175
1165500044 161
1171145260 30
1199928407 62
1302911819 12
1303866932 1
1324646409 0
1353077104 26
1399969279 29
1404395783 95
1411244463 28
1423943361 137
1433784421 106
1473496205 10
1481700130 25
1490182304 11
1506500056 32
1540789971 142
1565581772 59
1583240062 116
1593335970 150
1703074003 67
1723374255 90
1755211868 104
1780965381 148
1817977319 35
1832923198 34
1836837436 77
1854296563 120
1880656059 149
1902819574 178
1957456795 129
1965817051 33
1966862849 22
1967912122 99
1979915395 16
1987706045 98
1991912470 162
2034853916 115
2040735391 66
2054922385 109
2070794468 91
2071342302 169
2088744826 44
2137655290 6
2180276089 19
2191007551 136
2245017434 134
2302936662 68
2321067875 69
2335376072 15
2337471812 146
2338681792 7
2352408356 56
2386566304 159
2420023489 151
2493197103 122
2523580740 102
2533558194 158
2563637387 50
2564901090 31
2590626395 58
2612076060 177
2663355169 18
2675243293 74
2677761041 76
2680647675 88
2689742369 54
2714344193 53
2736746253 163
2739454820 139
2751470307 173
2752981434 123
2759781031 24
2819042102 55
2820570352 101
2877103839 112
2878053286 89
2881898293 23
2931281920 156
2946051437 111
2947745968 8
2947818890 45
2975899179 79
2979186596 5
3052336121 138
3118895249 52
3134364972 83
3159294203 124
3197165266 131
3210776703 41
3224180642 37
3236016622 46
3252655057 127
3279979113 145
3305405241 42
3310504013 172
3311786556 60
3326957411 70
3332444146 128
3345103274 75
3346435016 87
3369397036 143
3415828832 154
3419165889 105
3421043283 64
3475802041 135
3576346154 132
3611753873 51
3637528652 17
3640665415 39
3644108658 125
3650994493 85
3682404586 72
3705166655 36
3794242346 71
3813827420 94
3825964894 179
3834047911 174
3846291404 118
3863463209 97
3880856117 80
3896729982 92
3897441493 38
3930536579 20
3934144507 14
3954570302 65
3978014586 153
3985338750 110
4012176614 165
4020817277 141
4025582691 4
4028575057 40
4106514720 73
4120563849 117
4136759817 171
4162517235 166
4168711638 140
4173604952 168
4231238145 152
4269563040 170
4277558944 47
