1800764 109
87484882 115
97068523 8
125896844 52
132851176 83
158100332 155
197722022 160
212966424 153
268465553 105
277378561 98
346763723 86
347327944 106
386235461 27
391851701 59
409984302 49
435153685 90
442087175 133
465915581 122
482554758 71
582418999 84
600757238 11
646992379 175
677338192 113
680353138 119
723386437 62
725606561 4
755509855 102
777434108 26
789663515 2
795357209 7
833957915 35
849924382 13
882923786 166
934031291 96
984515489 75
1029684725 159
1039775941 126
1102138352 164
1119750476 143
1145535496 129
1163785346 174
1165500044 163
1171145260 34
1187002154 47
1199928407 48
1315240339 42
1324646409 0
1353077104 1
1399969279 5
1404395783 74
1411244463 36
1423943361 137
1433784421 128
1481700130 63
1506500056 15
1540789971 135
1565581772 87
1583240062 132
1593335970 147
1648888063 3
1703074003 103
1723374255 66
1755211868 110
1780965381 146
1817977319 41
1832923198 16
1836837436 58
1854296563 131
1880656059 150
1902819574 178
1957456795 118
1965817051 10
1967912122 77
1979915395 17
1987706045 112
1991912470 161
2034853916 127
2040735391 88
2054922385 81
2070794468 120
2071342302 167
2088744826 44
2180276089 32
2191007551 130
2245017434 145
2302936662 68
2321067875 73
2335376072 19
2337471812 149
2352408356 55
2386566304 157
2420023489 144
2493197103 107
2523580740 99
2533558194 154
2563637387 51
2564901090 14
2590626395 95
2612076060 177
2623420502 31
2663355169 65
2675243293 64
2677761041 50
2680647675 116
2689742369 39
2714344193 85
2736746253 162
2739454820 140
2751470307 173
2752981434 104
2759781031 24
2819042102 45
2820570352 78
2877103839 92
2878053286 70
2881898293 61
2931281920 158
2940397723 28
2946051437 101
2947745968 33
2947818890 25
2975899179 57
2976264608 29
3052336121 151
3109774447 18
3118895249 89
3134364972 67
3159294203 108
3197165266 124
3210776703 20
3224180642 54
3236016622 30
3252655057 114
3279979113 138
3305405241 12
3310504013 172
3311786556 38
3326957411 100
3332444146 117
3345103274 56
3346435016 72
3369397036 142
3415828832 152
3419165889 94
3421043283 40
3439938365 21
3475802041 139
3576346154 125
3611753873 22
3637528652 6
3640665415 80
3644108658 136
3650994493 111
3682404586 46
3705166655 37
3794242346 91
3813827420 79
3825964894 179
3834047911 176
3846291404 123
3863463209 97
3880856117 60
3896729982 76
3897441493 43
3934144507 69
3954570302 93
3978014586 148
3985338750 82
4012176614 169
4020817277 141
4028575057 9
4106514720 53
4120563849 121
4136759817 171
4162517235 170
4168711638 134
4173604952 165
4231238145 156
4269563040 168
4277558944 23
