1800764 64
87484882 112
125896844 77
132851176 63
158100332 158
197722022 159
212966424 147
268465553 62
277378561 103
346763723 106
347327944 102
391851701 51
409984302 33
435153685 111
442087175 132
465915581 99
482554758 84
521460429 8
582418999 114
600757238 39
646992379 176
677338192 86
680353138 125
723386437 82
725606561 5
755509855 121
795357209 13
833957915 49
882923786 166
934031291 83
984515489 95
1029684725 156
1039775941 133
1061673189 17
1102138352 164
1119750476 144
1145535496 119
1163785346 174
1165500044 162
1171145260 31
1187002154 2
1199928407 58
1302911819 11
1303866932 1
1315240339 6
1324646409 0
1353077104 23
1399969279 26
1404395783 91
1411244463 29
1423943361 137
1433784421 113
1473496205 9
1481700130 34
1490182304 10
1506500056 28
1540789971 139
1565581772 60
1583240062 116
1593335970 150
1703074003 70
1723374255 88
1755211868 105
1780965381 148
1817977319 35
1832923198 32
1836837436 78
1854296563 120
1880656059 149
1902819574 178
1957456795 129
1965817051 30
1966862849 19
1967912122 97
1979915395 15
1987706045 100
1991912470 161
2034853916 115
2040735391 68
2054922385 107
2070794468 94
2071342302 169
2088744826 43
2137655290 4
2180276089 21
2191007551 134
2245017434 136
2302936662 65
2321067875 66
2335376072 14
2337471812 146
2338681792 7
2352408356 56
2386566304 160
2420023489 151
2493197103 122
2523580740 101
2533558194 157
2563637387 50
2564901090 27
2590626395 61
2612076060 177
2663355169 22
2675243293 74
2677761041 76
2680647675 92
2689742369 52
2714344193 55
2736746253 163
2739454820 140
2751470307 173
2752981434 123
2759781031 24
2819042102 53
2820570352 98
2877103839 109
2878053286 87
2881898293 25
2931281920 155
2946051437 110
2947745968 12
2947818890 44
2975899179 79
2979186596 3
3052336121 142
3118895249 54
3134364972 81
3159294203 124
3197165266 130
3210776703 40
3224180642 42
3236016622 46
3252655057 127
3279979113 145
3305405241 38
3310504013 172
3311786556 57
3326957411 72
3332444146 128
3345103274 75
3346435016 85
3369397036 143
3415828832 154
3419165889 104
3421043283 59
3475802041 135
3576346154 131
3611753873 48
3637528652 16
3640665415 47
3644108658 126
3650994493 90
3682404586 69
3705166655 36
3794242346 73
3813827420 93
3825964894 179
3834047911 175
3846291404 118
3863463209 96
3880856117 80
3896729982 89
3897441493 41
3930536579 18
3934144507 20
3954570302 67
3978014586 152
3985338750 108
4012176614 165
4020817277 141
4028575057 37
4106514720 71
4120563849 117
4136759817 171
4162517235 168
4168711638 138
4173604952 167
4231238145 153
4269563040 170
4277558944 45
