1800764 74
87484882 116
125896844 62
132851176 73
158100332 156
197722022 160
212966424 152
268465553 66
277378561 106
346763723 99
347327944 109
391851701 56
409984302 39
435153685 103
442087175 134
465915581 108
482554758 88
582418999 97
600757238 22
646992379 176
677338192 96
680353138 129
723386437 64
725606561 12
755509855 111
777434108 2
795357209 16
833957915 47
882923786 167
934031291 94
972543760 3
984515489 87
1029684725 159
1039775941 132
1061673189 9
1102138352 164
1119750476 144
1145535496 127
1163785346 174
1165500044 162
1171145260 36
1187002154 10
1199928407 57
1303866932 8
1315240339 13
1324646409 0
1353077104 15
1399969279 21
1404395783 81
1411244463 37
1423943361 138
1433784421 117
1481700130 41
1506500056 29
1540789971 136
1565581772 65
1583240062 123
1593335970 149
1703074003 80
1723374255 79
1755211868 112
1780965381 148
1817977319 43
1832923198 30
1836837436 72
1854296563 128
1880656059 151
1902819574 178
1957456795 124
1965817051 26
1966862849 5
1967912122 84
1979915395 19
1987706045 110
1991912470 161
2034853916 120
2040735391 78
2054922385 93
2070794468 102
2071342302 168
2088744826 46
2180276089 27
2191007551 131
2245017434 139
2302936662 68
2321067875 70
2335376072 20
2337471812 150
2338681792 6
2352408356 58
2386566304 158
2420023489 145
2493197103 118
2523580740 105
2533558194 155
2563637387 55
2564901090 28
2590626395 67
2612076060 177
2663355169 32
2675243293 75
2677761041 59
2680647675 100
2689742369 50
2714344193 61
2736746253 163
2739454820 140
2751470307 173
2752981434 115
2759781031 31
2819042102 54
2820570352 90
2877103839 104
2878053286 85
2881898293 33
2931281920 157
2946051437 114
2947745968 17
2947818890 40
2975899179 71
2976264608 7
2979186596 4
3052336121 146
3109774447 11
3118895249 60
3134364972 86
3159294203 113
3197165266 130
3210776703 35
3224180642 48
3236016622 44
3252655057 119
3279979113 142
3305405241 24
3310504013 172
3311786556 51
3326957411 82
3332444146 121
3345103274 69
3346435016 89
3369397036 143
3415828832 153
3419165889 107
3421043283 52
3475802041 137
3516413806 1
3576346154 126
3611753873 34
3637528652 18
3640665415 53
3644108658 133
3650994493 98
3682404586 49
3705166655 42
3794242346 83
3813827420 92
3825964894 179
3834047911 175
3846291404 125
3863463209 101
3880856117 76
3896729982 91
3897441493 45
3930536579 14
3934144507 25
3954570302 77
3978014586 147
3985338750 95
4012176614 165
4020817277 141
4028575057 23
4106514720 63
4120563849 122
4136759817 171
4162517235 169
4168711638 135
4173604952 166
4231238145 154
4269563040 170
4277558944 38
