1800764 65
87484882 118
125896844 64
132851176 70
158100332 156
197722022 160
212966424 151
268465553 60
277378561 110
346763723 103
347327944 112
391851701 55
409984302 37
435153685 106
442087175 136
465915581 102
482554758 90
582418999 97
600757238 20
646992379 176
677338192 95
680353138 131
723386437 67
725606561 14
755509855 101
795357209 18
833957915 50
882923786 167
934031291 94
972543760 6
984515489 85
1029684725 159
1039775941 132
1061673189 8
1102138352 164
1119750476 145
1145535496 129
1163785346 174
1165500044 162
1171145260 39
1199928407 61
1303866932 12
1315240339 7
1324646409 0
1353077104 13
1399969279 26
1404395783 81
1411244463 36
1423943361 138
1433784421 117
1481700130 34
1506500056 31
1540789971 135
1565581772 66
1583240062 124
1593335970 148
1703074003 69
1723374255 78
1755211868 113
1780965381 149
1817977319 45
1832923198 32
1836837436 80
1854296563 130
1880656059 152
1902819574 178
1957456795 122
1965817051 29
1966862849 1
1967912122 79
1979915395 22
1987706045 109
1991912470 161
2034853916 123
2040735391 74
2054922385 92
2070794468 100
2071342302 168
2088744826 49
2137655290 3
2180276089 28
2191007551 125
2245017434 139
2302936662 72
2321067875 75
2335376072 23
2337471812 150
2338681792 10
2352408356 62
2386566304 158
2420023489 144
2493197103 120
2523580740 107
2533558194 155
2563637387 54
2564901090 30
2590626395 63
2612076060 177
2663355169 19
2675243293 84
2677761041 59
2680647675 99
2689742369 53
2714344193 58
2736746253 163
2739454820 141
2751470307 173
2752981434 114
2759781031 33
2819042102 57
2820570352 86
2877103839 108
2878053286 87
2881898293 27
2931281920 157
2946051437 115
2947745968 17
2947818890 43
2975899179 76
2976264608 4
2979186596 9
3044575483 2
3052336121 147
3109774447 11
3118895249 56
3134364972 88
3159294203 105
3197165266 127
3210776703 38
3224180642 47
3236016622 48
3252655057 116
3279979113 140
3305405241 24
3310504013 172
3311786556 52
3326957411 77
3332444146 119
3345103274 73
3346435016 89
3369397036 143
3415828832 153
3419165889 111
3421043283 51
3475802041 137
3516413806 5
3576346154 121
3611753873 35
3637528652 21
3640665415 41
3644108658 133
3650994493 98
3682404586 42
3705166655 44
3794242346 83
3813827420 93
3825964894 179
3834047911 175
3846291404 128
3863463209 104
3880856117 82
3896729982 91
3897441493 46
3930536579 15
3934144507 16
3954570302 68
3978014586 146
3985338750 96
4012176614 165
4020817277 142
4028575057 25
4106514720 71
4120563849 126
4136759817 171
4162517235 169
4168711638 134
4173604952 166
4231238145 154
4269563040 170
4277558944 40
