1800764 13
87484882 84
125896844 105
132851176 33
158100332 153
197722022 130
212966424 128
268465553 8
277378561 87
346763723 108
347327944 78
391851701 20
435153685 111
442087175 126
456854657 32
465915581 65
480126874 31
482554758 100
521460429 51
582418999 125
600757238 77
646992379 174
677338192 48
680353138 124
723386437 114
755509855 138
833957915 45
882923786 166
934031291 63
972543760 12
976519997 29
984515489 115
1029684725 136
1039775941 142
1061459597 178
1061673189 64
1102138352 165
1119750476 139
1145535496 94
1163785346 175
1165500044 145
1171145260 15
1199928407 67
1302911819 66
1324646409 0
1353077104 69
1399969279 49
1402099477 34
1404395783 116
1411244463 9
1423943361 121
1433784421 73
1462563128 38
1473496205 58
1490182304 57
1497564029 40
1506500056 41
1540789971 154
1565581772 21
1583240062 81
1593335970 151
1703074003 24
1723374255 112
1755211868 83
1780965381 143
1817977319 18
1832923198 44
1836837436 89
1854296563 97
1880656059 137
1902819574 177
1957456795 144
1965817051 47
1966862849 70
1967912122 122
1987706045 74
1991912470 158
2034853916 85
2040735391 36
2054922385 123
2070794468 60
2071342302 168
2088744826 26
2115991866 7
2137655290 30
2191007551 162
2245017434 113
2273076216 22
2302936662 53
2321067875 52
2337471812 134
2338681792 17
2352408356 43
2386566304 147
2420023489 164
2455595861 3
2493197103 127
2523580740 86
2533558194 152
2563637387 27
2564901090 42
2590626395 16
2612076060 176
2618357298 2
2654090424 5
2675243293 71
2677761041 107
2680647675 59
2689742369 62
2714344193 6
2736746253 161
2739454820 131
2751470307 172
2752981434 133
2759781031 11
2819042102 56
2820570352 120
2877103839 109
2878053286 106
2931281920 141
2946051437 96
2947818890 54
2975899179 92
2979186596 10
3052336121 117
3118895249 1
3134364972 93
3159294203 140
3197165266 148
3210776703 50
3236016622 55
3252655057 146
3279979113 150
3305405241 75
3310504013 169
3311786556 82
3326957411 28
3332444146 149
3345103274 91
3346435016 104
3369397036 135
3415828832 156
3419165889 95
3421043283 90
3453834671 35
3475802041 119
3576346154 157
3611753873 76
3637528652 14
3644108658 99
3650994493 61
3682404586 110
3705166655 23
3794242346 39
3813827420 103
3825964894 179
3834047911 173
3846291404 101
3863463209 79
3880856117 88
3896729982 102
3897441493 19
3930536579 46
3954570302 25
3978014586 160
3985338750 118
4012176614 155
4020817277 132
4025582691 37
4028575057 72
4084769632 4
4106514720 80
4120563849 98
4136759817 170
4162517235 163
4168711638 159
4173604952 167
4231238145 129
4269563040 171
4277558944 68
