1800764 72
87484882 89
125896844 107
132851176 44
158100332 146
197722022 137
212966424 128
268465553 73
277378561 79
346763723 104
347327944 76
366165566 7
391851701 20
409984302 5
435153685 108
442087175 117
456854657 40
465915581 87
480126874 23
482554758 93
521460429 53
582418999 123
600757238 80
646992379 174
677338192 68
680353138 114
723386437 118
755509855 149
833957915 19
882923786 164
934031291 61
976519997 8
984515489 119
1029684725 136
1039775941 142
1061459597 178
1061673189 56
1102138352 158
1119750476 135
1145535496 101
1163785346 175
1165500044 148
1187002154 22
1199928407 42
1302911819 77
1324646409 0
1353077104 71
1399969279 33
1402099477 16
1404395783 121
1423943361 116
1433784421 94
1462563128 36
1473496205 54
1481700130 25
1490182304 50
1497564029 41
1506500056 10
1540789971 156
1565581772 47
1583240062 98
1593335970 143
1703074003 65
1723374255 111
1755211868 83
1780965381 140
1832923198 18
1836837436 74
1854296563 103
1880656059 134
1902819574 177
1957456795 154
1965817051 24
1966862849 90
1967912122 133
1987706045 75
1991912470 150
2023365118 13
2034853916 96
2040735391 46
2054922385 125
2070794468 84
2071342302 166
2088744826 6
2115991866 21
2137655290 3
2191007551 168
2245017434 112
2302936662 38
2321067875 39
2337471812 131
2352408356 32
2386566304 141
2420023489 159
2455595861 17
2493197103 124
2523580740 78
2533558194 145
2563637387 14
2564901090 12
2590626395 58
2612076060 176
2618357298 9
2623420502 4
2663355169 37
2675243293 51
2677761041 110
2680647675 82
2689742369 35
2714344193 49
2736746253 155
2739454820 127
2751470307 172
2752981434 138
2819042102 34
2820570352 126
2877103839 105
2878053286 106
2881898293 27
2931281920 139
2946051437 92
2947818890 29
2975899179 85
3052336121 120
3118895249 55
3134364972 86
3159294203 151
3197165266 152
3210776703 28
3224180642 11
3236016622 30
3252655057 161
3279979113 144
3305405241 64
3310504013 170
3311786556 66
3326957411 60
3332444146 160
3345103274 81
3346435016 100
3369397036 130
3415828832 147
3419165889 88
3421043283 91
3453834671 26
3475802041 113
3576346154 167
3611753873 63
3640665415 48
3644108658 109
3650994493 67
3682404586 122
3705166655 1
3794242346 52
3813827420 97
3825964894 179
3834047911 173
3846291404 102
3863463209 69
3880856117 70
3896729982 95
3897441493 2
3930536579 31
3934144507 43
3954570302 57
3978014586 153
3985338750 115
4012176614 157
4020817277 129
4025582691 15
4028575057 62
4106514720 59
4120563849 99
4136759817 169
4162517235 162
4168711638 163
4173604952 165
4231238145 132
4269563040 171
4277558944 45
