1800764 126
87484882 119
97068523 24
125896844 36
132851176 91
158100332 153
197722022 160
212966424 152
268465553 124
277378561 94
346763723 81
347327944 109
386235461 46
391851701 74
409984302 67
435153685 82
442087175 127
465915581 131
482554758 65
582418999 78
646992379 175
677338192 121
680353138 110
715741596 7
723386437 47
725606561 13
755509855 85
777434108 40
789663515 19
795357209 12
833957915 29
849924382 25
882923786 167
905458755 3
934031291 104
984515489 59
1029684725 159
1039775941 111
1102138352 163
1119750476 142
1145535496 132
1163785346 172
1165500044 166
1171145260 31
1187002154 71
1199928407 43
1303866932 2
1315240339 57
1324646409 0
1404395783 56
1411244463 37
1423943361 143
1433784421 134
1481700130 79
1506500056 11
1540789971 125
1565581772 102
1583240062 136
1593335970 144
1648888063 18
1703074003 120
1723374255 54
1755211868 114
1780965381 145
1817977319 39
1832923198 9
1836837436 53
1854296563 133
1880656059 151
1902819574 178
1957456795 100
1965817051 4
1967912122 61
1979915395 16
1987706045 116
1991912470 161
2034853916 130
2040735391 93
2054922385 72
2070794468 129
2071342302 168
2088744826 41
2180276089 32
2191007551 112
2245017434 150
2302936662 75
2321067875 77
2335376072 21
2337471812 148
2352408356 60
2386566304 156
2420023489 137
2493197103 90
2523580740 97
2533558194 154
2563637387 62
2564901090 6
2590626395 113
2612076060 177
2623420502 52
2663355169 83
2675243293 68
2677761041 33
2680647675 128
2689742369 30
2714344193 103
2736746253 162
2739454820 138
2751470307 173
2752981434 88
2759781031 26
2819042102 34
2820570352 64
2877103839 84
2878053286 58
2881898293 80
2931281920 157
2940397723 48
2946051437 98
2947745968 42
2947818890 17
2975899179 50
2976264608 44
3052336121 155
3109774447 28
3118895249 106
3134364972 66
3159294203 87
3197165266 107
3210776703 15
3224180642 70
3236016622 20
3252655057 92
3279979113 135
3310504013 174
3311786556 23
3326957411 115
3332444146 96
3345103274 49
3346435016 63
3369397036 141
3415828832 149
3419165889 89
3421043283 22
3439938365 38
3475802041 146
3576346154 105
3576952995 10
3611753873 8
3637528652 5
3640665415 95
3644108658 147
3650994493 117
3682404586 27
3705166655 35
3794242346 101
3813827420 73
3825964894 179
3834047911 176
3846291404 123
3863463209 99
3880856117 55
3896729982 69
3897441493 45
3934144507 86
3954570302 108
3978014586 140
3985338750 76
4012176614 169
4020817277 139
4074327253 1
4106514720 51
4120563849 118
4136759817 171
4162517235 170
4168711638 122
4173604952 164
4231238145 158
4269563040 165
4277558944 14
