1800764 71
87484882 94
125896844 96
132851176 54
158100332 154
197722022 145
212966424 132
268465553 69
277378561 87
346763723 103
347327944 85
391851701 35
409984302 15
435153685 110
442087175 125
456854657 13
465915581 88
480126874 5
482554758 89
521460429 36
582418999 118
600757238 64
646992379 175
677338192 76
680353138 120
723386437 112
755509855 134
833957915 33
882923786 166
934031291 72
976519997 4
984515489 114
1029684725 142
1039775941 138
1061459597 178
1061673189 42
1102138352 163
1119750476 137
1145535496 106
1163785346 174
1165500044 160
1171145260 12
1187002154 7
1199928407 51
1302911819 47
1324646409 0
1353077104 56
1399969279 31
1402099477 8
1404395783 115
1411244463 11
1423943361 126
1433784421 98
1462563128 14
1473496205 40
1481700130 26
1490182304 38
1497564029 19
1506500056 20
1540789971 151
1565581772 53
1583240062 101
1593335970 149
1703074003 70
1723374255 109
1755211868 90
1780965381 140
1817977319 16
1832923198 28
1836837436 75
1854296563 108
1880656059 135
1902819574 177
1957456795 141
1965817051 29
1966862849 61
1967912122 121
1987706045 84
1991912470 161
2034853916 99
2040735391 57
2054922385 119
2070794468 83
2071342302 168
2088744826 22
2137655290 3
2180276089 2
2191007551 159
2245017434 122
2302936662 49
2321067875 50
2337471812 133
2352408356 44
2386566304 150
2420023489 158
2493197103 123
2523580740 86
2533558194 152
2563637387 32
2564901090 21
2590626395 60
2612076060 176
2663355169 27
2675243293 65
2677761041 102
2680647675 81
2689742369 43
2714344193 48
2736746253 162
2739454820 129
2751470307 172
2752981434 128
2759781031 6
2819042102 41
2820570352 117
2877103839 105
2878053286 100
2881898293 23
2931281920 147
2946051437 97
2947818890 37
2975899179 79
3052336121 127
3118895249 52
3134364972 82
3159294203 139
3197165266 143
3210776703 34
3224180642 24
3236016622 39
3252655057 146
3279979113 144
3305405241 58
3310504013 170
3311786556 67
3326957411 66
3332444146 148
3345103274 78
3346435016 93
3369397036 131
3415828832 153
3419165889 92
3421043283 74
3453834671 9
3475802041 124
3576346154 157
3611753873 59
3637528652 1
3640665415 45
3644108658 113
3650994493 77
3682404586 111
3705166655 17
3794242346 63
3813827420 95
3825964894 179
3834047911 173
3846291404 107
3863463209 80
3880856117 73
3896729982 91
3897441493 18
3930536579 25
3934144507 30
3954570302 62
3978014586 155
3985338750 116
4012176614 164
4020817277 130
4025582691 10
4028575057 55
4106514720 68
4120563849 104
4136759817 169
4162517235 165
4168711638 156
4173604952 167
4231238145 136
4269563040 171
4277558944 46
