1800764 80
87484882 89
125896844 107
132851176 44
158100332 146
197722022 137
212966424 126
268465553 84
277378561 75
346763723 104
347327944 72
366165566 10
391851701 18
409984302 4
435153685 108
442087175 117
456854657 43
465915581 88
480126874 25
482554758 92
521460429 53
582418999 124
600757238 79
646992379 174
677338192 69
680353138 114
723386437 119
755509855 150
833957915 15
882923786 163
934031291 59
976519997 7
984515489 120
1029684725 136
1039775941 144
1061459597 178
1061673189 55
1102138352 154
1119750476 134
1145535496 102
1163785346 175
1165500044 148
1187002154 34
1199928407 40
1302911819 85
1315240339 3
1324646409 0
1353077104 76
1399969279 32
1402099477 17
1404395783 121
1423943361 115
1433784421 95
1462563128 36
1473496205 54
1481700130 30
1490182304 50
1497564029 41
1506500056 6
1540789971 158
1565581772 48
1583240062 99
1593335970 142
1703074003 70
1723374255 111
1755211868 78
1780965381 140
1832923198 14
1836837436 71
1854296563 103
1880656059 133
1902819574 177
1957456795 157
1965817051 19
1966862849 96
1967912122 135
1987706045 74
1991912470 149
2023365118 20
2034853916 94
2040735391 46
2054922385 128
2070794468 86
2071342302 166
2088744826 1
2115991866 28
2191007551 170
2245017434 112
2302936662 37
2321067875 38
2337471812 130
2352408356 26
2386566304 141
2420023489 159
2455595861 24
2493197103 123
2523580740 73
2533558194 145
2563637387 11
2564901090 8
2590626395 60
2612076060 176
2618357298 13
2623420502 12
2663355169 39
2675243293 45
2677761041 110
2680647675 81
2689742369 33
2714344193 51
2736746253 151
2739454820 125
2751470307 172
2752981434 139
2819042102 27
2820570352 129
2877103839 105
2878053286 106
2881898293 35
2931281920 138
2940397723 2
2946051437 90
2947818890 22
2975899179 83
3052336121 118
3118895249 57
3134364972 82
3159294203 156
3197165266 153
3210776703 21
3224180642 9
3236016622 23
3252655057 162
3279979113 143
3305405241 65
3310504013 168
3311786556 64
3326957411 61
3332444146 161
3345103274 77
3346435016 101
3369397036 131
3415828832 147
3419165889 87
3421043283 91
3439938365 5
3453834671 31
3475802041 113
3576346154 169
3611753873 63
3640665415 52
3644108658 109
3650994493 67
3682404586 122
3794242346 49
3813827420 97
3825964894 179
3834047911 173
3846291404 100
3863463209 66
3880856117 68
3896729982 93
3930536579 29
3934144507 47
3954570302 56
3978014586 152
3985338750 116
4012176614 155
4020817277 127
4025582691 16
4028575057 62
4106514720 58
4120563849 98
4136759817 167
4162517235 160
4168711638 165
4173604952 164
4231238145 132
4269563040 171
4277558944 42
