1800764 30
87484882 85
125896844 105
132851176 35
158100332 153
197722022 133
212966424 128
268465553 24
277378561 84
346763723 107
347327944 80
391851701 19
435153685 110
442087175 124
456854657 32
465915581 68
480126874 26
482554758 97
521460429 56
582418999 123
600757238 77
646992379 174
677338192 59
680353138 121
723386437 114
755509855 140
833957915 43
882923786 166
934031291 61
972543760 2
976519997 23
984515489 115
1029684725 137
1039775941 141
1061459597 178
1061673189 60
1102138352 162
1119750476 138
1145535496 96
1163785346 175
1165500044 146
1171145260 11
1199928407 63
1302911819 67
1324646409 0
1353077104 71
1399969279 49
1402099477 28
1404395783 116
1411244463 4
1423943361 120
1433784421 78
1462563128 37
1473496205 58
1490182304 57
1497564029 42
1506500056 34
1540789971 155
1565581772 27
1583240062 86
1593335970 147
1703074003 36
1723374255 111
1755211868 82
1780965381 142
1817977319 13
1832923198 41
1836837436 89
1854296563 100
1880656059 136
1902819574 177
1957456795 148
1965817051 47
1966862849 75
1967912122 126
1987706045 74
1991912470 156
2023365118 1
2034853916 88
2040735391 40
2054922385 125
2070794468 66
2071342302 168
2088744826 20
2115991866 12
2137655290 21
2191007551 165
2245017434 113
2273076216 14
2302936662 54
2321067875 53
2337471812 132
2338681792 10
2352408356 45
2386566304 144
2420023489 161
2455595861 9
2493197103 127
2523580740 83
2533558194 150
2563637387 22
2564901090 38
2590626395 25
2612076060 176
2618357298 3
2675243293 69
2677761041 109
2680647675 64
2689742369 55
2714344193 18
2736746253 159
2739454820 130
2751470307 172
2752981434 135
2759781031 6
2819042102 52
2820570352 122
2877103839 108
2878053286 106
2931281920 139
2946051437 95
2947818890 50
2975899179 92
3052336121 119
3118895249 17
3134364972 93
3159294203 143
3197165266 149
3210776703 48
3224180642 7
3236016622 51
3252655057 151
3279979113 145
3305405241 72
3310504013 169
3311786556 81
3326957411 39
3332444146 152
3345103274 90
3346435016 104
3369397036 134
3415828832 154
3419165889 94
3421043283 91
3453834671 29
3475802041 118
3576346154 163
3611753873 73
3637528652 8
3640665415 5
3644108658 103
3650994493 62
3682404586 112
3705166655 16
3794242346 44
3813827420 102
3825964894 179
3834047911 173
3846291404 101
3863463209 79
3880856117 87
3896729982 99
3897441493 15
3930536579 46
3954570302 33
3978014586 158
3985338750 117
4012176614 157
4020817277 131
4025582691 31
4028575057 70
4106514720 76
4120563849 98
4136759817 170
4162517235 164
4168711638 160
4173604952 167
4231238145 129
4269563040 171
4277558944 65
