1800764 93
87484882 113
125896844 65
132851176 72
158100332 156
197722022 160
212966424 152
268465553 91
277378561 101
346763723 94
347327944 105
386235461 11
391851701 54
409984302 44
435153685 102
442087175 130
465915581 112
482554758 70
582418999 103
600757238 29
646992379 176
677338192 106
680353138 123
723386437 74
755509855 120
777434108 12
795357209 5
833957915 40
849924382 2
882923786 166
934031291 90
984515489 86
1029684725 159
1039775941 129
1061673189 4
1102138352 164
1119750476 144
1145535496 122
1163785346 174
1165500044 162
1171145260 31
1187002154 38
1199928407 51
1302911819 1
1315240339 30
1324646409 0
1353077104 16
1399969279 14
1404395783 85
1411244463 34
1423943361 136
1433784421 119
1481700130 52
1506500056 21
1540789971 137
1565581772 77
1583240062 124
1593335970 148
1703074003 92
1723374255 79
1755211868 109
1780965381 146
1817977319 39
1832923198 22
1836837436 62
1854296563 125
1880656059 151
1902819574 178
1957456795 127
1965817051 20
1966862849 9
1967912122 89
1979915395 10
1987706045 108
1991912470 161
2034853916 116
2040735391 80
2054922385 98
2070794468 111
2071342302 168
2088744826 42
2180276089 25
2191007551 134
2245017434 140
2302936662 59
2321067875 61
2335376072 15
2337471812 145
2352408356 55
2386566304 158
2420023489 149
2493197103 114
2523580740 100
2533558194 155
2563637387 48
2564901090 19
2590626395 83
2612076060 177
2623420502 17
2663355169 53
2675243293 63
2677761041 67
2680647675 110
2689742369 43
2714344193 71
2736746253 163
2739454820 139
2751470307 173
2752981434 118
2759781031 24
2819042102 45
2820570352 88
2877103839 99
2878053286 75
2881898293 50
2931281920 157
2940397723 13
2946051437 107
2947745968 23
2947818890 32
2975899179 64
2976264608 18
3052336121 147
3109774447 8
3118895249 76
3134364972 69
3159294203 121
3197165266 131
3210776703 27
3224180642 47
3236016622 36
3252655057 126
3279979113 143
3305405241 28
3310504013 172
3311786556 46
3326957411 87
3332444146 128
3345103274 60
3346435016 73
3369397036 142
3415828832 153
3419165889 97
3421043283 49
3439938365 6
3475802041 135
3576346154 133
3611753873 35
3637528652 7
3640665415 68
3644108658 132
3650994493 104
3682404586 58
3705166655 37
3794242346 81
3813827420 82
3825964894 179
3834047911 175
3846291404 117
3863463209 96
3880856117 66
3896729982 78
3897441493 41
3930536579 3
3934144507 56
3954570302 84
3978014586 150
3985338750 95
4012176614 167
4020817277 141
4028575057 26
4106514720 57
4120563849 115
4136759817 171
4162517235 169
4168711638 138
4173604952 165
4231238145 154
4269563040 170
4277558944 33
