87484882 72
125896844 109
132851176 18
143419484 19
158100332 148
197722022 117
212966424 120
277378561 78
346763723 106
347327944 66
366165566 26
391851701 2
435153685 112
442087175 116
456854657 60
465915581 45
480126874 50
482554758 101
521460429 73
582418999 130
600757238 95
646992379 174
677338192 31
680353138 118
723386437 122
755509855 154
833957915 41
882923786 158
934031291 44
972543760 17
976519997 43
984515489 124
1029684725 126
1039775941 151
1061459597 177
1061673189 77
1102138352 152
1119750476 139
1145535496 80
1163785346 175
1165500044 138
1171145260 3
1199928407 63
1302911819 83
1324646409 0
1353077104 87
1399969279 59
1402099477 47
1404395783 125
1423943361 113
1433784421 61
1462563128 58
1473496205 75
1490182304 74
1497564029 64
1506500056 35
1540789971 162
1565581772 1
1567831198 23
1583240062 67
1593335970 149
1703074003 5
1721069724 10
1723374255 115
1755211868 71
1780965381 143
1817977319 7
1832923198 46
1836837436 94
1854296563 85
1880656059 131
1902819574 178
1957456795 156
1965817051 52
1966862849 96
1967912122 137
1987706045 62
1991912470 144
2023365118 28
2034853916 70
2040735391 21
2054922385 135
2070794468 37
2071342302 165
2088744826 20
2115991866 36
2137655290 33
2191007551 171
2245017434 104
2273076216 27
2302936662 40
2321067875 38
2337471812 127
2338681792 24
2352408356 30
2386566304 140
2420023489 166
2455595861 32
2493197103 132
2523580740 76
2533558194 146
2563637387 16
2564901090 42
2612076060 176
2616533013 4
2618357298 29
2654090424 22
2675243293 65
2677761041 114
2680647675 34
2689742369 56
2736746253 147
2739454820 128
2751470307 172
2752981434 141
2819042102 49
2820570352 133
2877103839 107
2878053286 110
2931281920 136
2946051437 89
2947818890 54
2975899179 99
2979186596 11
3052336121 108
3134364972 98
3159294203 155
3197165266 157
3210776703 55
3236016622 51
3252655057 163
3279979113 150
3305405241 86
3310504013 161
3311786556 88
3326957411 12
3332444146 164
3345103274 97
3346435016 105
3369397036 134
3415828832 153
3419165889 92
3421043283 100
3453834671 53
3475802041 111
3576346154 169
3611753873 82
3637528652 9
3644108658 84
3650994493 39
3682404586 121
3705166655 13
3794242346 25
3813827420 103
3825964894 179
3834047911 170
3846291404 93
3863463209 68
3880856117 90
3896729982 102
3897441493 6
3930536579 57
3954570302 8
3978014586 159
3985338750 123
4012176614 142
4020817277 129
4025582691 48
4028575057 81
4071585141 14
4084769632 15
4106514720 79
4120563849 91
4136759817 167
4162517235 145
4168711638 168
4173604952 160
4231238145 119
4269563040 173
4277558944 69
