1800764 44
87484882 76
125896844 110
132851176 20
143419484 3
158100332 145
197722022 122
212966424 118
268465553 42
277378561 75
346763723 105
347327944 67
366165566 29
391851701 11
435153685 109
442087175 115
456854657 63
465915581 61
480126874 49
482554758 99
521460429 73
582418999 133
600757238 97
646992379 174
677338192 54
680353138 116
723386437 121
755509855 155
833957915 23
882923786 156
934031291 53
976519997 27
984515489 123
1029684725 128
1039775941 150
1061459597 178
1061673189 77
1102138352 153
1119750476 137
1145535496 88
1163785346 175
1165500044 140
1199928407 55
1302911819 96
1324646409 0
1353077104 93
1399969279 50
1402099477 45
1404395783 127
1423943361 113
1433784421 69
1462563128 57
1473496205 74
1490182304 70
1497564029 64
1506500056 17
1540789971 161
1565581772 18
1567831198 10
1583240062 79
1593335970 144
1703074003 39
1723374255 117
1755211868 71
1780965381 141
1832923198 28
1836837436 84
1854296563 91
1880656059 131
1902819574 177
1957456795 162
1965817051 37
1966862849 103
1967912122 138
1987706045 65
1991912470 146
2023365118 40
2034853916 78
2040735391 24
2054922385 134
2070794468 60
2071342302 160
2088744826 9
2115991866 48
2137655290 19
2191007551 173
2245017434 107
2273076216 14
2302936662 32
2321067875 31
2335932329 6
2337471812 125
2338681792 5
2352408356 21
2386566304 139
2420023489 163
2455595861 47
2493197103 132
2523580740 72
2533558194 143
2563637387 12
2564901090 22
2590626395 25
2612076060 176
2618357298 33
2654090424 8
2675243293 59
2677761041 114
2680647675 58
2689742369 46
2714344193 15
2736746253 149
2739454820 124
2751470307 170
2752981434 142
2819042102 35
2820570352 135
2877103839 106
2878053286 108
2931281920 136
2946051437 87
2947818890 38
2975899179 95
3052336121 112
3118895249 16
3134364972 92
3159294203 159
3197165266 158
3210776703 43
3236016622 36
3252655057 166
3279979113 148
3305405241 86
3310504013 164
3311786556 83
3326957411 34
3332444146 165
3345103274 89
3346435016 104
3369397036 130
3415828832 151
3419165889 85
3421043283 101
3453834671 52
3475802041 111
3576346154 172
3611753873 80
3640665415 13
3644108658 98
3650994493 56
3682404586 129
3705166655 4
3794242346 30
3813827420 102
3825964894 179
3834047911 171
3846291404 94
3863463209 66
3880856117 82
3896729982 100
3897441493 1
3930536579 51
3934144507 7
3954570302 26
3978014586 154
3985338750 119
4012176614 147
4020817277 126
4025582691 41
4028575057 81
4071585141 2
4106514720 68
4120563849 90
4136759817 167
4162517235 152
4168711638 168
4173604952 157
4231238145 120
4269563040 169
4277558944 62
