1800764 53
87484882 81
125896844 108
132851176 33
158100332 147
197722022 133
212966424 123
268465553 51
277378561 77
346763723 105
347327944 72
366165566 14
391851701 12
435153685 109
442087175 117
456854657 54
465915581 68
480126874 32
482554758 100
521460429 63
582418999 124
600757238 88
646992379 174
677338192 59
680353138 116
723386437 119
755509855 151
833957915 23
882923786 163
934031291 57
976519997 20
984515489 120
1029684725 135
1039775941 144
1061459597 178
1061673189 67
1102138352 153
1119750476 137
1145535496 95
1163785346 175
1165500044 142
1171145260 1
1199928407 56
1302911819 84
1324646409 0
1353077104 83
1399969279 46
1402099477 29
1404395783 122
1423943361 115
1433784421 79
1462563128 49
1473496205 64
1481700130 3
1490182304 62
1497564029 55
1506500056 18
1540789971 159
1565581772 31
1583240062 87
1593335970 143
1703074003 52
1723374255 113
1755211868 76
1780965381 141
1817977319 5
1832923198 27
1836837436 85
1854296563 99
1880656059 134
1902819574 177
1957456795 157
1965817051 34
1966862849 94
1967912122 136
1987706045 70
1991912470 148
2023365118 17
2034853916 86
2040735391 40
2054922385 128
2070794468 66
2071342302 166
2088744826 10
2115991866 24
2137655290 15
2191007551 170
2245017434 110
2273076216 11
2302936662 43
2321067875 44
2337471812 131
2352408356 28
2386566304 140
2420023489 160
2455595861 22
2493197103 125
2523580740 75
2533558194 146
2563637387 13
2564901090 21
2590626395 41
2612076060 176
2618357298 16
2663355169 6
2675243293 60
2677761041 111
2680647675 65
2689742369 48
2714344193 25
2736746253 152
2739454820 127
2751470307 172
2752981434 139
2819042102 38
2820570352 130
2877103839 106
2878053286 107
2881898293 2
2931281920 138
2946051437 92
2947818890 37
2975899179 93
3052336121 114
3118895249 30
3134364972 91
3159294203 154
3197165266 156
3210776703 39
3224180642 4
3236016622 36
3252655057 162
3279979113 145
3305405241 78
3310504013 167
3311786556 80
3326957411 50
3332444146 161
3345103274 89
3346435016 104
3369397036 132
3415828832 149
3419165889 90
3421043283 96
3453834671 35
3475802041 112
3576346154 169
3611753873 74
3640665415 19
3644108658 103
3650994493 61
3682404586 121
3705166655 8
3794242346 47
3813827420 102
3825964894 179
3834047911 173
3846291404 98
3863463209 71
3880856117 82
3896729982 101
3897441493 7
3930536579 45
3934144507 9
3954570302 42
3978014586 158
3985338750 118
4012176614 150
4020817277 129
4025582691 26
4028575057 73
4106514720 69
4120563849 97
4136759817 168
4162517235 155
4168711638 165
4173604952 164
4231238145 126
4269563040 171
4277558944 58
