1800764 23
87484882 90
125896844 96
132851176 38
158100332 157
197722022 137
212966424 130
268465553 17
277378561 89
346763723 109
347327944 81
391851701 30
409984302 2
435153685 113
442087175 127
456854657 11
465915581 73
480126874 15
482554758 94
521460429 40
582418999 121
600757238 72
646992379 175
677338192 62
680353138 123
723386437 111
755509855 129
795357209 3
833957915 50
882923786 166
934031291 69
972543760 6
976519997 20
984515489 115
1029684725 142
1039775941 138
1061459597 178
1061673189 54
1102138352 164
1119750476 144
1145535496 99
1163785346 174
1165500044 155
1171145260 19
1199928407 70
1302911819 51
1324646409 0
1353077104 63
1399969279 49
1402099477 21
1404395783 114
1411244463 12
1423943361 126
1433784421 79
1462563128 25
1473496205 44
1490182304 45
1497564029 29
1506500056 39
1540789971 151
1565581772 32
1583240062 86
1593335970 150
1703074003 34
1723374255 110
1755211868 85
1780965381 147
1817977319 24
1832923198 46
1836837436 84
1854296563 105
1880656059 139
1902819574 177
1957456795 141
1965817051 48
1966862849 61
1967912122 118
1979915395 4
1987706045 78
1991912470 161
2034853916 92
2040735391 41
2054922385 120
2070794468 66
2071342302 168
2088744826 33
2137655290 22
2191007551 152
2245017434 119
2273076216 8
2302936662 60
2321067875 58
2335376072 1
2337471812 136
2338681792 10
2352408356 52
2386566304 153
2420023489 160
2493197103 125
2523580740 87
2533558194 156
2563637387 35
2564901090 43
2590626395 27
2612076060 176
2675243293 75
2677761041 103
2680647675 65
2689742369 59
2714344193 16
2736746253 163
2739454820 132
2751470307 172
2752981434 128
2759781031 13
2819042102 57
2820570352 116
2877103839 112
2878053286 107
2931281920 146
2946051437 98
2947818890 55
2975899179 91
2979186596 5
3052336121 124
3118895249 9
3134364972 93
3159294203 131
3197165266 145
3210776703 53
3224180642 7
3236016622 56
3252655057 140
3279979113 149
3305405241 71
3310504013 169
3311786556 76
3326957411 37
3332444146 143
3345103274 88
3346435016 100
3369397036 135
3415828832 158
3419165889 95
3421043283 82
3453834671 18
3475802041 122
3576346154 148
3611753873 74
3637528652 14
3644108658 108
3650994493 67
3682404586 101
3705166655 31
3794242346 47
3813827420 102
3825964894 179
3834047911 173
3846291404 106
3863463209 80
3880856117 83
3896729982 97
3897441493 26
3930536579 42
3954570302 36
3978014586 159
3985338750 117
4012176614 162
4020817277 133
4025582691 28
4028575057 68
4106514720 77
4120563849 104
4136759817 170
4162517235 165
4168711638 154
4173604952 167
4231238145 134
4269563040 171
4277558944 64
