1800764 61
87484882 87
125896844 105
132851176 45
158100332 147
197722022 135
212966424 127
268465553 60
277378561 82
346763723 104
347327944 79
366165566 3
391851701 19
409984302 2
435153685 109
442087175 122
456854657 39
465915581 77
480126874 25
482554758 96
521460429 54
582418999 123
600757238 78
646992379 174
677338192 64
680353138 117
723386437 114
755509855 146
833957915 28
882923786 164
934031291 63
976519997 15
984515489 118
1029684725 136
1039775941 141
1061459597 178
1061673189 59
1102138352 161
1119750476 138
1145535496 100
1163785346 175
1165500044 148
1199928407 52
1302911819 70
1324646409 0
1353077104 72
1399969279 37
1402099477 22
1404395783 120
1423943361 119
1433784421 88
1462563128 30
1473496205 57
1481700130 12
1490182304 53
1497564029 42
1506500056 20
1540789971 154
1565581772 44
1583240062 95
1593335970 144
1703074003 58
1723374255 111
1755211868 85
1780965381 140
1817977319 4
1832923198 27
1836837436 83
1854296563 103
1880656059 134
1902819574 177
1957456795 151
1965817051 29
1966862849 84
1967912122 129
1987706045 76
1991912470 153
2023365118 8
2034853916 93
2040735391 48
2054922385 125
2070794468 73
2071342302 167
2088744826 13
2115991866 17
2137655290 11
2191007551 168
2245017434 112
2273076216 1
2302936662 46
2321067875 47
2337471812 132
2352408356 32
2386566304 142
2420023489 160
2455595861 14
2493197103 126
2523580740 81
2533558194 145
2563637387 18
2564901090 24
2590626395 49
2612076060 176
2618357298 5
2663355169 16
2675243293 62
2677761041 110
2680647675 71
2689742369 41
2714344193 40
2736746253 158
2739454820 128
2751470307 172
2752981434 137
2819042102 38
2820570352 124
2877103839 106
2878053286 107
2881898293 10
2931281920 139
2946051437 94
2947818890 35
2975899179 89
3052336121 121
3118895249 43
3134364972 90
3159294203 149
3197165266 152
3210776703 33
3224180642 9
3236016622 36
3252655057 157
3279979113 143
3305405241 69
3310504013 169
3311786556 74
3326957411 56
3332444146 156
3345103274 86
3346435016 102
3369397036 133
3415828832 150
3419165889 92
3421043283 91
3453834671 26
3475802041 113
3576346154 166
3611753873 68
3640665415 34
3644108658 108
3650994493 66
3682404586 116
3705166655 6
3794242346 51
3813827420 98
3825964894 179
3834047911 173
3846291404 101
3863463209 75
3880856117 80
3896729982 97
3897441493 7
3930536579 31
3934144507 21
3954570302 50
3978014586 155
3985338750 115
4012176614 159
4020817277 130
4025582691 23
4028575057 65
4106514720 67
4120563849 99
4136759817 170
4162517235 162
4168711638 163
4173604952 165
4231238145 131
4269563040 171
4277558944 55
