1800764 21
87484882 71
125896844 112
132851176 20
143419484 12
158100332 148
197722022 120
212966424 119
268465553 17
277378561 74
346763723 106
347327944 64
366165566 34
435153685 111
442087175 115
456854657 65
465915581 54
480126874 55
482554758 99
521460429 77
582418999 133
600757238 98
646992379 174
677338192 35
680353138 116
723386437 125
755509855 156
833957915 29
882923786 154
934031291 42
972543760 6
976519997 38
984515489 127
1029684725 122
1039775941 152
1061459597 178
1061673189 79
1102138352 150
1119750476 137
1145535496 80
1163785346 175
1165500044 138
1199928407 59
1302911819 96
1324646409 0
1353077104 94
1399969279 56
1402099477 52
1404395783 128
1423943361 113
1433784421 63
1462563128 60
1473496205 78
1490182304 76
1497564029 67
1506500056 28
1540789971 163
1565581772 13
1567831198 18
1583240062 69
1593335970 149
1703074003 23
1721069724 3
1723374255 117
1755211868 70
1780965381 142
1832923198 37
1836837436 91
1854296563 83
1880656059 129
1902819574 177
1957456795 162
1965817051 46
1966862849 101
1967912122 140
1987706045 61
1991912470 143
2023365118 40
2034853916 72
2040735391 22
2054922385 135
2070794468 47
2071342302 159
2088744826 9
2115991866 53
2137655290 30
2191007551 173
2245017434 105
2273076216 26
2302936662 33
2321067875 31
2335932329 7
2337471812 123
2338681792 14
2352408356 27
2386566304 139
2420023489 164
2455595861 48
2493197103 132
2523580740 73
2533558194 145
2563637387 10
2564901090 32
2590626395 15
2612076060 176
2618357298 36
2654090424 16
2675243293 62
2677761041 114
2680647675 44
2689742369 51
2714344193 4
2736746253 146
2739454820 124
2751470307 170
2752981434 144
2819042102 39
2820570352 136
2877103839 107
2878053286 109
2931281920 134
2946051437 84
2947818890 45
2975899179 97
3052336121 108
3118895249 1
3134364972 95
3159294203 160
3197165266 161
3210776703 49
3236016622 43
3252655057 167
3279979113 151
3305405241 92
3310504013 158
3311786556 89
3326957411 24
3332444146 166
3345103274 93
3346435016 104
3369397036 131
3415828832 153
3419165889 85
3421043283 102
3453834671 57
3475802041 110
3570828790 8
3576346154 172
3611753873 82
3644108658 88
3650994493 41
3682404586 130
3705166655 5
3794242346 25
3813827420 103
3825964894 179
3834047911 169
3846291404 90
3863463209 66
3880856117 86
3896729982 100
3930536579 58
3954570302 19
3978014586 157
3985338750 121
4012176614 141
4020817277 126
4025582691 50
4028575057 81
4071585141 11
4084769632 2
4106514720 75
4120563849 87
4136759817 165
4162517235 147
4168711638 168
4173604952 155
4231238145 118
4269563040 171
4277558944 68
