1800764 9
87484882 84
125896844 103
132851176 36
158100332 157
197722022 131
212966424 129
268465553 2
277378561 87
346763723 109
347327944 79
391851701 21
435153685 113
442087175 126
456854657 24
465915581 66
480126874 25
482554758 97
521460429 44
582418999 123
600757238 73
646992379 174
677338192 52
680353138 125
723386437 112
755509855 134
795357209 3
833957915 47
882923786 166
934031291 65
972543760 12
976519997 29
984515489 115
1029684725 138
1039775941 140
1061459597 178
1061673189 61
1102138352 165
1119750476 141
1145535496 94
1163785346 175
1165500044 149
1171145260 17
1199928407 70
1302911819 58
1324646409 0
1353077104 69
1399969279 51
1402099477 31
1404395783 114
1411244463 10
1423943361 124
1433784421 76
1462563128 35
1473496205 48
1490182304 49
1497564029 39
1506500056 41
1540789971 153
1565581772 18
1583240062 82
1593335970 152
1703074003 19
1723374255 111
1755211868 83
1780965381 147
1817977319 22
1832923198 45
1836837436 90
1854296563 98
1880656059 139
1902819574 177
1957456795 143
1965817051 50
1966862849 67
1967912122 119
1979915395 6
1987706045 77
1991912470 161
2034853916 85
2040735391 38
2054922385 121
2070794468 62
2071342302 168
2088744826 33
2137655290 32
2191007551 154
2245017434 116
2273076216 20
2302936662 57
2321067875 56
2337471812 135
2338681792 16
2352408356 46
2386566304 150
2420023489 162
2493197103 127
2523580740 86
2533558194 155
2563637387 34
2564901090 42
2590626395 13
2612076060 176
2616533013 1
2654090424 5
2675243293 74
2677761041 107
2680647675 60
2689742369 64
2714344193 8
2736746253 163
2739454820 132
2751470307 172
2752981434 128
2759781031 14
2819042102 59
2820570352 118
2877103839 110
2878053286 108
2931281920 144
2946051437 96
2947818890 54
2975899179 92
2979186596 11
3052336121 120
3134364972 93
3159294203 137
3197165266 146
3210776703 53
3224180642 4
3236016622 55
3252655057 142
3279979113 148
3305405241 72
3310504013 169
3311786556 80
3326957411 30
3332444146 145
3345103274 91
3346435016 104
3369397036 136
3415828832 158
3419165889 95
3421043283 88
3453834671 28
3475802041 122
3576346154 151
3611753873 75
3637528652 15
3644108658 99
3650994493 63
3682404586 106
3705166655 27
3794242346 40
3813827420 105
3825964894 179
3834047911 173
3846291404 102
3863463209 81
3880856117 89
3896729982 101
3897441493 23
3930536579 43
3954570302 26
3978014586 160
3985338750 117
4012176614 159
4020817277 133
4025582691 37
4028575057 71
4084769632 7
4106514720 78
4120563849 100
4136759817 170
4162517235 164
4168711638 156
4173604952 167
4231238145 130
4269563040 171
4277558944 68
