1800764 93
87484882 103
125896844 79
132851176 61
158100332 159
197722022 160
212966424 138
268465553 90
277378561 85
346763723 97
347327944 89
386235461 12
391851701 44
409984302 34
435153685 105
442087175 124
465915581 104
482554758 75
521460429 19
582418999 119
600757238 52
646992379 176
677338192 91
680353138 121
723386437 106
755509855 130
777434108 4
833957915 32
882923786 166
934031291 76
984515489 110
1029684725 152
1039775941 134
1061673189 31
1102138352 164
1119750476 137
1145535496 114
1163785346 175
1165500044 162
1171145260 15
1187002154 41
1199928407 51
1302911819 36
1315240339 26
1324646409 0
1353077104 43
1399969279 20
1404395783 111
1411244463 16
1423943361 127
1433784421 109
1462563128 1
1473496205 24
1481700130 47
1490182304 22
1497564029 3
1506500056 11
1540789971 148
1565581772 67
1583240062 115
1593335970 147
1703074003 83
1723374255 99
1755211868 95
1780965381 145
1817977319 25
1832923198 17
1836837436 63
1854296563 116
1880656059 141
1902819574 178
1957456795 139
1965817051 18
1966862849 50
1967912122 120
1987706045 94
1991912470 161
2034853916 108
2040735391 66
2054922385 118
2070794468 102
2071342302 169
2088744826 29
2180276089 7
2191007551 158
2245017434 128
2302936662 54
2321067875 55
2335376072 2
2337471812 136
2352408356 45
2386566304 155
2420023489 156
2493197103 122
2523580740 84
2533558194 157
2563637387 39
2564901090 13
2590626395 74
2612076060 177
2623420502 21
2663355169 53
2675243293 58
2677761041 92
2680647675 98
2689742369 35
2714344193 68
2736746253 163
2739454820 129
2751470307 173
2752981434 126
2759781031 5
2819042102 38
2820570352 117
2877103839 100
2878053286 86
2881898293 48
2931281920 150
2940397723 14
2946051437 96
2947745968 8
2947818890 30
2975899179 69
2976264608 6
3052336121 132
3118895249 71
3134364972 72
3159294203 135
3197165266 140
3210776703 27
3224180642 40
3236016622 33
3252655057 142
3279979113 144
3305405241 46
3310504013 172
3311786556 56
3326957411 77
3332444146 143
3345103274 65
3346435016 80
3369397036 133
3415828832 154
3419165889 88
3421043283 60
3439938365 10
3475802041 125
3576346154 151
3611753873 49
3640665415 62
3644108658 123
3650994493 87
3682404586 101
3705166655 23
3794242346 70
3813827420 82
3825964894 179
3834047911 174
3846291404 112
3863463209 81
3880856117 64
3896729982 78
3897441493 28
3930536579 9
3934144507 57
3954570302 73
3978014586 153
3985338750 113
4012176614 165
4020817277 131
4028575057 42
4106514720 59
4120563849 107
4136759817 171
4162517235 168
4168711638 149
4173604952 167
4231238145 146
4269563040 170
4277558944 37
