1800764 42
87484882 87
125896844 105
132851176 37
158100332 151
197722022 134
212966424 128
268465553 35
277378561 84
346763723 107
347327944 80
391851701 19
409984302 1
435153685 110
442087175 123
456854657 30
465915581 70
480126874 22
482554758 96
521460429 56
582418999 124
600757238 77
646992379 174
677338192 62
680353138 120
723386437 114
755509855 141
833957915 36
882923786 166
934031291 63
976519997 20
984515489 115
1029684725 137
1039775941 140
1061459597 178
1061673189 59
1102138352 162
1119750476 138
1145535496 97
1163785346 175
1165500044 147
1171145260 10
1199928407 60
1302911819 67
1324646409 0
1353077104 71
1399969279 48
1402099477 23
1404395783 117
1411244463 7
1423943361 121
1433784421 81
1462563128 32
1473496205 58
1490182304 57
1497564029 39
1506500056 28
1540789971 155
1565581772 31
1583240062 89
1593335970 146
1703074003 45
1723374255 111
1755211868 83
1780965381 142
1817977319 13
1832923198 34
1836837436 86
1854296563 100
1880656059 136
1902819574 177
1957456795 148
1965817051 40
1966862849 75
1967912122 126
1987706045 76
1991912470 156
2023365118 2
2034853916 90
2040735391 44
2054922385 125
2070794468 68
2071342302 168
2088744826 18
2115991866 11
2137655290 17
2191007551 165
2245017434 113
2273076216 12
2302936662 54
2321067875 53
2337471812 132
2338681792 6
2352408356 43
2386566304 144
2420023489 160
2455595861 8
2493197103 127
2523580740 82
2533558194 150
2563637387 21
2564901090 29
2590626395 33
2612076060 176
2618357298 5
2675243293 66
2677761041 109
2680647675 65
2689742369 55
2714344193 25
2736746253 159
2739454820 129
2751470307 172
2752981434 135
2759781031 4
2819042102 52
2820570352 122
2877103839 108
2878053286 106
2931281920 139
2946051437 95
2947818890 49
2975899179 92
3052336121 119
3118895249 24
3134364972 93
3159294203 143
3197165266 149
3210776703 46
3224180642 9
3236016622 50
3252655057 152
3279979113 145
3305405241 72
3310504013 169
3311786556 78
3326957411 47
3332444146 153
3345103274 88
3346435016 103
3369397036 133
3415828832 154
3419165889 94
3421043283 91
3453834671 27
3475802041 118
3576346154 164
3611753873 73
3637528652 3
3640665415 15
3644108658 104
3650994493 64
3682404586 112
3705166655 16
3794242346 51
3813827420 101
3825964894 179
3834047911 173
3846291404 102
3863463209 79
3880856117 85
3896729982 98
3897441493 14
3930536579 41
3954570302 38
3978014586 157
3985338750 116
4012176614 158
4020817277 131
4025582691 26
4028575057 69
4106514720 74
4120563849 99
4136759817 170
4162517235 163
4168711638 161
4173604952 167
4231238145 130
4269563040 171
4277558944 61
