1800764 157
87484882 125
97068523 78
125896844 6
132851176 117
158100332 139
197722022 169
212966424 152
268465553 158
277378561 98
346763723 64
347327944 108
386235461 95
391851701 91
409984302 89
435153685 62
442087175 105
465915581 147
482554758 42
548834259 4
582418999 37
646992379 176
677338192 144
680353138 86
715741596 73
723386437 5
725606561 35
755509855 44
777434108 90
789663515 79
795357209 19
833957915 30
849924382 77
882923786 167
905458755 60
934031291 115
960241349 1
984515489 16
1029684725 161
1039775941 76
1102138352 168
1119750476 113
1145535496 130
1163785346 170
1165500044 171
1171145260 52
1187002154 112
1199928407 43
1303866932 17
1315240339 97
1324646409 0
1378626860 18
1404395783 12
1411244463 66
1423943361 128
1433784421 150
1481700130 107
1506500056 3
1540789971 84
1565581772 127
1583240062 149
1593335970 106
1648888063 74
1687077153 21
1703074003 153
1723374255 13
1755211868 109
1780965381 110
1817977319 61
1836837436 32
1854296563 129
1878223483 22
1880656059 140
1957456795 58
1967912122 10
1979915395 33
1987706045 122
1991912470 163
2034853916 137
2040735391 121
2054922385 28
2070794468 148
2071342302 166
2088744826 59
2180276089 69
2191007551 67
2245017434 154
2302936662 82
2321067875 85
2335376072 47
2337471812 133
2352408356 75
2386566304 151
2420023489 99
2493197103 65
2523580740 100
2533558194 141
2563637387 80
2590626395 145
2612076060 178
2623420502 102
2663355169 126
2675243293 63
2680647675 146
2689742369 24
2714344193 134
2727339584 11
2736746253 165
2739454820 118
2751470307 174
2752981434 53
2759781031 48
2819042102 38
2820570352 15
2877103839 72
2878053286 25
2881898293 114
2931281920 156
2939038785 31
2940397723 96
2946051437 93
2947745968 83
2947818890 8
2975899179 26
2976264608 88
3052336121 159
3109774447 71
3118895249 142
3134364972 45
3159294203 46
3162794093 23
3197165266 70
3210776703 2
3224180642 92
3236016622 14
3252655057 54
3255384253 20
3279979113 101
3310504013 177
3326957411 143
3332444146 56
3345103274 27
3346435016 34
3369397036 119
3415828832 124
3419165889 87
3439938365 94
3475802041 136
3576346154 57
3576952995 50
3637528652 9
3640665415 138
3644108658 155
3650994493 132
3705166655 55
3794242346 123
3813827420 51
3825964894 179
3846291404 116
3863463209 103
3880856117 41
3896729982 49
3897441493 68
3934144507 131
3954570302 135
3978014586 104
3985338750 40
4012176614 173
4020817277 120
4074327253 29
4088869787 36
4106514720 39
4120563849 111
4123558703 7
4136759817 172
4162517235 175
4168711638 81
4173604952 164
4231238145 160
4269563040 162
