1800764 9
87484882 69
125896844 112
132851176 17
143419484 20
158100332 148
197722022 116
212966424 118
268465553 6
277378561 74
346763723 106
347327944 64
366165566 38
435153685 111
442087175 114
456854657 67
465915581 44
480126874 55
482554758 99
521460429 77
582418999 134
600757238 98
646992379 174
677338192 28
680353138 119
723386437 126
755509855 158
833957915 32
882923786 154
934031291 39
972543760 11
976519997 43
984515489 128
1029684725 121
1039775941 153
1061459597 177
1061673189 80
1102138352 149
1119750476 138
1145535496 79
1163785346 176
1165500044 135
1199928407 61
1302911819 96
1324646409 0
1353077104 95
1399969279 56
1402099477 54
1404395783 131
1423943361 113
1433784421 60
1462563128 63
1473496205 78
1490182304 76
1497564029 71
1506500056 30
1540789971 164
1565581772 4
1567831198 25
1583240062 66
1593335970 150
1703074003 16
1721069724 10
1723374255 120
1755211868 68
1780965381 142
1832923198 42
1836837436 91
1854296563 81
1880656059 127
1902819574 178
1957456795 163
1965817051 48
1966862849 101
1967912122 140
1987706045 59
1991912470 143
2023365118 45
2034853916 70
2040735391 22
2054922385 136
2070794468 37
2071342302 157
2088744826 12
2115991866 53
2137655290 33
2191007551 173
2245017434 104
2273076216 27
2302936662 31
2321067875 29
2335932329 13
2337471812 123
2338681792 21
2352408356 26
2386566304 139
2420023489 165
2455595861 49
2493197103 132
2523580740 73
2533558194 145
2563637387 7
2564901090 34
2590626395 2
2612076060 175
2618357298 41
2654090424 23
2675243293 62
2677761041 117
2680647675 36
2689742369 51
2736746253 146
2739454820 124
2751470307 170
2752981434 147
2819042102 40
2820570352 137
2877103839 107
2878053286 110
2931281920 133
2946051437 83
2947818890 47
2975899179 97
2979186596 5
3052336121 108
3134364972 94
3159294203 160
3197165266 161
3210776703 50
3236016622 46
3252655057 167
3279979113 151
3305405241 92
3310504013 156
3311786556 90
3326957411 19
3332444146 166
3345103274 93
3346435016 105
3369397036 129
3415828832 152
3419165889 85
3421043283 102
3453834671 57
3475802041 109
3570828790 15
3576346154 172
3611753873 88
3637528652 1
3644108658 82
3650994493 35
3682404586 130
3705166655 3
3794242346 24
3813827420 103
3825964894 179
3834047911 169
3846291404 87
3863463209 65
3880856117 89
3896729982 100
3930536579 58
3954570302 14
3978014586 159
3985338750 122
4012176614 141
4020817277 125
4025582691 52
4028575057 86
4071585141 18
4084769632 8
4106514720 75
4120563849 84
4136759817 162
4162517235 144
4168711638 168
4173604952 155
4231238145 115
4269563040 171
4277558944 72
