1800764 113
87484882 116
97068523 17
125896844 48
132851176 85
158100332 154
197722022 160
212966424 152
268465553 112
277378561 94
346763723 83
347327944 104
386235461 38
391851701 61
409984302 50
435153685 84
442087175 132
465915581 125
482554758 66
582418999 82
600757238 10
646992379 175
677338192 111
680353138 114
723386437 60
725606561 4
755509855 102
777434108 31
789663515 14
795357209 5
833957915 28
849924382 19
882923786 166
934031291 97
984515489 74
1029684725 159
1039775941 124
1102138352 163
1119750476 143
1145535496 128
1163785346 174
1165500044 164
1171145260 26
1187002154 57
1199928407 45
1315240339 46
1324646409 0
1399969279 2
1404395783 73
1411244463 37
1423943361 138
1433784421 131
1481700130 70
1506500056 12
1540789971 135
1565581772 90
1583240062 133
1593335970 146
1648888063 11
1703074003 110
1723374255 64
1755211868 107
1780965381 145
1817977319 40
1832923198 13
1836837436 56
1854296563 129
1880656059 150
1902819574 178
1957456795 119
1965817051 6
1967912122 78
1979915395 15
1987706045 108
1991912470 161
2034853916 127
2040735391 88
2054922385 80
2070794468 123
2071342302 167
2088744826 42
2180276089 27
2191007551 130
2245017434 148
2302936662 68
2321067875 69
2335376072 21
2337471812 149
2352408356 54
2386566304 157
2420023489 144
2493197103 101
2523580740 96
2533558194 155
2563637387 52
2564901090 8
2590626395 100
2612076060 177
2623420502 44
2663355169 75
2675243293 62
2677761041 49
2680647675 121
2689742369 32
2714344193 91
2736746253 162
2739454820 137
2751470307 172
2752981434 103
2759781031 24
2819042102 41
2820570352 77
2877103839 86
2878053286 65
2881898293 71
2931281920 158
2940397723 39
2946051437 99
2947745968 36
2947818890 23
2975899179 55
2976264608 33
3052336121 153
3109774447 22
3118895249 93
3134364972 63
3159294203 106
3197165266 122
3210776703 16
3224180642 59
3236016622 25
3252655057 115
3279979113 136
3305405241 9
3310504013 173
3311786556 30
3326957411 105
3332444146 118
3345103274 53
3346435016 67
3369397036 142
3415828832 151
3419165889 89
3421043283 35
3439938365 29
3475802041 139
3576346154 126
3576952995 1
3611753873 18
3637528652 3
3640665415 87
3644108658 141
3650994493 109
3682404586 47
3705166655 34
3794242346 92
3813827420 76
3825964894 179
3834047911 176
3846291404 120
3863463209 95
3880856117 58
3896729982 72
3897441493 43
3934144507 79
3954570302 98
3978014586 147
3985338750 81
4012176614 169
4020817277 140
4028575057 7
4106514720 51
4120563849 117
4136759817 171
4162517235 170
4168711638 134
4173604952 165
4231238145 156
4269563040 168
4277558944 20
