1800764 68
87484882 106
125896844 79
132851176 61
158100332 160
197722022 157
212966424 146
268465553 63
277378561 99
346763723 105
347327944 98
391851701 50
409984302 26
435153685 111
442087175 127
465915581 95
482554758 85
521460429 10
582418999 117
600757238 48
646992379 176
677338192 83
680353138 123
723386437 91
755509855 125
795357209 9
833957915 44
882923786 167
934031291 80
984515489 103
1029684725 154
1039775941 134
1061673189 22
1102138352 164
1119750476 143
1145535496 119
1163785346 175
1165500044 161
1171145260 25
1187002154 4
1199928407 57
1302911819 17
1315240339 3
1324646409 0
1353077104 36
1399969279 29
1404395783 102
1411244463 24
1423943361 133
1433784421 107
1473496205 14
1481700130 31
1490182304 15
1497564029 1
1506500056 27
1540789971 142
1565581772 58
1583240062 114
1593335970 151
1703074003 71
1723374255 94
1755211868 101
1780965381 149
1817977319 34
1832923198 33
1836837436 75
1854296563 120
1880656059 148
1902819574 178
1957456795 131
1965817051 32
1966862849 30
1967912122 109
1979915395 12
1987706045 96
1991912470 162
2034853916 112
2040735391 66
2054922385 115
2070794468 89
2071342302 169
2088744826 39
2137655290 7
2180276089 16
2191007551 140
2245017434 129
2302936662 62
2321067875 64
2335376072 11
2337471812 145
2338681792 5
2352408356 56
2386566304 158
2420023489 152
2493197103 121
2523580740 97
2533558194 159
2563637387 47
2564901090 28
2590626395 60
2612076060 177
2663355169 21
2675243293 73
2677761041 81
2680647675 88
2689742369 52
2714344193 55
2736746253 163
2739454820 138
2751470307 173
2752981434 124
2759781031 20
2819042102 53
2820570352 108
2877103839 110
2878053286 90
2881898293 23
2931281920 155
2946051437 104
2947745968 8
2947818890 41
2975899179 77
2979186596 2
3052336121 137
3118895249 54
3134364972 82
3159294203 126
3197165266 135
3210776703 40
3224180642 38
3236016622 43
3252655057 128
3279979113 147
3305405241 45
3310504013 172
3311786556 59
3326957411 70
3332444146 132
3345103274 74
3346435016 86
3369397036 141
3415828832 156
3419165889 100
3421043283 67
3475802041 130
3576346154 136
3611753873 51
3637528652 13
3640665415 46
3644108658 122
3650994493 84
3682404586 78
3705166655 35
3794242346 69
3813827420 93
3825964894 179
3834047911 174
3846291404 118
3863463209 92
3880856117 76
3896729982 87
3897441493 37
3930536579 18
3934144507 19
3954570302 65
3978014586 153
3985338750 113
4012176614 165
4020817277 139
4025582691 6
4028575057 42
4106514720 72
4120563849 116
4136759817 171
4162517235 166
4168711638 144
4173604952 168
4231238145 150
4269563040 170
4277558944 49
