1800764 136
87484882 139
97068523 32
125896844 141
132851176 100
143419484 13
158100332 196
197722022 189
212966424 178
268465553 137
277378561 123
346763723 144
347327944 125
366165566 33
386235461 62
391851701 79
409984302 70
435153685 150
442087175 164
456854657 68
465915581 142
480126874 47
482554758 124
521460429 82
582418999 163
600757238 102
646992379 220
677338192 130
680353138 162
715741596 21
723386437 156
725606561 19
755509855 187
777434108 50
789663515 30
795357209 25
833957915 67
849924382 28
882923786 211
905458755 14
934031291 115
960241349 2
972543760 22
976519997 38
984515489 160
1029684725 185
1039775941 182
1061459597 223
1061673189 85
1102138352 207
1119750476 180
1145535496 151
1163785346 219
1165500044 204
1171145260 46
1187002154 86
1199928407 88
1302911819 98
1303866932 16
1315240339 66
1324646409 0
1353077104 99
1399969279 65
1402099477 44
1404395783 161
1411244463 49
1423943361 170
1433784421 148
1462563128 58
1473496205 83
1481700130 87
1490182304 81
1497564029 72
1506500056 52
1540789971 197
1565581772 105
1567831198 17
1583240062 152
1593335970 188
1648888063 23
1703074003 131
1721069724 9
1723374255 155
1755211868 132
1780965381 183
1817977319 55
1832923198 57
1836837436 111
1854296563 154
1880656059 179
1902819574 222
1957456795 192
1965817051 61
1966862849 107
1967912122 171
1979915395 29
1987706045 128
1991912470 203
2023365118 36
2034853916 147
2040735391 104
2054922385 166
2070794468 140
2071342302 213
2088744826 59
2115991866 42
2137655290 37
2180276089 41
2191007551 208
2245017434 168
2273076216 26
2302936662 90
2321067875 91
2335376072 34
2335932329 5
2337471812 177
2338681792 24
2352408356 80
2386566304 191
2420023489 201
2455595861 39
2493197103 169
2523580740 122
2533558194 194
2563637387 75
2564901090 54
2590626395 119
2612076060 221
2616533013 11
2618357298 35
2623420502 74
2654090424 18
2663355169 93
2675243293 94
2677761041 153
2680647675 138
2689742369 78
2714344193 108
2727339584 3
2736746253 205
2739454820 173
2751470307 217
2752981434 176
2759781031 40
2819042102 77
2820570352 165
2877103839 145
2878053286 143
2881898293 89
2931281920 186
2940397723 63
2946051437 135
2947745968 43
2947818890 71
2975899179 116
2976264608 48
2979186596 20
3044575483 7
3052336121 172
3109774447 27
3118895249 113
3134364972 118
3159294203 190
3197165266 193
3210776703 69
3224180642 76
3236016622 73
3238789951 1
3252655057 199
3279979113 184
3305405241 96
3310504013 216
3311786556 101
3326957411 120
3332444146 198
3345103274 112
3346435016 134
3369397036 175
3415828832 195
3419165889 129
3421043283 117
3439938365 64
3453834671 51
3475802041 167
3516413806 8
3570828790 4
3576346154 206
3576952995 12
3611753873 95
3637528652 31
3640665415 109
3644108658 159
3650994493 126
3682404586 158
3705166655 53
3794242346 106
3813827420 133
3825964894 224
3834047911 218
3846291404 149
3863463209 121
3880856117 110
3896729982 127
3897441493 56
3930536579 60
3934144507 103
3954570302 114
3978014586 200
3985338750 157
4012176614 209
4020817277 174
4025582691 45
4028575057 92
4071585141 10
4074327253 6
4084769632 15
4106514720 97
4120563849 146
4136759817 214
4162517235 210
4168711638 202
4173604952 212
4231238145 181
4269563040 215
4277558944 84
