1800764 18
87484882 82
125896844 105
132851176 29
158100332 150
197722022 130
212966424 127
268465553 11
277378561 86
346763723 106
347327944 73
366165566 6
391851701 15
435153685 111
442087175 122
456854657 39
465915581 61
480126874 34
482554758 101
521460429 62
582418999 124
600757238 85
646992379 174
677338192 50
680353138 121
723386437 116
755509855 141
833957915 43
882923786 166
934031291 60
972543760 7
976519997 32
984515489 117
1029684725 134
1039775941 143
1061459597 178
1061673189 66
1102138352 160
1119750476 138
1145535496 91
1163785346 175
1165500044 140
1171145260 9
1199928407 65
1302911819 70
1324646409 0
1353077104 75
1399969279 55
1402099477 35
1404395783 119
1423943361 118
1433784421 71
1462563128 42
1473496205 64
1490182304 63
1497564029 45
1506500056 38
1540789971 159
1565581772 21
1583240062 79
1593335970 147
1703074003 26
1723374255 112
1755211868 81
1780965381 144
1817977319 13
1832923198 44
1836837436 89
1854296563 97
1880656059 136
1902819574 177
1957456795 149
1965817051 46
1966862849 80
1967912122 126
1987706045 69
1991912470 153
2023365118 10
2034853916 84
2040735391 30
2054922385 125
2070794468 58
2071342302 168
2088744826 23
2115991866 22
2137655290 31
2191007551 165
2245017434 110
2273076216 25
2302936662 48
2321067875 47
2337471812 133
2338681792 16
2352408356 41
2386566304 142
2420023489 162
2455595861 19
2493197103 128
2523580740 83
2533558194 148
2563637387 24
2564901090 40
2590626395 17
2612076060 176
2618357298 12
2654090424 5
2675243293 68
2677761041 109
2680647675 56
2689742369 59
2714344193 4
2736746253 157
2739454820 131
2751470307 173
2752981434 137
2759781031 2
2819042102 53
2820570352 123
2877103839 108
2878053286 107
2931281920 139
2946051437 95
2947818890 54
2975899179 94
2979186596 3
3052336121 114
3118895249 1
3134364972 96
3159294203 145
3197165266 152
3210776703 52
3236016622 51
3252655057 154
3279979113 146
3305405241 76
3310504013 169
3311786556 87
3326957411 28
3332444146 155
3345103274 90
3346435016 104
3369397036 135
3415828832 156
3419165889 92
3421043283 93
3453834671 36
3475802041 115
3576346154 164
3611753873 77
3637528652 8
3644108658 99
3650994493 57
3682404586 113
3705166655 20
3794242346 33
3813827420 103
3825964894 179
3834047911 172
3846291404 100
3863463209 74
3880856117 88
3896729982 102
3897441493 14
3930536579 49
3954570302 27
3978014586 161
3985338750 120
4012176614 151
4020817277 132
4025582691 37
4028575057 72
4106514720 78
4120563849 98
4136759817 170
4162517235 158
4168711638 163
4173604952 167
4231238145 129
4269563040 171
4277558944 67
