1800764 56
87484882 116
125896844 71
132851176 68
158100332 157
197722022 159
212966424 151
268465553 53
277378561 106
346763723 107
347327944 104
391851701 54
409984302 31
435153685 110
442087175 135
465915581 99
482554758 89
582418999 101
600757238 26
646992379 176
677338192 91
680353138 131
723386437 72
725606561 13
755509855 108
795357209 20
833957915 52
882923786 167
934031291 92
972543760 9
984515489 85
1029684725 158
1039775941 133
1061673189 14
1102138352 164
1119750476 145
1145535496 127
1163785346 174
1165500044 162
1171145260 38
1199928407 67
1303866932 11
1324646409 0
1353077104 17
1399969279 27
1404395783 84
1411244463 37
1423943361 139
1433784421 114
1473496205 1
1481700130 25
1490182304 3
1506500056 35
1540789971 136
1565581772 62
1583240062 119
1593335970 149
1703074003 63
1723374255 81
1755211868 112
1780965381 148
1817977319 42
1832923198 36
1836837436 79
1854296563 129
1880656059 152
1902819574 178
1957456795 125
1965817051 33
1966862849 7
1967912122 82
1979915395 22
1987706045 103
1991912470 161
2034853916 118
2040735391 70
2054922385 97
2070794468 96
2071342302 169
2088744826 48
2137655290 6
2180276089 24
2191007551 128
2245017434 137
2302936662 73
2321067875 75
2335376072 21
2337471812 150
2338681792 12
2352408356 64
2386566304 160
2420023489 146
2493197103 121
2523580740 105
2533558194 155
2563637387 55
2564901090 34
2590626395 60
2612076060 177
2663355169 16
2675243293 80
2677761041 66
2680647675 95
2689742369 57
2714344193 51
2736746253 163
2739454820 140
2751470307 173
2752981434 117
2759781031 30
2819042102 61
2820570352 86
2877103839 111
2878053286 87
2881898293 19
2931281920 156
2946051437 115
2947745968 15
2947818890 46
2975899179 78
2979186596 10
3044575483 2
3052336121 144
3109774447 5
3118895249 47
3134364972 88
3159294203 113
3197165266 130
3210776703 41
3224180642 40
3236016622 49
3252655057 120
3279979113 142
3305405241 28
3310504013 172
3311786556 59
3326957411 69
3332444146 122
3345103274 77
3346435016 90
3369397036 143
3415828832 154
3419165889 109
3421043283 58
3475802041 138
3516413806 4
3576346154 123
3611753873 39
3637528652 23
3640665415 32
3644108658 132
3650994493 94
3682404586 50
3705166655 43
3794242346 74
3813827420 98
3825964894 179
3834047911 175
3846291404 126
3863463209 102
3880856117 83
3896729982 93
3897441493 45
3930536579 18
3934144507 8
3954570302 65
3978014586 147
3985338750 100
4012176614 165
4020817277 141
4028575057 29
4106514720 76
4120563849 124
4136759817 171
4162517235 168
4168711638 134
4173604952 166
4231238145 153
4269563040 170
4277558944 44
