1800764 34
87484882 85
125896844 105
132851176 33
158100332 149
197722022 134
212966424 128
268465553 31
277378561 84
346763723 106
347327944 77
366165566 4
391851701 17
435153685 109
442087175 122
456854657 36
465915581 68
480126874 25
482554758 97
521460429 56
582418999 124
600757238 80
646992379 174
677338192 59
680353138 121
723386437 114
755509855 143
833957915 39
882923786 166
934031291 61
976519997 23
984515489 118
1029684725 136
1039775941 140
1061459597 178
1061673189 64
1102138352 160
1119750476 138
1145535496 96
1163785346 175
1165500044 144
1171145260 8
1199928407 60
1302911819 69
1324646409 0
1353077104 73
1399969279 51
1402099477 24
1404395783 119
1411244463 2
1423943361 120
1433784421 78
1462563128 38
1473496205 58
1490182304 57
1497564029 47
1506500056 29
1540789971 157
1565581772 26
1583240062 87
1593335970 147
1703074003 41
1723374255 111
1755211868 82
1780965381 141
1817977319 11
1832923198 40
1836837436 89
1854296563 99
1880656059 135
1902819574 177
1957456795 150
1965817051 44
1966862849 79
1967912122 127
1987706045 71
1991912470 155
2023365118 7
2034853916 88
2040735391 37
2054922385 125
2070794468 66
2071342302 168
2088744826 18
2115991866 16
2137655290 22
2191007551 165
2245017434 112
2273076216 14
2302936662 54
2321067875 53
2337471812 132
2338681792 6
2352408356 43
2386566304 142
2420023489 162
2455595861 12
2493197103 126
2523580740 83
2533558194 148
2563637387 20
2564901090 32
2590626395 27
2612076060 176
2618357298 9
2675243293 67
2677761041 110
2680647675 65
2689742369 55
2714344193 21
2736746253 158
2739454820 130
2751470307 172
2752981434 137
2759781031 1
2819042102 52
2820570352 123
2877103839 108
2878053286 107
2931281920 139
2946051437 95
2947818890 49
2975899179 91
3052336121 116
3118895249 19
3134364972 93
3159294203 146
3197165266 151
3210776703 48
3224180642 5
3236016622 50
3252655057 153
3279979113 145
3305405241 74
3310504013 169
3311786556 81
3326957411 42
3332444146 154
3345103274 90
3346435016 104
3369397036 133
3415828832 152
3419165889 94
3421043283 92
3453834671 30
3475802041 115
3576346154 164
3611753873 72
3637528652 3
3640665415 10
3644108658 103
3650994493 62
3682404586 113
3705166655 15
3794242346 45
3813827420 102
3825964894 179
3834047911 173
3846291404 101
3863463209 76
3880856117 86
3896729982 100
3897441493 13
3930536579 46
3954570302 35
3978014586 159
3985338750 117
4012176614 156
4020817277 131
4025582691 28
4028575057 70
4106514720 75
4120563849 98
4136759817 170
4162517235 161
4168711638 163
4173604952 167
4231238145 129
4269563040 171
4277558944 63
