87484882 62
125896844 114
132851176 1
143419484 27
158100332 148
197722022 111
212966424 116
277378561 71
346763723 109
347327944 57
366165566 39
435153685 112
442087175 118
456854657 72
465915581 28
480126874 60
482554758 103
521460429 80
582418999 136
600757238 99
646992379 174
677338192 17
680353138 120
723386437 129
755509855 159
833957915 35
882923786 154
934031291 32
972543760 18
976519997 48
984515489 132
1029684725 117
1039775941 155
1061459597 175
1061673189 85
1102138352 145
1119750476 138
1145535496 75
1163785346 178
1165500044 127
1171145260 4
1199928407 63
1302911819 93
1324646409 0
1353077104 95
1399969279 65
1402099477 58
1404395783 133
1423943361 110
1433784421 37
1462563128 69
1473496205 82
1490182304 79
1497564029 74
1506500056 38
1540789971 165
1567831198 31
1583240062 49
1593335970 150
1721069724 22
1723374255 121
1755211868 66
1780965381 146
1817977319 6
1832923198 46
1836837436 90
1854296563 77
1880656059 124
1902819574 177
1957456795 164
1965817051 54
1966862849 100
1967912122 143
1987706045 45
1991912470 142
2023365118 43
2034853916 59
2040735391 3
2054922385 137
2070794468 23
2071342302 157
2088744826 12
2115991866 52
2137655290 41
2191007551 173
2245017434 97
2273076216 36
2302936662 34
2321067875 33
2335932329 15
2337471812 122
2338681792 26
2352408356 30
2386566304 140
2420023489 166
2455595861 47
2493197103 134
2523580740 70
2533558194 147
2563637387 9
2564901090 40
2612076060 176
2616533013 14
2618357298 44
2654090424 29
2675243293 67
2677761041 119
2680647675 21
2689742369 53
2736746253 144
2739454820 123
2751470307 169
2752981434 149
2819042102 42
2820570352 139
2877103839 108
2878053286 113
2931281920 128
2946051437 84
2947818890 51
2975899179 98
2979186596 16
3052336121 101
3134364972 96
3159294203 161
3197165266 162
3210776703 55
3236016622 50
3238789951 2
3252655057 168
3279979113 151
3305405241 92
3310504013 152
3311786556 91
3332444146 167
3345103274 94
3346435016 106
3369397036 130
3415828832 153
3419165889 86
3421043283 105
3453834671 64
3475802041 107
3570828790 19
3576346154 172
3611753873 89
3637528652 13
3644108658 73
3650994493 24
3682404586 131
3705166655 10
3735285954 11
3794242346 8
3813827420 104
3825964894 179
3834047911 163
3846291404 83
3863463209 61
3880856117 87
3896729982 102
3897441493 5
3930536579 68
3978014586 160
3985338750 125
4012176614 135
4020817277 126
4025582691 56
4028575057 88
4044901966 7
4071585141 25
4084769632 20
4106514720 78
4120563849 81
4136759817 158
4162517235 141
4168711638 170
4173604952 156
4231238145 115
4269563040 171
4277558944 76
