1800764 58
87484882 102
125896844 83
132851176 60
158100332 159
197722022 152
212966424 141
268465553 52
277378561 94
346763723 108
347327944 91
391851701 40
409984302 21
435153685 112
442087175 127
465915581 84
482554758 87
521460429 16
582418999 119
600757238 51
646992379 175
677338192 73
680353138 122
723386437 98
755509855 124
795357209 9
833957915 46
882923786 166
934031291 74
976519997 2
984515489 107
1029684725 151
1039775941 134
1061459597 178
1061673189 27
1102138352 163
1119750476 143
1145535496 114
1163785346 174
1165500044 160
1171145260 24
1199928407 65
1302911819 25
1324646409 0
1353077104 39
1399969279 34
1402099477 1
1404395783 105
1411244463 22
1423943361 129
1433784421 99
1462563128 3
1473496205 19
1481700130 17
1490182304 20
1497564029 4
1506500056 32
1540789971 144
1565581772 55
1583240062 106
1593335970 150
1703074003 62
1723374255 100
1755211868 97
1780965381 149
1817977319 28
1832923198 36
1836837436 77
1854296563 117
1880656059 145
1902819574 177
1957456795 131
1965817051 35
1966862849 38
1967912122 111
1979915395 12
1987706045 89
1991912470 161
2034853916 104
2040735391 63
2054922385 118
2070794468 81
2071342302 168
2088744826 37
2137655290 7
2180276089 13
2191007551 140
2245017434 126
2302936662 66
2321067875 67
2335376072 10
2337471812 142
2338681792 5
2352408356 57
2386566304 157
2420023489 153
2493197103 121
2523580740 93
2533558194 158
2563637387 42
2564901090 33
2590626395 54
2612076060 176
2663355169 11
2675243293 71
2677761041 86
2680647675 80
2689742369 53
2714344193 45
2736746253 162
2739454820 136
2751470307 172
2752981434 123
2759781031 18
2819042102 56
2820570352 110
2877103839 109
2878053286 95
2881898293 14
2931281920 155
2946051437 103
2947818890 44
2975899179 79
3052336121 133
3118895249 43
3134364972 85
3159294203 125
3197165266 135
3210776703 41
3224180642 26
3236016622 47
3252655057 130
3279979113 148
3305405241 49
3310504013 171
3311786556 69
3326957411 64
3332444146 132
3345103274 76
3346435016 92
3369397036 139
3415828832 156
3419165889 101
3421043283 70
3475802041 128
3576346154 138
3611753873 59
3637528652 15
3640665415 29
3644108658 120
3650994493 75
3682404586 82
3705166655 30
3794242346 68
3813827420 96
3825964894 179
3834047911 173
3846291404 116
3863463209 88
3880856117 78
3896729982 90
3897441493 31
3930536579 23
3934144507 6
3954570302 61
3978014586 154
3985338750 115
4012176614 164
4020817277 137
4025582691 8
4028575057 48
4106514720 72
4120563849 113
4136759817 170
4162517235 165
4168711638 146
4173604952 167
4231238145 147
4269563040 169
4277558944 50
