1800764 107
87484882 110
97068523 4
125896844 66
132851176 71
158100332 157
197722022 160
212966424 149
268465553 105
277378561 89
346763723 88
347327944 96
386235461 32
391851701 51
409984302 44
435153685 95
442087175 124
465915581 114
482554758 67
582418999 109
600757238 39
646992379 176
677338192 104
680353138 121
723386437 82
755509855 125
777434108 19
833957915 33
849924382 5
882923786 166
934031291 84
984515489 93
1029684725 159
1039775941 128
1061673189 11
1102138352 164
1119750476 139
1145535496 119
1163785346 174
1165500044 162
1171145260 18
1187002154 50
1199928407 46
1302911819 15
1315240339 42
1324646409 0
1353077104 23
1399969279 10
1404395783 92
1411244463 24
1423943361 130
1433784421 118
1473496205 3
1481700130 54
1490182304 1
1506500056 9
1540789971 143
1565581772 77
1583240062 122
1593335970 150
1703074003 102
1723374255 80
1755211868 98
1780965381 146
1817977319 31
1832923198 13
1836837436 60
1854296563 120
1880656059 148
1902819574 178
1957456795 131
1965817051 12
1966862849 28
1967912122 106
1979915395 2
1987706045 100
1991912470 161
2034853916 116
2040735391 75
2054922385 108
2070794468 112
2071342302 168
2088744826 37
2180276089 16
2191007551 147
2245017434 135
2302936662 56
2321067875 58
2335376072 7
2337471812 142
2352408356 49
2386566304 158
2420023489 152
2493197103 117
2523580740 90
2533558194 155
2563637387 45
2564901090 8
2590626395 87
2612076060 177
2623420502 40
2663355169 63
2675243293 57
2677761041 69
2680647675 111
2689742369 38
2714344193 78
2736746253 163
2739454820 136
2751470307 173
2752981434 123
2759781031 14
2819042102 43
2820570352 103
2877103839 94
2878053286 72
2881898293 55
2931281920 156
2940397723 34
2946051437 97
2947745968 20
2947818890 22
2975899179 62
2976264608 21
3052336121 144
3109774447 6
3118895249 81
3134364972 64
3159294203 127
3197165266 134
3210776703 17
3224180642 48
3236016622 25
3252655057 132
3279979113 140
3305405241 35
3310504013 172
3311786556 47
3326957411 91
3332444146 133
3345103274 59
3346435016 68
3369397036 138
3415828832 154
3419165889 85
3421043283 52
3439938365 27
3475802041 129
3576346154 141
3611753873 41
3640665415 76
3644108658 126
3650994493 99
3682404586 73
3705166655 26
3794242346 79
3813827420 74
3825964894 179
3834047911 175
3846291404 115
3863463209 86
3880856117 61
3896729982 70
3897441493 36
3934144507 65
3954570302 83
3978014586 151
3985338750 101
4012176614 167
4020817277 137
4028575057 30
4106514720 53
4120563849 113
4136759817 171
4162517235 169
4168711638 145
4173604952 165
4231238145 153
4269563040 170
4277558944 29
