87484882 70
125896844 110
132851176 6
143419484 22
158100332 149
197722022 115
212966424 118
277378561 77
346763723 107
347327944 65
366165566 29
391851701 3
435153685 112
442087175 119
456854657 59
465915581 32
480126874 50
482554758 102
521460429 72
582418999 131
600757238 95
646992379 174
677338192 25
680353138 121
723386437 122
755509855 153
833957915 43
882923786 157
934031291 37
972543760 21
976519997 44
984515489 125
1029684725 123
1039775941 151
1061459597 176
1061673189 78
1102138352 148
1119750476 139
1145535496 79
1163785346 178
1165500044 136
1171145260 5
1199928407 66
1302911819 83
1324646409 0
1353077104 90
1399969279 63
1402099477 49
1404395783 126
1423943361 113
1433784421 46
1462563128 60
1473496205 76
1490182304 73
1497564029 64
1506500056 42
1540789971 165
1567831198 23
1583240062 61
1593335970 150
1721069724 17
1723374255 116
1755211868 71
1780965381 145
1817977319 10
1832923198 48
1836837436 96
1854296563 82
1880656059 130
1902819574 177
1957456795 158
1965817051 55
1966862849 94
1967912122 138
1987706045 56
1991912470 144
2023365118 31
2034853916 67
2040735391 8
2054922385 134
2070794468 28
2071342302 162
2088744826 16
2115991866 39
2137655290 41
2191007551 171
2245017434 101
2273076216 35
2302936662 40
2321067875 38
2337471812 127
2338681792 26
2352408356 33
2386566304 141
2420023489 167
2455595861 36
2493197103 135
2523580740 74
2533558194 147
2563637387 12
2564901090 45
2612076060 175
2616533013 11
2618357298 34
2654090424 24
2675243293 69
2677761041 114
2680647675 27
2689742369 58
2736746253 146
2739454820 128
2751470307 172
2752981434 142
2759781031 4
2819042102 47
2820570352 132
2877103839 108
2878053286 111
2931281920 137
2946051437 89
2947818890 54
2975899179 99
2979186596 18
3052336121 106
3134364972 98
3159294203 155
3197165266 159
3210776703 57
3236016622 53
3252655057 161
3279979113 152
3305405241 88
3310504013 156
3311786556 92
3326957411 1
3332444146 163
3345103274 97
3346435016 105
3369397036 133
3415828832 154
3419165889 91
3421043283 100
3453834671 52
3475802041 109
3570828790 9
3576346154 169
3611753873 85
3637528652 15
3644108658 80
3650994493 30
3682404586 120
3705166655 14
3735285954 2
3794242346 13
3813827420 104
3825964894 179
3834047911 170
3846291404 87
3863463209 68
3880856117 93
3896729982 103
3897441493 7
3930536579 62
3978014586 164
3985338750 124
4012176614 140
4020817277 129
4025582691 51
4028575057 84
4071585141 19
4084769632 20
4106514720 81
4120563849 86
4136759817 166
4162517235 143
4168711638 168
4173604952 160
4231238145 117
4269563040 173
4277558944 75
