1800764 76
87484882 89
125896844 107
132851176 41
158100332 146
197722022 137
212966424 126
268465553 77
277378561 74
346763723 104
347327944 71
366165566 12
391851701 16
409984302 3
435153685 109
442087175 116
456854657 43
465915581 84
480126874 29
482554758 94
521460429 55
582418999 124
600757238 83
646992379 174
677338192 67
680353138 114
723386437 119
755509855 151
833957915 15
882923786 163
934031291 60
976519997 9
984515489 120
1029684725 136
1039775941 144
1061459597 178
1061673189 57
1102138352 154
1119750476 134
1145535496 100
1163785346 175
1165500044 147
1187002154 22
1199928407 40
1302911819 85
1315240339 1
1324646409 0
1353077104 78
1399969279 34
1402099477 18
1404395783 121
1423943361 115
1433784421 92
1462563128 37
1473496205 56
1481700130 21
1490182304 52
1497564029 42
1506500056 7
1540789971 158
1565581772 47
1583240062 97
1593335970 142
1703074003 65
1723374255 112
1755211868 79
1780965381 140
1832923198 14
1836837436 75
1854296563 103
1880656059 133
1902819574 177
1957456795 157
1965817051 20
1966862849 96
1967912122 135
1987706045 72
1991912470 149
2023365118 19
2034853916 93
2040735391 46
2054922385 128
2070794468 82
2071342302 166
2088744826 4
2115991866 30
2137655290 5
2191007551 170
2245017434 111
2302936662 38
2321067875 39
2337471812 129
2352408356 27
2386566304 141
2420023489 159
2455595861 26
2493197103 123
2523580740 73
2533558194 145
2563637387 11
2564901090 10
2590626395 58
2612076060 176
2618357298 13
2623420502 6
2663355169 36
2675243293 48
2677761041 110
2680647675 80
2689742369 35
2714344193 49
2736746253 150
2739454820 125
2751470307 172
2752981434 139
2819042102 31
2820570352 130
2877103839 105
2878053286 106
2881898293 28
2931281920 138
2946051437 90
2947818890 25
2975899179 87
3052336121 118
3118895249 53
3134364972 86
3159294203 156
3197165266 155
3210776703 23
3224180642 8
3236016622 24
3252655057 162
3279979113 143
3305405241 69
3310504013 168
3311786556 68
3326957411 61
3332444146 161
3345103274 81
3346435016 102
3369397036 131
3415828832 148
3419165889 88
3421043283 91
3439938365 2
3453834671 33
3475802041 113
3576346154 169
3611753873 63
3640665415 50
3644108658 108
3650994493 64
3682404586 122
3794242346 51
3813827420 98
3825964894 179
3834047911 173
3846291404 101
3863463209 66
3880856117 70
3896729982 95
3930536579 32
3934144507 44
3954570302 54
3978014586 152
3985338750 117
4012176614 153
4020817277 127
4025582691 17
4028575057 62
4106514720 59
4120563849 99
4136759817 167
4162517235 160
4168711638 165
4173604952 164
4231238145 132
4269563040 171
4277558944 45
