1800764 127
87484882 121
97068523 31
125896844 26
132851176 98
158100332 152
197722022 161
212966424 154
268465553 126
277378561 100
346763723 81
347327944 111
386235461 58
391851701 78
409984302 73
435153685 82
442087175 123
465915581 135
482554758 61
582418999 69
646992379 175
677338192 124
680353138 103
715741596 14
723386437 30
725606561 16
755509855 75
777434108 54
789663515 25
795357209 12
833957915 28
849924382 32
882923786 166
905458755 9
934031291 110
984515489 44
1029684725 159
1039775941 97
1102138352 164
1119750476 141
1145535496 131
1163785346 172
1165500044 168
1171145260 35
1187002154 77
1199928407 39
1303866932 3
1315240339 67
1324646409 0
1404395783 40
1411244463 45
1423943361 145
1433784421 140
1481700130 85
1506500056 8
1540789971 113
1565581772 107
1583240062 144
1593335970 138
1648888063 23
1703074003 125
1723374255 36
1755211868 115
1780965381 143
1817977319 46
1832923198 6
1836837436 49
1854296563 134
1880656059 150
1902819574 178
1957456795 90
1965817051 2
1967912122 43
1979915395 20
1987706045 117
1991912470 160
2034853916 132
2040735391 104
2054922385 64
2070794468 133
2071342302 167
2088744826 50
2180276089 38
2191007551 96
2245017434 151
2302936662 76
2321067875 80
2335376072 24
2337471812 148
2352408356 66
2386566304 156
2420023489 129
2493197103 88
2523580740 101
2533558194 153
2563637387 70
2564901090 4
2590626395 116
2612076060 177
2623420502 63
2663355169 91
2675243293 71
2677761041 22
2680647675 130
2689742369 27
2714344193 108
2736746253 162
2739454820 137
2751470307 173
2752981434 83
2759781031 29
2819042102 34
2820570352 47
2877103839 84
2878053286 52
2881898293 87
2931281920 157
2940397723 60
2946051437 99
2947745968 55
2947818890 18
2975899179 42
2976264608 57
3052336121 155
3109774447 33
3118895249 112
3134364972 62
3159294203 79
3197165266 95
3210776703 11
3224180642 74
3236016622 21
3252655057 86
3279979113 128
3310504013 174
3311786556 19
3326957411 118
3332444146 89
3345103274 41
3346435016 59
3369397036 142
3415828832 147
3419165889 93
3421043283 17
3439938365 51
3475802041 146
3576346154 92
3576952995 15
3611753873 1
3637528652 10
3640665415 105
3644108658 149
3650994493 120
3682404586 13
3705166655 37
3794242346 106
3813827420 72
3825964894 179
3834047911 176
3846291404 122
3863463209 102
3880856117 56
3896729982 65
3897441493 53
3934144507 94
3954570302 114
3978014586 136
3985338750 68
4012176614 169
4020817277 139
4074327253 5
4106514720 48
4120563849 119
4136759817 171
4162517235 170
4168711638 109
4173604952 165
4231238145 158
4269563040 163
4277558944 7
