1800764 36
87484882 95
125896844 90
132851176 51
158100332 159
197722022 146
212966424 138
268465553 31
277378561 92
346763723 108
347327944 86
391851701 33
409984302 13
435153685 114
442087175 127
465915581 77
482554758 93
521460429 24
582418999 120
600757238 64
646992379 175
677338192 69
680353138 123
723386437 104
755509855 126
795357209 6
833957915 50
882923786 166
934031291 70
972543760 1
976519997 11
984515489 112
1029684725 147
1039775941 134
1061459597 178
1061673189 41
1102138352 164
1119750476 143
1145535496 106
1163785346 174
1165500044 160
1171145260 22
1199928407 68
1302911819 35
1324646409 0
1353077104 54
1399969279 45
1402099477 10
1404395783 111
1411244463 20
1423943361 128
1433784421 85
1462563128 12
1473496205 29
1490182304 30
1497564029 14
1506500056 37
1540789971 148
1565581772 42
1583240062 96
1593335970 152
1703074003 46
1723374255 105
1755211868 91
1780965381 151
1817977319 25
1832923198 43
1836837436 79
1854296563 110
1880656059 144
1902819574 177
1957456795 132
1965817051 44
1966862849 48
1967912122 117
1979915395 9
1987706045 82
1991912470 161
2034853916 98
2040735391 56
2054922385 119
2070794468 74
2071342302 168
2088744826 34
2137655290 16
2180276089 4
2191007551 145
2245017434 122
2273076216 3
2302936662 65
2321067875 66
2335376072 5
2337471812 140
2338681792 8
2352408356 57
2386566304 154
2420023489 156
2493197103 121
2523580740 89
2533558194 158
2563637387 40
2564901090 39
2590626395 38
2612076060 176
2675243293 75
2677761041 94
2680647675 73
2689742369 60
2714344193 27
2736746253 162
2739454820 135
2751470307 172
2752981434 125
2759781031 19
2819042102 59
2820570352 116
2877103839 113
2878053286 102
2931281920 153
2946051437 103
2947818890 53
2975899179 83
2979186596 2
3052336121 129
3118895249 23
3134364972 87
3159294203 130
3197165266 137
3210776703 49
3224180642 21
3236016622 55
3252655057 131
3279979113 149
3305405241 63
3310504013 169
3311786556 71
3326957411 52
3332444146 133
3345103274 81
3346435016 99
3369397036 139
3415828832 157
3419165889 100
3421043283 78
3453834671 7
3475802041 124
3576346154 142
3611753873 67
3637528652 18
3640665415 15
3644108658 115
3650994493 72
3682404586 88
3705166655 28
3794242346 58
3813827420 101
3825964894 179
3834047911 173
3846291404 109
3863463209 84
3880856117 80
3896729982 97
3897441493 26
3930536579 32
3954570302 47
3978014586 155
3985338750 118
4012176614 163
4020817277 136
4025582691 17
4028575057 61
4106514720 76
4120563849 107
4136759817 170
4162517235 165
4168711638 150
4173604952 167
4231238145 141
4269563040 171
4277558944 62
