1800764 18
87484882 89
125896844 96
132851176 38
158100332 157
197722022 137
212966424 131
268465553 10
277378561 90
346763723 110
347327944 81
391851701 28
409984302 2
435153685 113
442087175 127
456854657 9
465915581 72
480126874 17
482554758 94
521460429 40
582418999 121
600757238 73
646992379 175
677338192 62
680353138 124
723386437 111
755509855 129
795357209 3
833957915 51
882923786 166
934031291 69
972543760 6
976519997 21
984515489 115
1029684725 142
1039775941 138
1061459597 178
1061673189 53
1102138352 164
1119750476 144
1145535496 99
1163785346 174
1165500044 155
1171145260 20
1199928407 71
1302911819 50
1324646409 0
1353077104 63
1399969279 49
1402099477 22
1404395783 114
1411244463 13
1423943361 126
1433784421 79
1462563128 26
1473496205 44
1490182304 45
1497564029 30
1506500056 41
1540789971 152
1565581772 31
1583240062 83
1593335970 151
1703074003 33
1723374255 109
1755211868 85
1780965381 148
1817977319 25
1832923198 47
1836837436 86
1854296563 105
1880656059 140
1902819574 177
1957456795 141
1965817051 48
1966862849 61
1967912122 118
1979915395 4
1987706045 77
1991912470 161
2034853916 91
2040735391 39
2054922385 120
2070794468 66
2071342302 168
2088744826 34
2137655290 24
2191007551 150
2245017434 119
2273076216 11
2302936662 59
2321067875 58
2335376072 1
2337471812 136
2338681792 14
2352408356 52
2386566304 153
2420023489 160
2493197103 125
2523580740 87
2533558194 156
2563637387 36
2564901090 43
2590626395 23
2612076060 176
2675243293 75
2677761041 102
2680647675 64
2689742369 60
2714344193 12
2736746253 163
2739454820 132
2751470307 172
2752981434 128
2759781031 15
2819042102 57
2820570352 116
2877103839 112
2878053286 108
2931281920 146
2946051437 98
2947818890 55
2975899179 92
2979186596 5
3052336121 123
3118895249 7
3134364972 93
3159294203 130
3197165266 145
3210776703 54
3224180642 8
3236016622 56
3252655057 139
3279979113 149
3305405241 70
3310504013 169
3311786556 76
3326957411 37
3332444146 143
3345103274 88
3346435016 101
3369397036 135
3415828832 158
3419165889 95
3421043283 82
3453834671 19
3475802041 122
3576346154 147
3611753873 74
3637528652 16
3644108658 107
3650994493 67
3682404586 100
3705166655 32
3794242346 46
3813827420 103
3825964894 179
3834047911 173
3846291404 106
3863463209 80
3880856117 84
3896729982 97
3897441493 27
3930536579 42
3954570302 35
3978014586 159
3985338750 117
4012176614 162
4020817277 134
4025582691 29
4028575057 68
4106514720 78
4120563849 104
4136759817 170
4162517235 165
4168711638 154
4173604952 167
4231238145 133
4269563040 171
4277558944 65
