1800764 33
87484882 90
125896844 98
132851176 41
158100332 157
197722022 137
212966424 129
268465553 29
277378561 88
346763723 109
347327944 81
391851701 27
409984302 5
435153685 113
442087175 127
456854657 13
465915581 74
480126874 14
482554758 94
521460429 40
582418999 121
600757238 73
646992379 175
677338192 64
680353138 123
723386437 112
755509855 132
795357209 1
833957915 48
882923786 166
934031291 68
972543760 4
976519997 16
984515489 115
1029684725 140
1039775941 139
1061459597 178
1061673189 55
1102138352 164
1119750476 141
1145535496 101
1163785346 174
1165500044 156
1171145260 15
1199928407 65
1302911819 56
1324646409 0
1353077104 63
1399969279 49
1402099477 19
1404395783 114
1411244463 11
1423943361 125
1433784421 79
1462563128 25
1473496205 45
1490182304 46
1497564029 28
1506500056 35
1540789971 152
1565581772 34
1583240062 91
1593335970 149
1703074003 37
1723374255 111
1755211868 87
1780965381 147
1817977319 21
1832923198 42
1836837436 84
1854296563 103
1880656059 138
1902819574 177
1957456795 142
1965817051 44
1966862849 62
1967912122 118
1979915395 2
1987706045 78
1991912470 161
2034853916 92
2040735391 47
2054922385 120
2070794468 71
2071342302 168
2088744826 30
2137655290 18
2191007551 154
2245017434 119
2273076216 8
2302936662 60
2321067875 59
2337471812 135
2338681792 7
2352408356 52
2386566304 151
2420023489 160
2493197103 126
2523580740 86
2533558194 155
2563637387 32
2564901090 36
2590626395 31
2612076060 176
2675243293 75
2677761041 104
2680647675 70
2689742369 58
2714344193 23
2736746253 163
2739454820 130
2751470307 172
2752981434 128
2759781031 10
2819042102 57
2820570352 117
2877103839 110
2878053286 106
2931281920 146
2946051437 97
2947818890 53
2975899179 89
2979186596 3
3052336121 124
3118895249 20
3134364972 93
3159294203 136
3197165266 145
3210776703 50
3224180642 12
3236016622 54
3252655057 143
3279979113 148
3305405241 67
3310504013 169
3311786556 76
3326957411 43
3332444146 144
3345103274 85
3346435016 99
3369397036 134
3415828832 158
3419165889 95
3421043283 82
3453834671 17
3475802041 122
3576346154 150
3611753873 72
3637528652 9
3640665415 6
3644108658 108
3650994493 69
3682404586 107
3705166655 26
3794242346 51
3813827420 100
3825964894 179
3834047911 173
3846291404 105
3863463209 80
3880856117 83
3896729982 96
3897441493 22
3930536579 38
3954570302 39
3978014586 159
3985338750 116
4012176614 162
4020817277 131
4025582691 24
4028575057 66
4106514720 77
4120563849 102
4136759817 170
4162517235 165
4168711638 153
4173604952 167
4231238145 133
4269563040 171
4277558944 61
