1800764 28
87484882 91
125896844 96
132851176 42
158100332 158
197722022 137
212966424 130
268465553 22
277378561 89
346763723 109
347327944 82
391851701 30
409984302 3
435153685 113
442087175 127
456854657 10
465915581 74
480126874 14
482554758 94
521460429 38
582418999 121
600757238 72
646992379 175
677338192 64
680353138 123
723386437 111
755509855 129
795357209 2
833957915 49
882923786 166
934031291 71
972543760 6
976519997 17
984515489 115
1029684725 143
1039775941 138
1061459597 178
1061673189 52
1102138352 164
1119750476 144
1145535496 100
1163785346 174
1165500044 156
1171145260 19
1199928407 67
1302911819 51
1324646409 0
1353077104 62
1399969279 48
1402099477 18
1404395783 114
1411244463 11
1423943361 126
1433784421 79
1462563128 23
1473496205 43
1490182304 44
1497564029 27
1506500056 37
1540789971 151
1565581772 33
1583240062 88
1593335970 150
1703074003 35
1723374255 110
1755211868 86
1780965381 147
1817977319 24
1832923198 46
1836837436 84
1854296563 105
1880656059 139
1902819574 177
1957456795 141
1965817051 47
1966862849 61
1967912122 118
1979915395 4
1987706045 78
1991912470 161
2034853916 92
2040735391 45
2054922385 119
2070794468 70
2071342302 168
2088744826 32
2137655290 21
2191007551 152
2245017434 120
2273076216 7
2302936662 60
2321067875 59
2337471812 136
2338681792 8
2352408356 54
2386566304 153
2420023489 160
2493197103 125
2523580740 87
2533558194 155
2563637387 34
2564901090 41
2590626395 31
2612076060 176
2675243293 75
2677761041 103
2680647675 68
2689742369 58
2714344193 20
2736746253 163
2739454820 132
2751470307 172
2752981434 128
2759781031 12
2819042102 57
2820570352 116
2877103839 112
2878053286 106
2931281920 146
2946051437 98
2947818890 55
2975899179 90
2979186596 5
3052336121 124
3118895249 15
3134364972 93
3159294203 131
3197165266 145
3210776703 53
3224180642 9
3236016622 56
3252655057 140
3279979113 149
3305405241 66
3310504013 169
3311786556 76
3326957411 39
3332444146 142
3345103274 85
3346435016 99
3369397036 135
3415828832 157
3419165889 95
3421043283 80
3453834671 16
3475802041 122
3576346154 148
3611753873 73
3637528652 13
3640665415 1
3644108658 108
3650994493 69
3682404586 102
3705166655 29
3794242346 50
3813827420 101
3825964894 179
3834047911 173
3846291404 107
3863463209 81
3880856117 83
3896729982 97
3897441493 26
3930536579 40
3954570302 36
3978014586 159
3985338750 117
4012176614 162
4020817277 133
4025582691 25
4028575057 65
4106514720 77
4120563849 104
4136759817 170
4162517235 165
4168711638 154
4173604952 167
4231238145 134
4269563040 171
4277558944 63
