1800764 150
87484882 123
97068523 66
125896844 13
132851176 108
158100332 147
197722022 168
212966424 153
268465553 151
277378561 99
346763723 72
347327944 110
386235461 86
391851701 91
409984302 88
435153685 71
442087175 107
465915581 145
482554758 45
582418999 43
646992379 175
677338192 137
680353138 96
715741596 47
723386437 10
725606561 27
755509855 49
777434108 81
789663515 61
795357209 18
833957915 29
849924382 64
882923786 167
905458755 37
934031291 112
984515489 25
1029684725 160
1039775941 83
1102138352 166
1119750476 122
1145535496 135
1163785346 170
1165500044 169
1171145260 50
1187002154 98
1199928407 40
1303866932 14
1315240339 92
1324646409 0
1378626860 7
1404395783 21
1411244463 60
1423943361 139
1433784421 148
1481700130 101
1506500056 4
1540789971 95
1565581772 119
1583240062 149
1593335970 117
1648888063 54
1687077153 2
1703074003 142
1723374255 22
1755211868 111
1780965381 121
1817977319 58
1836837436 35
1854296563 136
1878223483 12
1880656059 146
1957456795 70
1967912122 19
1979915395 28
1987706045 120
1991912470 161
2034853916 138
2040735391 113
2054922385 34
2070794468 144
2071342302 165
2088744826 57
2180276089 59
2191007551 74
2245017434 155
2302936662 82
2321067875 85
2335376072 38
2337471812 141
2352408356 73
2386566304 156
2420023489 104
2493197103 75
2523580740 100
2533558194 152
2563637387 79
2564901090 1
2590626395 133
2612076060 177
2623420502 90
2663355169 106
2675243293 68
2677761041 3
2680647675 143
2689742369 26
2714344193 124
2727339584 9
2736746253 163
2739454820 125
2751470307 174
2752981434 63
2759781031 41
2819042102 36
2820570352 24
2877103839 76
2878053286 31
2881898293 103
2931281920 157
2939038785 20
2940397723 87
2946051437 97
2947745968 78
2947818890 15
2975899179 30
2976264608 80
3052336121 158
3109774447 56
3118895249 130
3134364972 48
3159294203 51
3162794093 8
3197165266 77
3210776703 6
3224180642 93
3236016622 17
3252655057 62
3279979113 105
3310504013 176
3311786556 5
3326957411 134
3332444146 67
3345103274 32
3346435016 39
3369397036 128
3415828832 132
3419165889 94
3439938365 84
3475802041 140
3576346154 69
3576952995 33
3637528652 11
3640665415 126
3644108658 154
3650994493 131
3705166655 53
3794242346 115
3813827420 55
3825964894 179
3834047911 178
3846291404 118
3863463209 102
3880856117 44
3896729982 52
3897441493 65
3934144507 114
3954570302 129
3978014586 109
3985338750 46
4012176614 172
4020817277 127
4074327253 23
4088869787 16
4106514720 42
4120563849 116
4136759817 171
4162517235 173
4168711638 89
4173604952 164
4231238145 159
4269563040 162
