1800764 7
87484882 72
125896844 110
132851176 22
143419484 14
158100332 148
197722022 119
212966424 120
277378561 77
346763723 106
347327944 66
366165566 27
391851701 1
435153685 111
442087175 116
456854657 60
465915581 49
480126874 52
482554758 101
521460429 74
582418999 131
600757238 95
646992379 174
677338192 33
680353138 117
723386437 123
755509855 154
833957915 35
882923786 156
934031291 45
972543760 13
976519997 39
984515489 124
1029684725 126
1039775941 151
1061459597 178
1061673189 78
1102138352 152
1119750476 139
1145535496 80
1163785346 175
1165500044 138
1199928407 61
1302911819 86
1324646409 0
1353077104 91
1399969279 58
1402099477 48
1404395783 125
1423943361 113
1433784421 62
1462563128 59
1473496205 75
1490182304 71
1497564029 64
1506500056 32
1540789971 162
1565581772 9
1567831198 23
1583240062 68
1593335970 149
1703074003 16
1721069724 6
1723374255 115
1755211868 70
1780965381 143
1817977319 3
1832923198 44
1836837436 93
1854296563 84
1880656059 130
1902819574 177
1957456795 158
1965817051 51
1966862849 98
1967912122 137
1987706045 63
1991912470 144
2023365118 29
2034853916 73
2040735391 24
2054922385 135
2070794468 43
2071342302 163
2088744826 18
2115991866 40
2137655290 31
2191007551 171
2245017434 105
2273076216 26
2302936662 37
2321067875 36
2337471812 127
2338681792 21
2352408356 28
2386566304 140
2420023489 166
2455595861 34
2493197103 132
2523580740 76
2533558194 145
2563637387 15
2564901090 38
2590626395 4
2612076060 176
2618357298 30
2654090424 19
2675243293 65
2677761041 114
2680647675 41
2689742369 56
2736746253 147
2739454820 128
2751470307 172
2752981434 141
2819042102 46
2820570352 134
2877103839 107
2878053286 109
2931281920 136
2946051437 89
2947818890 53
2975899179 99
2979186596 8
3052336121 108
3134364972 97
3159294203 155
3197165266 157
3210776703 54
3236016622 50
3252655057 165
3279979113 150
3305405241 83
3310504013 161
3311786556 88
3326957411 20
3332444146 164
3345103274 96
3346435016 104
3369397036 133
3415828832 153
3419165889 90
3421043283 100
3453834671 55
3475802041 112
3576346154 169
3611753873 82
3637528652 5
3644108658 85
3650994493 42
3682404586 122
3705166655 11
3794242346 25
3813827420 103
3825964894 179
3834047911 170
3846291404 94
3863463209 67
3880856117 87
3896729982 102
3897441493 2
3930536579 57
3954570302 17
3978014586 159
3985338750 121
4012176614 142
4020817277 129
4025582691 47
4028575057 81
4071585141 12
4084769632 10
4106514720 79
4120563849 92
4136759817 167
4162517235 146
4168711638 168
4173604952 160
4231238145 118
4269563040 173
4277558944 69
