1800764 120
87484882 125
97068523 23
125896844 28
132851176 99
158100332 152
197722022 161
212966424 154
268465553 118
277378561 106
346763723 89
347327944 116
386235461 36
391851701 78
409984302 70
435153685 88
442087175 127
465915581 132
482554758 64
582418999 67
646992379 175
677338192 123
680353138 111
715741596 2
723386437 27
725606561 18
755509855 72
777434108 39
789663515 14
795357209 17
833957915 34
849924382 26
882923786 166
934031291 113
984515489 43
1029684725 159
1039775941 98
1102138352 164
1119750476 141
1145535496 134
1163785346 172
1165500044 168
1171145260 44
1187002154 65
1199928407 53
1303866932 7
1315240339 60
1324646409 0
1404395783 40
1411244463 52
1423943361 145
1433784421 137
1481700130 82
1506500056 12
1540789971 114
1565581772 101
1583240062 138
1593335970 139
1648888063 19
1703074003 119
1723374255 41
1755211868 117
1780965381 144
1817977319 54
1832923198 10
1836837436 57
1854296563 136
1880656059 150
1902819574 178
1957456795 91
1965817051 5
1967912122 35
1979915395 24
1987706045 121
1991912470 160
2034853916 133
2040735391 102
2054922385 61
2070794468 129
2071342302 167
2088744826 56
2180276089 46
2191007551 94
2245017434 151
2302936662 80
2321067875 85
2335376072 30
2337471812 149
2352408356 73
2386566304 156
2420023489 131
2493197103 93
2523580740 108
2533558194 153
2563637387 71
2564901090 9
2590626395 112
2612076060 177
2623420502 38
2663355169 84
2675243293 75
2677761041 21
2680647675 128
2689742369 33
2714344193 100
2727339584 1
2736746253 162
2739454820 140
2751470307 173
2752981434 83
2759781031 32
2819042102 47
2820570352 42
2877103839 92
2878053286 55
2881898293 79
2931281920 157
2940397723 37
2946051437 107
2947745968 49
2947818890 22
2975899179 50
2976264608 45
3052336121 155
3109774447 31
3118895249 103
3134364972 66
3159294203 74
3197165266 95
3210776703 15
3224180642 77
3236016622 25
3252655057 81
3279979113 130
3310504013 174
3311786556 20
3326957411 115
3332444146 87
3345103274 51
3346435016 63
3369397036 143
3415828832 147
3419165889 97
3421043283 16
3439938365 29
3475802041 146
3576346154 90
3576952995 11
3611753873 3
3637528652 13
3640665415 96
3644108658 148
3650994493 122
3682404586 4
3705166655 48
3794242346 104
3813827420 76
3825964894 179
3834047911 176
3846291404 126
3863463209 109
3880856117 62
3896729982 69
3897441493 59
3934144507 86
3954570302 110
3978014586 135
3985338750 68
4012176614 169
4020817277 142
4074327253 6
4106514720 58
4120563849 124
4136759817 171
4162517235 170
4168711638 105
4173604952 165
4231238145 158
4269563040 163
4277558944 8
