1800764 91
87484882 113
125896844 67
132851176 71
158100332 156
197722022 160
212966424 150
268465553 86
277378561 98
346763723 95
347327944 104
386235461 8
391851701 53
409984302 43
435153685 103
442087175 130
465915581 112
482554758 74
582418999 108
600757238 33
646992379 176
677338192 100
680353138 124
723386437 80
755509855 122
777434108 11
795357209 4
833957915 41
882923786 167
934031291 90
984515489 88
1029684725 159
1039775941 131
1061673189 9
1102138352 164
1119750476 144
1145535496 120
1163785346 174
1165500044 162
1171145260 29
1187002154 31
1199928407 54
1302911819 3
1315240339 26
1324646409 0
1353077104 19
1399969279 17
1404395783 87
1411244463 32
1423943361 135
1433784421 115
1481700130 49
1490182304 1
1506500056 21
1540789971 140
1565581772 73
1583240062 119
1593335970 148
1703074003 89
1723374255 83
1755211868 109
1780965381 147
1817977319 38
1832923198 23
1836837436 63
1854296563 123
1880656059 149
1902819574 178
1957456795 127
1965817051 22
1966862849 16
1967912122 93
1979915395 13
1987706045 106
1991912470 161
2034853916 116
2040735391 75
2054922385 105
2070794468 111
2071342302 168
2088744826 42
2180276089 25
2191007551 136
2245017434 137
2302936662 58
2321067875 59
2335376072 15
2337471812 146
2352408356 56
2386566304 158
2420023489 151
2493197103 118
2523580740 97
2533558194 155
2563637387 48
2564901090 18
2590626395 79
2612076060 177
2623420502 12
2663355169 51
2675243293 60
2677761041 68
2680647675 110
2689742369 44
2714344193 69
2736746253 163
2739454820 138
2751470307 173
2752981434 121
2759781031 24
2819042102 45
2820570352 92
2877103839 102
2878053286 78
2881898293 47
2931281920 157
2940397723 10
2946051437 107
2947745968 20
2947818890 34
2975899179 65
2976264608 14
3052336121 145
3109774447 5
3118895249 70
3134364972 72
3159294203 125
3197165266 132
3210776703 27
3224180642 46
3236016622 37
3252655057 126
3279979113 143
3305405241 30
3310504013 172
3311786556 50
3326957411 85
3332444146 128
3345103274 62
3346435016 76
3369397036 142
3415828832 153
3419165889 96
3421043283 55
3439938365 2
3475802041 134
3576346154 133
3611753873 39
3637528652 7
3640665415 61
3644108658 129
3650994493 99
3682404586 64
3705166655 35
3794242346 77
3813827420 84
3825964894 179
3834047911 175
3846291404 117
3863463209 94
3880856117 66
3896729982 81
3897441493 40
3930536579 6
3934144507 52
3954570302 82
3978014586 152
3985338750 101
4012176614 166
4020817277 139
4028575057 28
4106514720 57
4120563849 114
4136759817 171
4162517235 169
4168711638 141
4173604952 165
4231238145 154
4269563040 170
4277558944 36
