1800764 127
87484882 121
97068523 26
125896844 32
132851176 94
158100332 153
197722022 161
212966424 152
268465553 125
277378561 96
346763723 79
347327944 111
386235461 51
391851701 76
409984302 69
435153685 80
442087175 126
465915581 132
482554758 62
582418999 73
646992379 175
677338192 124
680353138 109
715741596 11
723386437 37
725606561 15
755509855 82
777434108 43
789663515 23
795357209 12
833957915 28
849924382 27
882923786 166
905458755 4
934031291 108
984515489 55
1029684725 159
1039775941 107
1102138352 163
1119750476 142
1145535496 131
1163785346 172
1165500044 168
1171145260 33
1187002154 75
1199928407 39
1303866932 1
1315240339 64
1324646409 0
1404395783 54
1411244463 38
1423943361 145
1433784421 136
1481700130 81
1506500056 9
1540789971 118
1565581772 105
1583240062 137
1593335970 143
1648888063 22
1703074003 123
1723374255 49
1755211868 113
1780965381 144
1817977319 40
1832923198 7
1836837436 52
1854296563 133
1880656059 151
1902819574 178
1957456795 93
1965817051 3
1967912122 57
1979915395 17
1987706045 117
1991912470 160
2034853916 130
2040735391 100
2054922385 70
2070794468 129
2071342302 167
2088744826 42
2180276089 35
2191007551 104
2245017434 150
2302936662 77
2321067875 78
2335376072 24
2337471812 149
2352408356 65
2386566304 156
2420023489 135
2493197103 88
2523580740 98
2533558194 154
2563637387 66
2564901090 6
2590626395 114
2612076060 177
2623420502 59
2663355169 87
2675243293 68
2677761041 31
2680647675 128
2689742369 30
2714344193 106
2736746253 162
2739454820 139
2751470307 173
2752981434 86
2759781031 25
2819042102 34
2820570352 60
2877103839 84
2878053286 58
2881898293 83
2931281920 157
2940397723 53
2946051437 97
2947745968 47
2947818890 16
2975899179 46
2976264608 48
3052336121 155
3109774447 29
3118895249 110
3134364972 63
3159294203 85
3197165266 99
3210776703 14
3224180642 74
3236016622 21
3252655057 90
3279979113 134
3310504013 174
3311786556 19
3326957411 115
3332444146 92
3345103274 44
3346435016 61
3369397036 141
3415828832 148
3419165889 91
3421043283 18
3439938365 41
3475802041 146
3576346154 95
3576952995 13
3611753873 5
3637528652 8
3640665415 102
3644108658 147
3650994493 120
3682404586 20
3705166655 36
3794242346 103
3813827420 71
3825964894 179
3834047911 176
3846291404 122
3863463209 101
3880856117 56
3896729982 67
3897441493 45
3934144507 89
3954570302 112
3978014586 138
3985338750 72
4012176614 169
4020817277 140
4074327253 2
4106514720 50
4120563849 119
4136759817 171
4162517235 170
4168711638 116
4173604952 165
4231238145 158
4269563040 164
4277558944 10
