1800764 103
87484882 124
97068523 8
125896844 49
132851176 87
158100332 154
197722022 160
212966424 153
268465553 101
277378561 108
346763723 89
347327944 113
386235461 19
391851701 71
409984302 52
435153685 91
442087175 135
465915581 125
482554758 73
582418999 83
600757238 3
646992379 175
677338192 117
680353138 121
723386437 50
725606561 10
755509855 86
777434108 25
795357209 14
833957915 40
849924382 11
882923786 166
934031291 104
984515489 66
1029684725 159
1039775941 120
1102138352 163
1119750476 145
1145535496 132
1163785346 172
1165500044 164
1171145260 38
1187002154 39
1199928407 51
1303866932 4
1315240339 36
1324646409 0
1399969279 7
1404395783 62
1411244463 42
1423943361 141
1433784421 131
1481700130 65
1506500056 18
1540789971 130
1565581772 88
1583240062 134
1593335970 146
1648888063 2
1703074003 106
1723374255 54
1755211868 118
1780965381 147
1817977319 45
1832923198 17
1836837436 64
1854296563 133
1880656059 151
1902819574 178
1957456795 110
1965817051 13
1967912122 63
1979915395 23
1987706045 119
1991912470 161
2034853916 129
2040735391 92
2054922385 78
2070794468 123
2071342302 167
2088744826 48
2180276089 37
2191007551 114
2245017434 148
2302936662 76
2321067875 79
2335376072 27
2337471812 149
2352408356 67
2386566304 157
2420023489 137
2493197103 102
2523580740 109
2533558194 155
2563637387 56
2564901090 16
2590626395 94
2612076060 177
2623420502 20
2663355169 61
2675243293 75
2677761041 44
2680647675 122
2689742369 41
2714344193 84
2736746253 162
2739454820 139
2751470307 173
2752981434 97
2759781031 31
2819042102 46
2820570352 68
2877103839 93
2878053286 70
2881898293 58
2931281920 158
2940397723 21
2946051437 112
2947745968 34
2947818890 30
2975899179 55
2976264608 28
3052336121 152
3109774447 22
3118895249 85
3134364972 74
3159294203 90
3197165266 115
3210776703 26
3224180642 59
3236016622 32
3252655057 99
3279979113 136
3305405241 5
3310504013 174
3311786556 35
3326957411 98
3332444146 105
3345103274 53
3346435016 72
3369397036 143
3415828832 150
3419165889 100
3421043283 33
3439938365 9
3475802041 144
3576346154 111
3576952995 1
3611753873 15
3637528652 12
3640665415 82
3644108658 138
3650994493 116
3682404586 29
3705166655 43
3794242346 95
3813827420 80
3825964894 179
3834047911 176
3846291404 128
3863463209 107
3880856117 69
3896729982 77
3897441493 47
3934144507 60
3954570302 96
3978014586 142
3985338750 81
4012176614 169
4020817277 140
4028575057 6
4106514720 57
4120563849 126
4136759817 171
4162517235 170
4168711638 127
4173604952 165
4231238145 156
4269563040 168
4277558944 24
