1800764 34
87484882 86
125896844 105
132851176 37
158100332 153
197722022 135
212966424 128
268465553 30
277378561 84
346763723 107
347327944 80
391851701 17
435153685 110
442087175 125
456854657 31
465915581 69
480126874 24
482554758 97
521460429 55
582418999 123
600757238 77
646992379 174
677338192 60
680353138 120
723386437 113
755509855 140
833957915 43
882923786 166
934031291 63
972543760 2
976519997 22
984515489 115
1029684725 137
1039775941 141
1061459597 178
1061673189 59
1102138352 163
1119750476 138
1145535496 96
1163785346 175
1165500044 148
1171145260 12
1199928407 61
1302911819 67
1324646409 0
1353077104 71
1399969279 49
1402099477 25
1404395783 116
1411244463 6
1423943361 121
1433784421 81
1462563128 33
1473496205 58
1490182304 57
1497564029 39
1506500056 32
1540789971 155
1565581772 29
1583240062 88
1593335970 146
1703074003 38
1723374255 111
1755211868 82
1780965381 143
1817977319 14
1832923198 40
1836837436 87
1854296563 100
1880656059 136
1902819574 177
1957456795 147
1965817051 45
1966862849 74
1967912122 126
1987706045 76
1991912470 156
2034853916 89
2040735391 41
2054922385 124
2070794468 66
2071342302 168
2088744826 20
2115991866 10
2137655290 19
2191007551 165
2245017434 114
2273076216 13
2302936662 54
2321067875 53
2337471812 132
2338681792 8
2352408356 46
2386566304 144
2420023489 161
2455595861 4
2493197103 127
2523580740 83
2533558194 152
2563637387 23
2564901090 35
2590626395 28
2612076060 176
2618357298 3
2675243293 68
2677761041 109
2680647675 65
2689742369 56
2714344193 21
2736746253 159
2739454820 130
2751470307 172
2752981434 134
2759781031 5
2819042102 52
2820570352 122
2877103839 108
2878053286 106
2931281920 139
2946051437 95
2947818890 50
2975899179 92
2979186596 1
3052336121 119
3118895249 18
3134364972 93
3159294203 142
3197165266 149
3210776703 48
3224180642 9
3236016622 51
3252655057 150
3279979113 145
3305405241 72
3310504013 169
3311786556 79
3326957411 42
3332444146 151
3345103274 90
3346435016 103
3369397036 133
3415828832 154
3419165889 94
3421043283 91
3453834671 26
3475802041 118
3576346154 162
3611753873 73
3637528652 7
3640665415 11
3644108658 104
3650994493 64
3682404586 112
3705166655 16
3794242346 47
3813827420 102
3825964894 179
3834047911 173
3846291404 101
3863463209 78
3880856117 85
3896729982 98
3897441493 15
3930536579 44
3954570302 36
3978014586 158
3985338750 117
4012176614 157
4020817277 131
4025582691 27
4028575057 70
4106514720 75
4120563849 99
4136759817 170
4162517235 164
4168711638 160
4173604952 167
4231238145 129
4269563040 171
4277558944 62
