1800764 81
87484882 89
125896844 107
132851176 44
158100332 146
197722022 137
212966424 127
268465553 84
277378561 76
346763723 104
347327944 72
366165566 8
391851701 20
409984302 5
435153685 108
442087175 117
456854657 41
465915581 88
480126874 22
482554758 92
521460429 51
582418999 124
600757238 78
646992379 174
677338192 70
680353138 114
723386437 118
755509855 150
833957915 16
882923786 164
934031291 59
976519997 7
984515489 120
1029684725 136
1039775941 144
1061459597 178
1061673189 55
1102138352 157
1119750476 135
1145535496 102
1163785346 175
1165500044 148
1187002154 33
1199928407 40
1302911819 79
1315240339 2
1324646409 0
1353077104 74
1399969279 31
1402099477 17
1404395783 121
1423943361 115
1433784421 96
1462563128 36
1473496205 53
1481700130 32
1490182304 48
1497564029 42
1506500056 6
1540789971 156
1565581772 49
1583240062 99
1593335970 142
1703074003 69
1723374255 111
1755211868 80
1780965381 140
1832923198 14
1836837436 71
1854296563 103
1880656059 133
1902819574 177
1957456795 155
1965817051 19
1966862849 93
1967912122 134
1987706045 75
1991912470 149
2023365118 18
2034853916 95
2040735391 47
2054922385 126
2070794468 86
2071342302 166
2088744826 3
2115991866 24
2191007551 170
2245017434 112
2302936662 37
2321067875 38
2337471812 131
2352408356 29
2386566304 141
2420023489 159
2455595861 21
2493197103 123
2523580740 73
2533558194 145
2563637387 13
2564901090 9
2590626395 60
2612076060 176
2618357298 10
2623420502 11
2663355169 39
2675243293 46
2677761041 110
2680647675 85
2689742369 34
2714344193 52
2736746253 152
2739454820 125
2751470307 172
2752981434 138
2819042102 30
2820570352 129
2877103839 105
2878053286 106
2881898293 35
2931281920 139
2940397723 1
2946051437 90
2947818890 25
2975899179 82
3052336121 119
3118895249 56
3134364972 83
3159294203 154
3197165266 153
3210776703 23
3224180642 12
3236016622 26
3252655057 162
3279979113 143
3305405241 64
3310504013 169
3311786556 65
3326957411 62
3332444146 160
3345103274 77
3346435016 100
3369397036 130
3415828832 147
3419165889 87
3421043283 91
3439938365 4
3453834671 27
3475802041 113
3576346154 167
3611753873 63
3640665415 54
3644108658 109
3650994493 67
3682404586 122
3794242346 50
3813827420 97
3825964894 179
3834047911 173
3846291404 101
3863463209 66
3880856117 68
3896729982 94
3930536579 28
3934144507 45
3954570302 57
3978014586 151
3985338750 116
4012176614 158
4020817277 128
4025582691 15
4028575057 61
4106514720 58
4120563849 98
4136759817 168
4162517235 161
4168711638 163
4173604952 165
4231238145 132
4269563040 171
4277558944 43
