1800764 51
87484882 110
125896844 75
132851176 62
158100332 159
197722022 156
212966424 147
268465553 45
277378561 103
346763723 111
347327944 101
391851701 48
409984302 27
435153685 116
442087175 134
465915581 90
482554758 89
521460429 3
582418999 109
600757238 36
646992379 176
677338192 78
680353138 130
723386437 81
725606561 8
755509855 117
795357209 17
833957915 56
882923786 167
934031291 83
972543760 10
976519997 1
984515489 95
1029684725 155
1039775941 133
1061673189 18
1102138352 164
1119750476 145
1145535496 119
1163785346 175
1165500044 161
1171145260 31
1199928407 69
1302911819 6
1303866932 5
1324646409 0
1353077104 25
1399969279 30
1404395783 91
1411244463 29
1423943361 137
1433784421 104
1473496205 11
1481700130 20
1490182304 13
1506500056 34
1540789971 139
1565581772 57
1583240062 113
1593335970 150
1703074003 58
1723374255 87
1755211868 106
1780965381 148
1817977319 40
1832923198 39
1836837436 79
1854296563 122
1880656059 151
1902819574 178
1957456795 128
1965817051 35
1966862849 16
1967912122 94
1979915395 22
1987706045 99
1991912470 162
2034853916 115
2040735391 67
2054922385 105
2070794468 86
2071342302 169
2088744826 47
2137655290 9
2180276089 21
2191007551 132
2245017434 135
2302936662 71
2321067875 72
2335376072 19
2337471812 146
2338681792 14
2352408356 64
2386566304 160
2420023489 149
2493197103 124
2523580740 102
2533558194 158
2563637387 53
2564901090 33
2590626395 54
2612076060 177
2663355169 7
2675243293 76
2677761041 73
2680647675 85
2689742369 59
2714344193 44
2736746253 163
2739454820 141
2751470307 173
2752981434 123
2759781031 28
2819042102 60
2820570352 96
2877103839 114
2878053286 92
2881898293 15
2931281920 157
2946051437 112
2947745968 4
2947818890 50
2975899179 80
2979186596 12
3052336121 140
3118895249 41
3134364972 88
3159294203 120
3197165266 131
3210776703 46
3224180642 32
3236016622 55
3252655057 125
3279979113 144
3305405241 38
3310504013 172
3311786556 65
3326957411 63
3332444146 127
3345103274 77
3346435016 93
3369397036 143
3415828832 154
3419165889 108
3421043283 68
3475802041 136
3576346154 129
3611753873 49
3637528652 24
3640665415 26
3644108658 126
3650994493 84
3682404586 66
3705166655 42
3794242346 70
3813827420 98
3825964894 179
3834047911 174
3846291404 121
3863463209 100
3880856117 82
3896729982 97
3897441493 43
3930536579 23
3954570302 61
3978014586 152
3985338750 107
4012176614 165
4020817277 142
4025582691 2
4028575057 37
4106514720 74
4120563849 118
4136759817 171
4162517235 166
4168711638 138
4173604952 168
4231238145 153
4269563040 170
4277558944 52
