1800764 118
87484882 108
97068523 25
125896844 54
132851176 84
158100332 155
197722022 160
212966424 151
268465553 117
277378561 89
346763723 78
347327944 98
386235461 43
391851701 60
409984302 48
435153685 82
442087175 128
465915581 121
482554758 63
582418999 87
600757238 16
646992379 175
677338192 112
680353138 109
715741596 8
723386437 70
725606561 2
755509855 111
777434108 40
789663515 21
833957915 27
849924382 24
882923786 166
934031291 95
984515489 75
1029684725 159
1039775941 126
1102138352 163
1119750476 143
1145535496 122
1163785346 174
1165500044 164
1171145260 26
1187002154 68
1199928407 41
1315240339 49
1324646409 0
1353077104 6
1399969279 1
1404395783 74
1411244463 31
1423943361 135
1433784421 129
1481700130 72
1506500056 7
1540789971 134
1565581772 93
1583240062 131
1593335970 146
1648888063 15
1703074003 114
1723374255 69
1755211868 101
1780965381 144
1817977319 33
1832923198 9
1836837436 52
1854296563 123
1880656059 150
1902819574 178
1957456795 125
1965817051 3
1966862849 4
1967912122 79
1979915395 10
1987706045 104
1991912470 161
2034853916 120
2040735391 88
2054922385 83
2070794468 119
2071342302 167
2088744826 35
2180276089 28
2191007551 133
2245017434 145
2302936662 62
2321067875 64
2335376072 14
2337471812 148
2352408356 47
2386566304 157
2420023489 147
2493197103 102
2523580740 91
2533558194 154
2563637387 46
2564901090 5
2590626395 103
2612076060 177
2623420502 51
2663355169 76
2675243293 57
2677761041 58
2680647675 116
2689742369 29
2714344193 97
2736746253 162
2739454820 138
2751470307 172
2752981434 106
2759781031 20
2819042102 34
2820570352 77
2877103839 81
2878053286 66
2881898293 73
2931281920 158
2940397723 44
2946051437 94
2947745968 37
2947818890 18
2975899179 53
2976264608 39
3052336121 153
3109774447 22
3118895249 100
3134364972 61
3159294203 115
3197165266 130
3210776703 12
3224180642 56
3236016622 23
3252655057 124
3279979113 142
3305405241 13
3310504013 173
3311786556 32
3326957411 105
3332444146 127
3345103274 50
3346435016 65
3369397036 141
3415828832 152
3419165889 85
3421043283 38
3439938365 42
3475802041 137
3576346154 132
3611753873 19
3640665415 96
3644108658 140
3650994493 107
3682404586 59
3705166655 30
3794242346 90
3813827420 71
3825964894 179
3834047911 176
3846291404 113
3863463209 92
3880856117 55
3896729982 67
3897441493 36
3934144507 86
3954570302 99
3978014586 149
3985338750 80
4012176614 169
4020817277 139
4028575057 11
4106514720 45
4120563849 110
4136759817 171
4162517235 170
4168711638 136
4173604952 165
4231238145 156
4269563040 168
4277558944 17
