1800764 101
87484882 137
97068523 6
125896844 140
132851176 96
143419484 28
158100332 202
197722022 189
212966424 177
268465553 97
277378561 133
346763723 151
347327944 130
366165566 22
386235461 14
391851701 75
409984302 59
435153685 157
442087175 170
448554581 7
456854657 55
465915581 125
480126874 49
482554758 136
521460429 78
548834259 3
582418999 165
600757238 113
646992379 220
677338192 118
680353138 166
723386437 156
725606561 30
755509855 176
777434108 19
795357209 42
833957915 83
849924382 11
882923786 211
934031291 116
960241349 13
972543760 41
976519997 50
984515489 159
1029684725 190
1039775941 181
1061459597 223
1061673189 89
1102138352 209
1119750476 184
1145535496 150
1163785346 219
1165500044 205
1171145260 64
1187002154 36
1199928407 110
1302911819 91
1303866932 29
1315240339 34
1324646409 0
1353077104 103
1399969279 82
1402099477 57
1404395783 160
1411244463 61
1423943361 171
1433784421 135
1462563128 63
1473496205 81
1481700130 62
1490182304 80
1497564029 65
1506500056 71
1540789971 195
1565581772 93
1567831198 27
1583240062 144
1593335970 194
1648888063 1
1703074003 108
1721069724 21
1723374255 155
1755211868 134
1780965381 191
1817977319 67
1832923198 77
1836837436 124
1854296563 154
1880656059 183
1902819574 222
1957456795 185
1965817051 79
1966862849 106
1967912122 163
1979915395 46
1987706045 128
1991912470 206
2023365118 25
2034853916 143
2040735391 100
2054922385 164
2070794468 121
2071342302 213
2088744826 70
2115991866 38
2137655290 53
2180276089 47
2191007551 201
2245017434 167
2273076216 44
2302936662 102
2321067875 104
2335376072 43
2337471812 180
2338681792 45
2352408356 90
2386566304 197
2420023489 204
2455595861 33
2493197103 168
2523580740 132
2533558194 199
2563637387 76
2564901090 73
2590626395 95
2612076060 221
2616533013 32
2618357298 31
2623420502 15
2654090424 35
2663355169 52
2675243293 114
2677761041 147
2680647675 120
2689742369 94
2714344193 86
2727339584 8
2736746253 207
2739454820 174
2751470307 217
2752981434 173
2759781031 58
2819042102 92
2820570352 162
2877103839 153
2878053286 146
2881898293 56
2931281920 193
2940397723 16
2946051437 145
2947745968 39
2947818890 87
2975899179 127
2976264608 20
2979186596 40
3044575483 26
3052336121 172
3109774447 24
3118895249 85
3134364972 131
3159294203 179
3197165266 187
3210776703 84
3224180642 66
3236016622 88
3238789951 17
3252655057 186
3279979113 192
3305405241 111
3310504013 215
3311786556 115
3326957411 105
3332444146 188
3345103274 126
3346435016 141
3369397036 178
3415828832 200
3419165889 139
3421043283 122
3439938365 4
3453834671 54
3475802041 169
3516413806 23
3570828790 2
3576346154 196
3576952995 5
3611753873 112
3637528652 48
3640665415 74
3644108658 158
3650994493 119
3682404586 148
3705166655 68
3794242346 107
3813827420 142
3825964894 224
3834047911 218
3846291404 152
3863463209 129
3880856117 123
3885860355 10
3896729982 138
3897441493 69
3930536579 72
3934144507 51
3954570302 99
3978014586 203
3985338750 161
4012176614 208
4020817277 175
4025582691 60
4028575057 109
4056565709 12
4071585141 18
4074327253 9
4084769632 37
4106514720 117
4120563849 149
4136759817 214
4162517235 210
4168711638 198
4173604952 212
4231238145 182
4269563040 216
4277558944 98
