87484882 70
125896844 109
132851176 10
143419484 21
158100332 148
197722022 116
212966424 121
277378561 77
346763723 106
347327944 66
366165566 26
391851701 2
435153685 112
442087175 118
456854657 59
465915581 38
480126874 50
482554758 101
521460429 72
582418999 130
600757238 95
646992379 174
677338192 27
680353138 120
723386437 122
755509855 153
833957915 43
882923786 158
934031291 42
972543760 20
976519997 44
984515489 124
1029684725 125
1039775941 151
1061459597 177
1061673189 78
1102138352 150
1119750476 139
1145535496 80
1163785346 176
1165500044 138
1171145260 5
1199928407 64
1302911819 83
1324646409 0
1353077104 87
1399969279 62
1402099477 47
1404395783 126
1423943361 113
1433784421 56
1462563128 58
1473496205 75
1490182304 74
1497564029 63
1506500056 41
1540789971 164
1567831198 24
1583240062 65
1593335970 149
1721069724 14
1723374255 115
1755211868 71
1780965381 143
1817977319 8
1832923198 46
1836837436 94
1854296563 84
1880656059 131
1902819574 178
1957456795 156
1965817051 53
1966862849 96
1967912122 137
1987706045 61
1991912470 145
2023365118 28
2034853916 69
2040735391 12
2054922385 134
2070794468 32
2071342302 165
2088744826 19
2115991866 36
2137655290 39
2191007551 171
2245017434 104
2273076216 30
2302936662 40
2321067875 37
2337471812 127
2338681792 25
2352408356 33
2386566304 140
2420023489 166
2455595861 34
2493197103 133
2523580740 76
2533558194 146
2563637387 15
2564901090 45
2612076060 175
2616533013 9
2618357298 29
2654090424 23
2675243293 67
2677761041 114
2680647675 31
2689742369 57
2736746253 147
2739454820 128
2751470307 172
2752981434 142
2759781031 1
2819042102 49
2820570352 132
2877103839 107
2878053286 110
2931281920 136
2946051437 89
2947818890 54
2975899179 99
2979186596 16
3052336121 108
3134364972 98
3159294203 155
3197165266 157
3210776703 55
3236016622 52
3252655057 162
3279979113 152
3305405241 86
3310504013 159
3311786556 92
3326957411 6
3332444146 163
3345103274 97
3346435016 105
3369397036 135
3415828832 154
3419165889 91
3421043283 100
3453834671 51
3475802041 111
3570828790 4
3576346154 169
3611753873 85
3637528652 11
3644108658 81
3650994493 35
3682404586 119
3705166655 13
3794242346 22
3813827420 103
3825964894 179
3834047911 170
3846291404 90
3863463209 68
3880856117 93
3896729982 102
3897441493 7
3930536579 60
3954570302 3
3978014586 161
3985338750 123
4012176614 141
4020817277 129
4025582691 48
4028575057 82
4071585141 17
4084769632 18
4106514720 79
4120563849 88
4136759817 167
4162517235 144
4168711638 168
4173604952 160
4231238145 117
4269563040 173
4277558944 73
