1800764 93
87484882 107
125896844 71
132851176 66
158100332 159
197722022 160
212966424 145
268465553 92
277378561 89
346763723 96
347327944 95
386235461 14
391851701 48
409984302 39
435153685 104
442087175 125
465915581 109
482554758 74
521460429 5
582418999 114
600757238 44
646992379 176
677338192 97
680353138 122
723386437 91
755509855 126
777434108 9
833957915 34
882923786 167
934031291 82
984515489 103
1029684725 157
1039775941 131
1061673189 20
1102138352 164
1119750476 140
1145535496 118
1163785346 174
1165500044 162
1171145260 23
1187002154 42
1199928407 50
1302911819 24
1315240339 27
1324646409 0
1353077104 35
1399969279 18
1404395783 102
1411244463 25
1423943361 129
1433784421 117
1473496205 7
1481700130 52
1490182304 6
1506500056 12
1540789971 144
1565581772 69
1583240062 119
1593335970 149
1703074003 87
1723374255 86
1755211868 101
1780965381 147
1817977319 29
1832923198 21
1836837436 62
1854296563 120
1880656059 146
1902819574 178
1957456795 132
1965817051 19
1966862849 36
1967912122 111
1979915395 2
1987706045 98
1991912470 161
2034853916 115
2040735391 70
2054922385 113
2070794468 106
2071342302 168
2088744826 33
2180276089 15
2191007551 150
2245017434 130
2302936662 55
2321067875 58
2335376072 3
2337471812 141
2352408356 49
2386566304 158
2420023489 153
2493197103 121
2523580740 88
2533558194 156
2563637387 46
2564901090 13
2590626395 79
2612076060 177
2623420502 22
2663355169 54
2675243293 60
2677761041 78
2680647675 105
2689742369 41
2714344193 67
2736746253 163
2739454820 134
2751470307 173
2752981434 123
2759781031 11
2819042102 43
2820570352 110
2877103839 100
2878053286 80
2881898293 51
2931281920 155
2940397723 17
2946051437 99
2947745968 16
2947818890 30
2975899179 64
2976264608 10
3052336121 139
3109774447 1
3118895249 72
3134364972 68
3159294203 127
3197165266 137
3210776703 26
3224180642 47
3236016622 32
3252655057 133
3279979113 142
3305405241 40
3310504013 172
3311786556 53
3326957411 84
3332444146 136
3345103274 61
3346435016 77
3369397036 138
3415828832 154
3419165889 90
3421043283 57
3439938365 8
3475802041 128
3576346154 143
3611753873 45
3640665415 65
3644108658 124
3650994493 94
3682404586 83
3705166655 28
3794242346 73
3813827420 81
3825964894 179
3834047911 175
3846291404 116
3863463209 85
3880856117 63
3896729982 76
3897441493 31
3930536579 4
3934144507 56
3954570302 75
3978014586 152
3985338750 108
4012176614 165
4020817277 135
4028575057 38
4106514720 59
4120563849 112
4136759817 171
4162517235 169
4168711638 148
4173604952 166
4231238145 151
4269563040 170
4277558944 37
