1800764 132
87484882 117
97068523 32
125896844 36
132851176 93
158100332 153
197722022 161
212966424 152
268465553 133
277378561 90
346763723 78
347327944 104
386235461 62
391851701 74
409984302 67
435153685 79
442087175 122
465915581 131
482554758 56
582418999 77
646992379 175
677338192 124
680353138 102
715741596 18
723386437 47
725606561 12
755509855 85
777434108 51
789663515 28
795357209 9
833957915 23
849924382 31
882923786 166
905458755 14
934031291 101
984515489 59
1029684725 159
1039775941 107
1102138352 163
1119750476 141
1145535496 126
1163785346 172
1165500044 168
1171145260 27
1187002154 81
1199928407 37
1303866932 1
1315240339 69
1324646409 0
1404395783 57
1411244463 38
1423943361 143
1433784421 135
1481700130 82
1506500056 7
1540789971 123
1565581772 103
1583240062 139
1593335970 144
1648888063 25
1703074003 125
1723374255 49
1755211868 106
1780965381 145
1817977319 39
1832923198 6
1836837436 45
1854296563 128
1880656059 151
1902819574 178
1957456795 99
1965817051 2
1967912122 66
1979915395 16
1987706045 112
1991912470 160
2034853916 127
2040735391 97
2054922385 73
2070794468 130
2071342302 167
2088744826 40
2180276089 34
2191007551 114
2245017434 150
2302936662 71
2321067875 75
2335376072 20
2337471812 148
2352408356 55
2386566304 156
2420023489 138
2493197103 87
2523580740 92
2533558194 154
2563637387 58
2564901090 4
2590626395 116
2612076060 177
2623420502 70
2663355169 89
2675243293 61
2677761041 35
2680647675 129
2689742369 24
2714344193 108
2736746253 162
2739454820 136
2751470307 173
2752981434 86
2759781031 22
2819042102 29
2820570352 65
2877103839 80
2878053286 52
2881898293 83
2931281920 157
2940397723 64
2946051437 91
2947745968 46
2947818890 15
2975899179 44
2976264608 50
3052336121 155
3109774447 26
3118895249 113
3134364972 53
3159294203 88
3197165266 105
3210776703 11
3224180642 72
3236016622 17
3252655057 96
3279979113 134
3310504013 174
3311786556 19
3326957411 118
3332444146 98
3345103274 42
3346435016 54
3369397036 140
3415828832 149
3419165889 84
3421043283 21
3439938365 60
3475802041 146
3576346154 110
3576952995 13
3611753873 8
3637528652 5
3640665415 109
3644108658 147
3650994493 120
3682404586 30
3705166655 33
3794242346 100
3813827420 68
3825964894 179
3834047911 176
3846291404 119
3863463209 94
3880856117 48
3896729982 63
3897441493 41
3934144507 95
3954570302 111
3978014586 142
3985338750 76
4012176614 169
4020817277 137
4074327253 3
4106514720 43
4120563849 115
4136759817 171
4162517235 170
4168711638 121
4173604952 164
4231238145 158
4269563040 165
4277558944 10
