1800764 105
87484882 101
97068523 3
125896844 70
132851176 65
158100332 158
197722022 160
212966424 140
268465553 106
277378561 83
346763723 89
347327944 88
386235461 31
391851701 49
409984302 38
435153685 97
442087175 123
465915581 110
482554758 67
521460429 12
582418999 116
600757238 48
646992379 176
677338192 98
680353138 121
723386437 100
755509855 131
777434108 24
789663515 2
833957915 26
849924382 1
882923786 167
934031291 77
984515489 102
1029684725 157
1039775941 132
1061673189 21
1102138352 164
1119750476 136
1145535496 114
1163785346 174
1165500044 162
1171145260 13
1187002154 52
1199928407 45
1302911819 34
1315240339 37
1324646409 0
1353077104 39
1399969279 10
1404395783 103
1411244463 17
1423943361 127
1433784421 115
1473496205 15
1481700130 55
1490182304 14
1506500056 5
1540789971 147
1565581772 72
1583240062 119
1593335970 146
1703074003 99
1723374255 91
1755211868 93
1780965381 145
1817977319 22
1832923198 8
1836837436 59
1854296563 118
1880656059 141
1902819574 178
1957456795 138
1965817051 9
1966862849 47
1967912122 120
1987706045 94
1991912470 161
2034853916 112
2040735391 68
2054922385 117
2070794468 108
2071342302 168
2088744826 28
2180276089 11
2191007551 159
2245017434 128
2302936662 51
2321067875 53
2337471812 137
2352408356 46
2386566304 156
2420023489 154
2493197103 122
2523580740 82
2533558194 155
2563637387 40
2564901090 7
2590626395 86
2612076060 177
2623420502 42
2663355169 62
2675243293 56
2677761041 85
2680647675 104
2689742369 30
2714344193 75
2736746253 163
2739454820 129
2751470307 173
2752981434 125
2759781031 6
2819042102 33
2820570352 113
2877103839 92
2878053286 78
2881898293 57
2931281920 153
2940397723 35
2946051437 90
2947745968 18
2947818890 20
2975899179 63
2976264608 23
3052336121 135
3118895249 80
3134364972 64
3159294203 134
3197165266 139
3210776703 16
3224180642 44
3236016622 25
3252655057 142
3279979113 144
3305405241 41
3310504013 172
3311786556 50
3326957411 87
3332444146 143
3345103274 61
3346435016 73
3369397036 133
3415828832 152
3419165889 84
3421043283 58
3439938365 32
3475802041 126
3576346154 151
3611753873 43
3640665415 74
3644108658 124
3650994493 95
3682404586 96
3705166655 19
3794242346 71
3813827420 76
3825964894 179
3834047911 175
3846291404 111
3863463209 81
3880856117 60
3896729982 69
3897441493 27
3930536579 4
3934144507 66
3954570302 79
3978014586 150
3985338750 109
4012176614 165
4020817277 130
4028575057 36
4106514720 54
4120563849 107
4136759817 171
4162517235 169
4168711638 149
4173604952 166
4231238145 148
4269563040 170
4277558944 29
