1800764 115
87484882 123
97068523 16
125896844 41
132851176 91
158100332 154
197722022 160
212966424 152
268465553 112
277378561 106
346763723 85
347327944 116
386235461 27
391851701 74
409984302 61
435153685 86
442087175 131
465915581 129
482554758 68
582418999 78
646992379 175
677338192 121
680353138 117
723386437 42
725606561 12
755509855 83
777434108 32
789663515 6
795357209 14
833957915 36
849924382 18
882923786 167
934031291 109
984515489 57
1029684725 159
1039775941 114
1102138352 163
1119750476 142
1145535496 132
1163785346 172
1165500044 164
1171145260 40
1187002154 49
1199928407 51
1303866932 4
1315240339 43
1324646409 0
1399969279 3
1404395783 54
1411244463 45
1423943361 144
1433784421 133
1481700130 75
1506500056 15
1540789971 124
1565581772 95
1583240062 135
1593335970 143
1648888063 8
1703074003 113
1723374255 52
1755211868 118
1780965381 145
1817977319 47
1832923198 13
1836837436 60
1854296563 134
1880656059 151
1902819574 178
1957456795 99
1965817051 7
1967912122 53
1979915395 22
1987706045 120
1991912470 161
2034853916 130
2040735391 97
2054922385 70
2070794468 127
2071342302 168
2088744826 48
2180276089 37
2191007551 104
2245017434 149
2302936662 81
2321067875 82
2335376072 26
2337471812 148
2352408356 66
2386566304 156
2420023489 137
2493197103 96
2523580740 107
2533558194 155
2563637387 64
2564901090 11
2590626395 102
2612076060 177
2623420502 30
2663355169 72
2675243293 73
2677761041 35
2680647675 126
2689742369 38
2714344193 92
2736746253 162
2739454820 139
2751470307 173
2752981434 88
2759781031 33
2819042102 46
2820570352 58
2877103839 89
2878053286 62
2881898293 71
2931281920 158
2940397723 29
2946051437 111
2947745968 39
2947818890 24
2975899179 56
2976264608 34
3052336121 153
3109774447 23
3118895249 93
3134364972 69
3159294203 84
3197165266 105
3210776703 19
3224180642 67
3236016622 31
3252655057 90
3279979113 136
3310504013 174
3311786556 28
3326957411 110
3332444146 94
3345103274 55
3346435016 65
3369397036 141
3415828832 150
3419165889 100
3421043283 25
3439938365 20
3475802041 146
3576346154 98
3576952995 5
3611753873 9
3637528652 10
3640665415 87
3644108658 147
3650994493 119
3682404586 21
3705166655 44
3794242346 101
3813827420 80
3825964894 179
3834047911 176
3846291404 128
3863463209 108
3880856117 63
3896729982 77
3897441493 50
3934144507 76
3954570302 103
3978014586 138
3985338750 79
4012176614 169
4020817277 140
4028575057 1
4074327253 2
4106514720 59
4120563849 125
4136759817 171
4162517235 170
4168711638 122
4173604952 165
4231238145 157
4269563040 166
4277558944 17
