1800764 48
87484882 105
125896844 80
132851176 61
158100332 159
197722022 153
212966424 145
268465553 41
277378561 102
346763723 110
347327944 96
391851701 43
409984302 24
435153685 114
442087175 132
465915581 85
482554758 88
521460429 11
582418999 115
600757238 45
646992379 175
677338192 74
680353138 125
723386437 86
725606561 2
755509855 121
795357209 14
833957915 53
882923786 166
934031291 75
972543760 5
976519997 4
984515489 97
1029684725 154
1039775941 133
1061459597 178
1061673189 23
1102138352 163
1119750476 143
1145535496 117
1163785346 174
1165500044 160
1171145260 29
1199928407 67
1302911819 12
1303866932 1
1324646409 0
1353077104 30
1399969279 32
1404395783 95
1411244463 27
1423943361 136
1433784421 99
1473496205 13
1481700130 17
1490182304 15
1506500056 34
1540789971 140
1565581772 52
1583240062 107
1593335970 150
1703074003 57
1723374255 89
1755211868 104
1780965381 149
1817977319 31
1832923198 39
1836837436 81
1854296563 119
1880656059 147
1902819574 177
1957456795 128
1965817051 38
1966862849 21
1967912122 101
1979915395 19
1987706045 92
1991912470 161
2034853916 108
2040735391 64
2054922385 111
2070794468 82
2071342302 168
2088744826 42
2137655290 9
2180276089 18
2191007551 135
2245017434 130
2302936662 68
2321067875 69
2335376072 16
2337471812 144
2338681792 10
2352408356 63
2386566304 157
2420023489 151
2493197103 123
2523580740 100
2533558194 158
2563637387 49
2564901090 35
2590626395 50
2612076060 176
2663355169 3
2675243293 73
2677761041 76
2680647675 79
2689742369 59
2714344193 40
2736746253 162
2739454820 139
2751470307 172
2752981434 124
2759781031 26
2819042102 60
2820570352 103
2877103839 113
2878053286 91
2881898293 8
2931281920 155
2946051437 109
2947818890 51
2975899179 83
2979186596 7
3052336121 137
3118895249 33
3134364972 87
3159294203 122
3197165266 131
3210776703 47
3224180642 28
3236016622 54
3252655057 126
3279979113 146
3305405241 46
3310504013 171
3311786556 66
3326957411 62
3332444146 127
3345103274 78
3346435016 90
3369397036 142
3415828832 156
3419165889 106
3421043283 70
3475802041 134
3576346154 129
3611753873 56
3637528652 20
3640665415 22
3644108658 120
3650994493 77
3682404586 71
3705166655 37
3794242346 65
3813827420 98
3825964894 179
3834047911 173
3846291404 118
3863463209 94
3880856117 84
3896729982 93
3897441493 36
3930536579 25
3954570302 58
3978014586 152
3985338750 112
4012176614 164
4020817277 141
4025582691 6
4028575057 44
4106514720 72
4120563849 116
4136759817 170
4162517235 165
4168711638 138
4173604952 167
4231238145 148
4269563040 169
4277558944 55
