1800764 120
87484882 125
97068523 20
125896844 30
132851176 97
158100332 152
197722022 160
212966424 153
268465553 116
277378561 105
346763723 85
347327944 115
386235461 33
391851701 77
409984302 67
435153685 87
442087175 129
465915581 130
482554758 65
582418999 70
646992379 175
677338192 123
680353138 112
715741596 1
723386437 32
725606561 17
755509855 76
777434108 36
789663515 11
795357209 15
833957915 37
849924382 24
882923786 166
934031291 111
984515489 50
1029684725 159
1039775941 104
1102138352 163
1119750476 142
1145535496 132
1163785346 172
1165500044 168
1171145260 40
1187002154 61
1199928407 52
1303866932 5
1315240339 53
1324646409 0
1399969279 2
1404395783 47
1411244463 48
1423943361 145
1433784421 136
1481700130 80
1506500056 14
1540789971 119
1565581772 100
1583240062 138
1593335970 140
1648888063 16
1703074003 118
1723374255 46
1755211868 117
1780965381 144
1817977319 51
1832923198 10
1836837436 59
1854296563 135
1880656059 151
1902819574 178
1957456795 92
1965817051 6
1967912122 44
1979915395 22
1987706045 121
1991912470 161
2034853916 131
2040735391 101
2054922385 64
2070794468 128
2071342302 167
2088744826 54
2180276089 41
2191007551 95
2245017434 150
2302936662 82
2321067875 84
2335376072 28
2337471812 149
2352408356 69
2386566304 156
2420023489 134
2493197103 93
2523580740 106
2533558194 154
2563637387 68
2564901090 9
2590626395 110
2612076060 177
2623420502 38
2663355169 81
2675243293 73
2677761041 25
2680647675 127
2689742369 35
2714344193 99
2736746253 162
2739454820 139
2751470307 173
2752981434 86
2759781031 31
2819042102 42
2820570352 49
2877103839 89
2878053286 60
2881898293 78
2931281920 157
2940397723 34
2946051437 107
2947745968 43
2947818890 23
2975899179 56
2976264608 39
3052336121 155
3109774447 29
3118895249 102
3134364972 66
3159294203 79
3197165266 96
3210776703 18
3224180642 74
3236016622 27
3252655057 88
3279979113 133
3310504013 174
3311786556 21
3326957411 114
3332444146 90
3345103274 55
3346435016 63
3369397036 143
3415828832 148
3419165889 98
3421043283 19
3439938365 26
3475802041 146
3576346154 91
3576952995 7
3611753873 4
3637528652 13
3640665415 94
3644108658 147
3650994493 122
3682404586 8
3705166655 45
3794242346 103
3813827420 75
3825964894 179
3834047911 176
3846291404 126
3863463209 108
3880856117 62
3896729982 71
3897441493 57
3934144507 83
3954570302 109
3978014586 137
3985338750 72
4012176614 169
4020817277 141
4074327253 3
4106514720 58
4120563849 124
4136759817 171
4162517235 170
4168711638 113
4173604952 165
4231238145 158
4269563040 164
4277558944 12
