1800764 97
87484882 104
125896844 76
132851176 64
158100332 159
197722022 160
212966424 140
268465553 95
277378561 85
346763723 96
347327944 88
386235461 21
391851701 48
409984302 34
435153685 102
442087175 124
465915581 106
482554758 73
521460429 12
582418999 119
600757238 50
646992379 176
677338192 92
680353138 121
723386437 103
755509855 129
777434108 9
833957915 33
882923786 166
934031291 78
984515489 107
1029684725 155
1039775941 132
1061673189 26
1102138352 164
1119750476 137
1145535496 114
1163785346 175
1165500044 162
1171145260 13
1187002154 44
1199928407 49
1302911819 35
1315240339 31
1324646409 0
1353077104 41
1399969279 16
1404395783 108
1411244463 20
1423943361 127
1433784421 113
1473496205 19
1481700130 51
1490182304 17
1497564029 3
1506500056 7
1540789971 148
1565581772 68
1583240062 116
1593335970 146
1703074003 89
1723374255 98
1755211868 93
1780965381 145
1817977319 25
1832923198 14
1836837436 61
1854296563 117
1880656059 143
1902819574 178
1957456795 138
1965817051 15
1966862849 45
1967912122 120
1979915395 1
1987706045 91
1991912470 161
2034853916 110
2040735391 67
2054922385 118
2070794468 105
2071342302 169
2088744826 30
2180276089 6
2191007551 156
2245017434 128
2302936662 54
2321067875 55
2335376072 2
2337471812 136
2352408356 47
2386566304 157
2420023489 154
2493197103 122
2523580740 84
2533558194 158
2563637387 39
2564901090 8
2590626395 77
2612076060 177
2623420502 28
2663355169 56
2675243293 58
2677761041 86
2680647675 101
2689742369 37
2714344193 70
2736746253 163
2739454820 130
2751470307 173
2752981434 125
2759781031 5
2819042102 38
2820570352 115
2877103839 100
2878053286 83
2881898293 52
2931281920 151
2940397723 22
2946051437 94
2947745968 11
2947818890 29
2975899179 65
2976264608 10
3052336121 135
3118895249 72
3134364972 69
3159294203 133
3197165266 139
3210776703 24
3224180642 42
3236016622 32
3252655057 141
3279979113 144
3305405241 43
3310504013 172
3311786556 53
3326957411 81
3332444146 142
3345103274 63
3346435016 79
3369397036 134
3415828832 153
3419165889 87
3421043283 59
3439938365 18
3475802041 126
3576346154 150
3611753873 46
3640665415 66
3644108658 123
3650994493 90
3682404586 99
3705166655 23
3794242346 71
3813827420 80
3825964894 179
3834047911 174
3846291404 112
3863463209 82
3880856117 62
3896729982 75
3897441493 27
3930536579 4
3934144507 60
3954570302 74
3978014586 152
3985338750 111
4012176614 165
4020817277 131
4028575057 40
4106514720 57
4120563849 109
4136759817 171
4162517235 168
4168711638 149
4173604952 167
4231238145 147
4269563040 170
4277558944 36
