1800764 24
87484882 71
125896844 110
132851176 18
143419484 8
158100332 146
197722022 121
212966424 118
268465553 22
277378561 74
346763723 105
347327944 67
366165566 33
391851701 6
435153685 109
442087175 115
456854657 63
465915581 59
480126874 52
482554758 99
521460429 77
582418999 133
600757238 98
646992379 174
677338192 46
680353138 116
723386437 122
755509855 155
833957915 30
882923786 154
934031291 49
972543760 1
976519997 35
984515489 126
1029684725 125
1039775941 152
1061459597 178
1061673189 79
1102138352 151
1119750476 137
1145535496 82
1163785346 175
1165500044 138
1199928407 58
1302911819 96
1324646409 0
1353077104 94
1399969279 53
1402099477 47
1404395783 128
1423943361 113
1433784421 66
1462563128 60
1473496205 78
1490182304 75
1497564029 64
1506500056 28
1540789971 163
1565581772 16
1567831198 15
1583240062 72
1593335970 147
1703074003 27
1723374255 117
1755211868 69
1780965381 141
1832923198 36
1836837436 87
1854296563 89
1880656059 130
1902819574 177
1957456795 162
1965817051 42
1966862849 102
1967912122 140
1987706045 62
1991912470 145
2023365118 39
2034853916 76
2040735391 21
2054922385 134
2070794468 57
2071342302 158
2088744826 10
2115991866 50
2137655290 29
2191007551 173
2245017434 107
2273076216 20
2302936662 34
2321067875 32
2335932329 5
2337471812 124
2338681792 9
2352408356 25
2386566304 139
2420023489 164
2455595861 45
2493197103 132
2523580740 70
2533558194 144
2563637387 12
2564901090 31
2590626395 17
2612076060 176
2618357298 37
2654090424 11
2675243293 61
2677761041 114
2680647675 54
2689742369 48
2714344193 13
2736746253 148
2739454820 123
2751470307 170
2752981434 142
2819042102 38
2820570352 136
2877103839 106
2878053286 108
2931281920 135
2946051437 85
2947818890 41
2975899179 97
3052336121 111
3118895249 14
3134364972 95
3159294203 160
3197165266 159
3210776703 44
3236016622 40
3252655057 167
3279979113 149
3305405241 88
3310504013 161
3311786556 86
3326957411 23
3332444146 166
3345103274 92
3346435016 104
3369397036 131
3415828832 153
3419165889 84
3421043283 101
3453834671 56
3475802041 112
3570828790 2
3576346154 172
3611753873 81
3640665415 3
3644108658 93
3650994493 51
3682404586 129
3705166655 4
3794242346 26
3813827420 103
3825964894 179
3834047911 169
3846291404 91
3863463209 68
3880856117 83
3896729982 100
3930536579 55
3954570302 19
3978014586 157
3985338750 120
4012176614 143
4020817277 127
4025582691 43
4028575057 80
4071585141 7
4106514720 73
4120563849 90
4136759817 165
4162517235 150
4168711638 168
4173604952 156
4231238145 119
4269563040 171
4277558944 65
