1800764 66
87484882 98
125896844 90
132851176 55
158100332 159
197722022 150
212966424 135
268465553 64
277378561 89
346763723 105
347327944 86
391851701 36
409984302 19
435153685 111
442087175 125
456854657 2
465915581 84
482554758 87
521460429 27
582418999 120
600757238 61
646992379 175
677338192 74
680353138 121
723386437 107
755509855 129
833957915 39
882923786 166
934031291 73
976519997 4
984515489 114
1029684725 146
1039775941 134
1061459597 178
1061673189 37
1102138352 163
1119750476 140
1145535496 109
1163785346 174
1165500044 160
1171145260 17
1199928407 59
1302911819 42
1324646409 0
1353077104 50
1399969279 34
1402099477 6
1404395783 113
1411244463 14
1423943361 126
1433784421 96
1462563128 11
1473496205 30
1481700130 20
1490182304 31
1497564029 13
1506500056 25
1540789971 149
1565581772 53
1583240062 103
1593335970 148
1703074003 68
1723374255 104
1755211868 92
1780965381 145
1817977319 21
1832923198 32
1836837436 76
1854296563 112
1880656059 142
1902819574 177
1957456795 137
1965817051 33
1966862849 51
1967912122 118
1979915395 3
1987706045 85
1991912470 161
2034853916 102
2040735391 62
2054922385 119
2070794468 81
2071342302 168
2088744826 29
2137655290 7
2180276089 8
2191007551 153
2245017434 123
2302936662 57
2321067875 60
2335376072 1
2337471812 136
2352408356 46
2386566304 154
2420023489 158
2493197103 122
2523580740 88
2533558194 157
2563637387 35
2564901090 28
2590626395 56
2612076060 176
2663355169 16
2675243293 70
2677761041 97
2680647675 80
2689742369 45
2714344193 47
2736746253 162
2739454820 131
2751470307 172
2752981434 127
2759781031 12
2819042102 44
2820570352 116
2877103839 106
2878053286 99
2881898293 18
2931281920 151
2946051437 100
2947818890 41
2975899179 79
3052336121 128
3118895249 48
3134364972 82
3159294203 130
3197165266 141
3210776703 38
3224180642 26
3236016622 43
3252655057 138
3279979113 144
3305405241 54
3310504013 171
3311786556 69
3326957411 67
3332444146 139
3345103274 78
3346435016 93
3369397036 133
3415828832 156
3419165889 95
3421043283 72
3453834671 5
3475802041 124
3576346154 147
3611753873 58
3637528652 9
3640665415 40
3644108658 117
3650994493 77
3682404586 101
3705166655 22
3794242346 65
3813827420 94
3825964894 179
3834047911 173
3846291404 110
3863463209 83
3880856117 75
3896729982 91
3897441493 24
3930536579 23
3934144507 15
3954570302 63
3978014586 155
3985338750 115
4012176614 164
4020817277 132
4025582691 10
4028575057 52
4106514720 71
4120563849 108
4136759817 169
4162517235 165
4168711638 152
4173604952 167
4231238145 143
4269563040 170
4277558944 49
