1800764 117
87484882 113
97068523 20
125896844 48
132851176 86
158100332 154
197722022 160
212966424 152
268465553 114
277378561 93
346763723 82
347327944 103
386235461 40
391851701 61
409984302 51
435153685 84
442087175 131
465915581 125
482554758 64
582418999 83
600757238 12
646992379 175
677338192 111
680353138 112
723386437 62
725606561 4
755509855 104
777434108 32
789663515 15
795357209 5
833957915 27
849924382 21
882923786 166
934031291 97
984515489 74
1029684725 159
1039775941 124
1102138352 163
1119750476 143
1145535496 128
1163785346 174
1165500044 164
1171145260 26
1187002154 59
1199928407 45
1315240339 46
1324646409 0
1399969279 2
1404395783 72
1411244463 33
1423943361 137
1433784421 130
1481700130 71
1506500056 10
1540789971 135
1565581772 90
1583240062 133
1593335970 146
1648888063 13
1703074003 110
1723374255 65
1755211868 106
1780965381 145
1817977319 38
1832923198 11
1836837436 56
1854296563 129
1880656059 150
1902819574 178
1957456795 118
1965817051 6
1967912122 78
1979915395 14
1987706045 108
1991912470 161
2034853916 126
2040735391 89
2054922385 81
2070794468 122
2071342302 167
2088744826 41
2180276089 28
2191007551 132
2245017434 148
2302936662 68
2321067875 69
2335376072 19
2337471812 149
2352408356 54
2386566304 157
2420023489 144
2493197103 100
2523580740 95
2533558194 155
2563637387 52
2564901090 7
2590626395 101
2612076060 177
2623420502 44
2663355169 77
2675243293 60
2677761041 50
2680647675 121
2689742369 29
2714344193 92
2736746253 162
2739454820 136
2751470307 172
2752981434 102
2759781031 24
2819042102 39
2820570352 76
2877103839 85
2878053286 66
2881898293 73
2931281920 158
2940397723 42
2946051437 98
2947745968 37
2947818890 23
2975899179 55
2976264608 36
3052336121 153
3109774447 22
3118895249 96
3134364972 63
3159294203 107
3197165266 123
3210776703 16
3224180642 58
3236016622 25
3252655057 115
3279979113 138
3305405241 9
3310504013 173
3311786556 30
3326957411 105
3332444146 119
3345103274 53
3346435016 67
3369397036 142
3415828832 151
3419165889 87
3421043283 35
3439938365 34
3475802041 139
3576346154 127
3576952995 1
3611753873 17
3637528652 3
3640665415 88
3644108658 141
3650994493 109
3682404586 47
3705166655 31
3794242346 91
3813827420 75
3825964894 179
3834047911 176
3846291404 120
3863463209 94
3880856117 57
3896729982 70
3897441493 43
3934144507 79
3954570302 99
3978014586 147
3985338750 80
4012176614 169
4020817277 140
4028575057 8
4106514720 49
4120563849 116
4136759817 171
4162517235 170
4168711638 134
4173604952 165
4231238145 156
4269563040 168
4277558944 18
