1800764 83
87484882 98
125896844 93
132851176 57
158100332 154
197722022 149
212966424 133
268465553 80
277378561 84
346763723 99
347327944 86
386235461 6
391851701 38
409984302 25
435153685 106
442087175 123
456854657 11
465915581 96
482554758 78
521460429 31
582418999 118
600757238 55
646992379 175
677338192 82
680353138 119
723386437 112
755509855 137
833957915 27
882923786 166
934031291 72
984515489 113
1029684725 145
1039775941 136
1061459597 178
1061673189 39
1102138352 163
1119750476 134
1145535496 109
1163785346 174
1165500044 160
1171145260 8
1187002154 32
1199928407 45
1302911819 46
1315240339 14
1324646409 0
1353077104 51
1399969279 24
1404395783 115
1411244463 10
1423943361 126
1433784421 103
1462563128 9
1473496205 35
1481700130 40
1490182304 34
1497564029 19
1506500056 13
1540789971 151
1565581772 61
1583240062 107
1593335970 144
1703074003 76
1723374255 108
1755211868 91
1780965381 140
1817977319 17
1832923198 21
1836837436 68
1854296563 110
1880656059 135
1902819574 177
1957456795 142
1965817051 22
1966862849 56
1967912122 121
1987706045 87
1991912470 161
2034853916 102
2040735391 63
2054922385 120
2070794468 94
2071342302 168
2088744826 23
2180276089 1
2191007551 159
2245017434 125
2302936662 48
2321067875 49
2337471812 132
2352408356 42
2386566304 150
2420023489 157
2493197103 122
2523580740 81
2533558194 152
2563637387 33
2564901090 15
2590626395 69
2612076060 176
2623420502 12
2663355169 44
2675243293 54
2677761041 101
2680647675 92
2689742369 37
2714344193 62
2736746253 162
2739454820 129
2751470307 172
2752981434 128
2759781031 3
2819042102 36
2820570352 117
2877103839 100
2878053286 97
2881898293 41
2931281920 146
2940397723 7
2946051437 95
2947818890 28
2975899179 74
3052336121 127
3118895249 65
3134364972 75
3159294203 139
3197165266 143
3210776703 26
3224180642 30
3236016622 29
3252655057 147
3279979113 141
3305405241 52
3310504013 171
3311786556 58
3326957411 73
3332444146 148
3345103274 71
3346435016 88
3369397036 131
3415828832 153
3419165889 89
3421043283 70
3439938365 5
3453834671 4
3475802041 124
3576346154 158
3611753873 53
3640665415 60
3644108658 116
3650994493 79
3682404586 111
3705166655 16
3794242346 64
3813827420 90
3825964894 179
3834047911 173
3846291404 105
3863463209 77
3880856117 67
3896729982 85
3897441493 20
3930536579 18
3934144507 50
3954570302 66
3978014586 155
3985338750 114
4012176614 164
4020817277 130
4025582691 2
4028575057 47
4106514720 59
4120563849 104
4136759817 169
4162517235 165
4168711638 156
4173604952 167
4231238145 138
4269563040 170
4277558944 43
