1800764 95
87484882 83
125896844 107
132851176 44
158100332 146
197722022 138
212966424 126
268465553 99
277378561 70
346763723 104
347327944 71
366165566 11
386235461 20
391851701 18
409984302 4
435153685 108
442087175 116
456854657 43
465915581 91
480126874 26
482554758 86
521460429 49
582418999 124
600757238 81
646992379 174
677338192 79
680353138 114
723386437 120
755509855 153
777434108 1
833957915 6
882923786 161
934031291 54
976519997 3
984515489 119
1029684725 135
1039775941 145
1061459597 178
1061673189 52
1102138352 152
1119750476 134
1145535496 101
1163785346 175
1165500044 148
1187002154 42
1199928407 36
1302911819 85
1315240339 17
1324646409 0
1353077104 78
1399969279 23
1402099477 12
1404395783 121
1423943361 115
1433784421 97
1462563128 35
1473496205 51
1481700130 37
1490182304 46
1497564029 41
1540789971 156
1565581772 53
1583240062 102
1593335970 142
1703074003 84
1723374255 111
1755211868 76
1780965381 140
1832923198 5
1836837436 66
1854296563 103
1880656059 133
1902819574 177
1957456795 158
1965817051 9
1966862849 98
1967912122 136
1987706045 74
1991912470 149
2023365118 27
2034853916 93
2040735391 48
2054922385 130
2070794468 90
2071342302 165
2115991866 31
2191007551 171
2245017434 112
2302936662 33
2321067875 34
2337471812 129
2352408356 22
2386566304 141
2420023489 157
2455595861 30
2493197103 122
2523580740 67
2533558194 144
2563637387 7
2564901090 2
2590626395 69
2612076060 176
2618357298 16
2623420502 32
2663355169 45
2675243293 40
2677761041 110
2680647675 88
2689742369 25
2714344193 55
2736746253 150
2739454820 123
2751470307 172
2752981434 139
2819042102 19
2820570352 132
2877103839 105
2878053286 106
2881898293 38
2931281920 137
2940397723 21
2946051437 82
2947818890 14
2975899179 77
3052336121 118
3118895249 65
3134364972 75
3159294203 159
3197165266 155
3210776703 13
3224180642 10
3236016622 15
3252655057 164
3279979113 143
3305405241 64
3310504013 168
3311786556 59
3326957411 68
3332444146 163
3345103274 72
3346435016 96
3369397036 128
3415828832 147
3419165889 80
3421043283 87
3439938365 29
3453834671 28
3475802041 113
3576346154 170
3611753873 56
3640665415 60
3644108658 109
3650994493 73
3682404586 127
3794242346 50
3813827420 92
3825964894 179
3834047911 173
3846291404 100
3863463209 63
3880856117 62
3896729982 89
3930536579 24
3934144507 61
3954570302 58
3978014586 151
3985338750 117
4012176614 154
4020817277 125
4025582691 8
4028575057 57
4106514720 47
4120563849 94
4136759817 167
4162517235 160
4168711638 166
4173604952 162
4231238145 131
4269563040 169
4277558944 39
