1800764 94
87484882 124
97068523 4
125896844 49
132851176 88
158100332 154
197722022 160
212966424 153
268465553 91
277378561 111
346763723 97
347327944 117
386235461 7
391851701 67
409984302 53
435153685 99
442087175 135
465915581 123
482554758 74
582418999 83
600757238 6
646992379 175
677338192 113
680353138 125
723386437 48
725606561 15
755509855 87
777434108 13
795357209 18
833957915 43
849924382 9
882923786 166
934031291 105
984515489 63
1029684725 159
1039775941 122
1102138352 164
1119750476 145
1145535496 133
1163785346 173
1165500044 163
1171145260 39
1187002154 23
1199928407 58
1303866932 12
1315240339 27
1324646409 0
1399969279 14
1404395783 60
1411244463 41
1423943361 142
1433784421 128
1481700130 55
1506500056 26
1540789971 131
1565581772 86
1583240062 132
1593335970 146
1703074003 98
1723374255 59
1755211868 120
1780965381 147
1817977319 46
1832923198 24
1836837436 68
1854296563 134
1880656059 151
1902819574 178
1957456795 106
1965817051 20
1967912122 56
1979915395 28
1987706045 118
1991912470 161
2034853916 130
2040735391 92
2054922385 76
2070794468 121
2071342302 167
2088744826 52
2180276089 36
2191007551 109
2245017434 148
2302936662 78
2321067875 79
2335376072 30
2337471812 149
2352408356 69
2386566304 157
2420023489 138
2493197103 107
2523580740 112
2533558194 155
2563637387 61
2564901090 22
2590626395 89
2612076060 177
2623420502 5
2663355169 47
2675243293 77
2677761041 40
2680647675 119
2689742369 45
2714344193 82
2736746253 162
2739454820 140
2751470307 174
2752981434 100
2759781031 34
2819042102 54
2820570352 62
2877103839 102
2878053286 70
2881898293 51
2931281920 158
2940397723 8
2946051437 116
2947745968 32
2947818890 33
2975899179 65
2976264608 17
3052336121 152
3109774447 16
3118895249 81
3134364972 75
3159294203 90
3197165266 115
3210776703 31
3224180642 57
3236016622 38
3252655057 101
3279979113 136
3305405241 10
3310504013 172
3311786556 37
3326957411 96
3332444146 103
3345103274 64
3346435016 73
3369397036 144
3415828832 150
3419165889 108
3421043283 35
3475802041 143
3576346154 104
3576952995 3
3611753873 21
3637528652 19
3640665415 71
3644108658 137
3650994493 114
3682404586 25
3705166655 44
3794242346 95
3813827420 85
3825964894 179
3834047911 176
3846291404 129
3863463209 110
3880856117 72
3896729982 80
3897441493 50
3930536579 1
3934144507 42
3954570302 93
3978014586 139
3985338750 84
4012176614 169
4020817277 141
4028575057 11
4074327253 2
4106514720 66
4120563849 127
4136759817 171
4162517235 170
4168711638 126
4173604952 165
4231238145 156
4269563040 168
4277558944 29
