1800764 10
87484882 84
125896844 100
132851176 38
158100332 157
197722022 133
212966424 129
268465553 5
277378561 88
346763723 109
347327944 80
391851701 23
435153685 113
442087175 127
456854657 18
465915581 67
480126874 21
482554758 97
521460429 43
582418999 121
600757238 73
646992379 174
677338192 55
680353138 124
723386437 112
755509855 131
795357209 4
833957915 49
882923786 166
934031291 66
972543760 11
976519997 27
984515489 115
1029684725 138
1039775941 140
1061459597 178
1061673189 56
1102138352 165
1119750476 143
1145535496 95
1163785346 175
1165500044 152
1171145260 19
1199928407 70
1302911819 52
1324646409 0
1353077104 68
1399969279 51
1402099477 28
1404395783 114
1411244463 12
1423943361 125
1433784421 76
1462563128 32
1473496205 45
1490182304 46
1497564029 37
1506500056 41
1540789971 153
1565581772 20
1583240062 82
1593335970 151
1703074003 22
1723374255 110
1755211868 83
1780965381 147
1817977319 24
1832923198 47
1836837436 90
1854296563 99
1880656059 139
1902819574 177
1957456795 142
1965817051 48
1966862849 65
1967912122 119
1979915395 6
1987706045 77
1991912470 162
2034853916 86
2040735391 39
2054922385 120
2070794468 62
2071342302 168
2088744826 35
2137655290 31
2191007551 154
2245017434 116
2273076216 17
2302936662 60
2321067875 58
2337471812 136
2338681792 15
2352408356 50
2386566304 150
2420023489 160
2493197103 126
2523580740 87
2533558194 156
2563637387 36
2564901090 42
2590626395 14
2612076060 176
2654090424 2
2675243293 75
2677761041 107
2680647675 61
2689742369 63
2714344193 8
2736746253 163
2739454820 132
2751470307 172
2752981434 128
2759781031 13
2819042102 59
2820570352 117
2877103839 111
2878053286 108
2931281920 146
2946051437 96
2947818890 54
2975899179 92
2979186596 9
3052336121 122
3118895249 1
3134364972 93
3159294203 135
3197165266 145
3210776703 53
3224180642 7
3236016622 57
3252655057 141
3279979113 149
3305405241 72
3310504013 169
3311786556 78
3326957411 33
3332444146 144
3345103274 91
3346435016 103
3369397036 137
3415828832 158
3419165889 94
3421043283 85
3453834671 26
3475802041 123
3576346154 148
3611753873 74
3637528652 16
3644108658 102
3650994493 64
3682404586 106
3705166655 29
3794242346 40
3813827420 105
3825964894 179
3834047911 173
3846291404 104
3863463209 81
3880856117 89
3896729982 98
3897441493 25
3930536579 44
3954570302 30
3978014586 159
3985338750 118
4012176614 161
4020817277 134
4025582691 34
4028575057 71
4084769632 3
4106514720 79
4120563849 101
4136759817 170
4162517235 164
4168711638 155
4173604952 167
4231238145 130
4269563040 171
4277558944 69
