1800764 7
87484882 76
125896844 106
132851176 26
143419484 3
158100332 150
197722022 125
212966424 123
268465553 1
277378561 81
346763723 105
347327944 71
366165566 19
391851701 11
435153685 110
442087175 122
456854657 46
465915581 59
480126874 37
482554758 101
521460429 63
582418999 127
600757238 87
646992379 174
677338192 42
680353138 120
723386437 117
755509855 145
833957915 40
882923786 163
934031291 56
972543760 10
976519997 33
984515489 119
1029684725 132
1039775941 143
1061459597 178
1061673189 70
1102138352 156
1119750476 138
1145535496 89
1163785346 175
1165500044 140
1171145260 4
1199928407 62
1302911819 74
1324646409 0
1353077104 83
1399969279 60
1402099477 36
1404395783 121
1423943361 116
1433784421 66
1462563128 47
1473496205 65
1490182304 64
1497564029 58
1506500056 34
1540789971 160
1565581772 15
1567831198 9
1583240062 73
1593335970 146
1703074003 18
1723374255 114
1755211868 75
1780965381 142
1817977319 12
1832923198 44
1836837436 90
1854296563 94
1880656059 136
1902819574 177
1957456795 155
1965817051 49
1966862849 85
1967912122 130
1987706045 67
1991912470 149
2023365118 23
2034853916 77
2040735391 28
2054922385 128
2070794468 50
2071342302 167
2088744826 22
2115991866 30
2137655290 32
2191007551 169
2245017434 109
2273076216 29
2302936662 45
2321067875 43
2337471812 133
2338681792 17
2352408356 35
2386566304 141
2420023489 162
2455595861 27
2493197103 129
2523580740 80
2533558194 147
2563637387 21
2564901090 38
2590626395 6
2612076060 176
2618357298 25
2654090424 14
2675243293 68
2677761041 111
2680647675 48
2689742369 61
2736746253 152
2739454820 131
2751470307 172
2752981434 139
2819042102 52
2820570352 126
2877103839 107
2878053286 108
2931281920 137
2946051437 92
2947818890 54
2975899179 97
2979186596 5
3052336121 112
3134364972 98
3159294203 151
3197165266 157
3210776703 55
3236016622 53
3252655057 158
3279979113 148
3305405241 84
3310504013 168
3311786556 86
3326957411 24
3332444146 159
3345103274 93
3346435016 104
3369397036 135
3415828832 154
3419165889 91
3421043283 100
3453834671 41
3475802041 113
3576346154 166
3611753873 82
3637528652 8
3644108658 95
3650994493 51
3682404586 115
3705166655 16
3794242346 31
3813827420 103
3825964894 179
3834047911 171
3846291404 99
3863463209 72
3880856117 88
3896729982 102
3897441493 13
3930536579 57
3954570302 20
3978014586 161
3985338750 118
4012176614 144
4020817277 134
4025582691 39
4028575057 79
4084769632 2
4106514720 78
4120563849 96
4136759817 170
4162517235 153
4168711638 164
4173604952 165
4231238145 124
4269563040 173
4277558944 69
