1800764 25
87484882 82
125896844 105
132851176 29
158100332 149
197722022 130
212966424 127
268465553 23
277378561 84
346763723 106
347327944 74
366165566 7
391851701 16
435153685 109
442087175 122
456854657 43
465915581 65
480126874 34
482554758 100
521460429 61
582418999 124
600757238 86
646992379 174
677338192 56
680353138 121
723386437 116
755509855 144
833957915 41
882923786 165
934031291 57
972543760 4
976519997 27
984515489 119
1029684725 135
1039775941 143
1061459597 178
1061673189 67
1102138352 159
1119750476 138
1145535496 94
1163785346 175
1165500044 142
1171145260 6
1199928407 63
1302911819 70
1324646409 0
1353077104 77
1399969279 54
1402099477 33
1404395783 120
1411244463 1
1423943361 117
1433784421 71
1462563128 44
1473496205 64
1490182304 62
1497564029 53
1506500056 35
1540789971 160
1565581772 24
1583240062 81
1593335970 146
1703074003 30
1723374255 112
1755211868 79
1780965381 140
1817977319 9
1832923198 42
1836837436 89
1854296563 98
1880656059 136
1902819574 177
1957456795 151
1965817051 45
1966862849 83
1967912122 128
1987706045 69
1991912470 152
2023365118 11
2034853916 87
2040735391 32
2054922385 125
2070794468 60
2071342302 168
2088744826 19
2115991866 21
2137655290 26
2191007551 167
2245017434 111
2273076216 18
2302936662 48
2321067875 47
2337471812 133
2338681792 8
2352408356 40
2386566304 141
2420023489 162
2455595861 17
2493197103 126
2523580740 80
2533558194 148
2563637387 20
2564901090 38
2590626395 22
2612076060 176
2618357298 13
2654090424 3
2675243293 68
2677761041 110
2680647675 59
2689742369 55
2714344193 15
2736746253 156
2739454820 131
2751470307 172
2752981434 137
2759781031 2
2819042102 52
2820570352 123
2877103839 107
2878053286 108
2931281920 139
2946051437 95
2947818890 51
2975899179 92
3052336121 115
3118895249 12
3134364972 93
3159294203 147
3197165266 153
3210776703 50
3236016622 49
3252655057 155
3279979113 145
3305405241 78
3310504013 169
3311786556 85
3326957411 31
3332444146 157
3345103274 90
3346435016 104
3369397036 134
3415828832 154
3419165889 91
3421043283 96
3453834671 37
3475802041 114
3576346154 164
3611753873 76
3637528652 5
3644108658 101
3650994493 58
3682404586 113
3705166655 14
3794242346 39
3813827420 103
3825964894 179
3834047911 173
3846291404 99
3863463209 73
3880856117 88
3896729982 102
3897441493 10
3930536579 46
3954570302 28
3978014586 161
3985338750 118
4012176614 150
4020817277 132
4025582691 36
4028575057 72
4106514720 75
4120563849 97
4136759817 170
4162517235 158
4168711638 163
4173604952 166
4231238145 129
4269563040 171
4277558944 66
