87484882 75
125896844 107
132851176 12
143419484 15
158100332 153
197722022 118
212966424 125
277378561 79
346763723 106
347327944 70
366165566 25
391851701 4
435153685 111
442087175 122
456854657 50
465915581 39
480126874 42
482554758 101
521460429 65
582418999 128
600757238 88
646992379 174
677338192 31
680353138 123
723386437 117
755509855 144
833957915 46
882923786 162
934031291 45
972543760 21
976519997 38
984515489 119
1029684725 127
1039775941 145
1061459597 177
1061673189 73
1102138352 154
1119750476 139
1145535496 86
1163785346 175
1165500044 138
1171145260 7
1199928407 64
1302911819 77
1324646409 0
1353077104 82
1399969279 62
1402099477 44
1404395783 121
1411244463 1
1423943361 116
1433784421 60
1462563128 52
1473496205 68
1490182304 67
1497564029 57
1506500056 40
1540789971 160
1567831198 20
1583240062 66
1593335970 149
1721069724 9
1723374255 115
1755211868 76
1780965381 143
1817977319 11
1832923198 51
1836837436 96
1854296563 89
1880656059 135
1902819574 178
1957456795 155
1965817051 54
1966862849 85
1967912122 130
1987706045 63
1991912470 146
2023365118 26
2034853916 74
2040735391 13
2054922385 129
2070794468 34
2071342302 168
2088744826 23
2115991866 30
2137655290 36
2191007551 169
2245017434 105
2273076216 32
2302936662 43
2321067875 41
2337471812 132
2338681792 27
2352408356 35
2386566304 141
2420023489 163
2455595861 29
2493197103 131
2523580740 78
2533558194 148
2563637387 19
2564901090 47
2612076060 176
2616533013 6
2618357298 28
2654090424 22
2675243293 69
2677761041 112
2680647675 33
2689742369 61
2736746253 151
2739454820 133
2751470307 172
2752981434 140
2759781031 5
2819042102 53
2820570352 126
2877103839 108
2878053286 109
2931281920 137
2946051437 93
2947818890 56
2975899179 99
2979186596 17
3052336121 110
3134364972 98
3159294203 150
3197165266 157
3210776703 58
3236016622 55
3252655057 158
3279979113 152
3305405241 84
3310504013 164
3311786556 90
3326957411 3
3332444146 159
3345103274 97
3346435016 104
3369397036 136
3415828832 156
3419165889 94
3421043283 100
3453834671 48
3475802041 113
3576346154 167
3611753873 83
3637528652 14
3644108658 87
3650994493 37
3682404586 114
3705166655 18
3794242346 24
3813827420 103
3825964894 179
3834047911 171
3846291404 95
3863463209 71
3880856117 91
3896729982 102
3897441493 10
3930536579 59
3954570302 2
3978014586 161
3985338750 120
4012176614 142
4020817277 134
4025582691 49
4028575057 81
4071585141 8
4084769632 16
4106514720 80
4120563849 92
4136759817 170
4162517235 147
4168711638 166
4173604952 165
4231238145 124
4269563040 173
4277558944 72
