1800764 54
87484882 88
125896844 104
132851176 43
158100332 149
197722022 136
212966424 128
268465553 52
277378561 83
346763723 106
347327944 80
391851701 19
435153685 109
442087175 122
456854657 33
465915581 74
480126874 22
482554758 96
521460429 56
582418999 123
600757238 77
646992379 174
677338192 64
680353138 119
723386437 114
755509855 143
833957915 30
882923786 166
934031291 62
976519997 18
984515489 117
1029684725 137
1039775941 140
1061459597 178
1061673189 61
1102138352 161
1119750476 138
1145535496 98
1163785346 175
1165500044 148
1171145260 5
1199928407 59
1302911819 67
1324646409 0
1353077104 73
1399969279 41
1402099477 21
1404395783 118
1411244463 1
1423943361 120
1433784421 86
1462563128 29
1473496205 58
1481700130 7
1490182304 57
1497564029 42
1506500056 25
1540789971 156
1565581772 37
1583240062 93
1593335970 145
1703074003 55
1723374255 111
1755211868 84
1780965381 141
1817977319 12
1832923198 28
1836837436 85
1854296563 103
1880656059 134
1902819574 177
1957456795 150
1965817051 34
1966862849 79
1967912122 127
1987706045 75
1991912470 155
2023365118 4
2034853916 92
2040735391 46
2054922385 125
2070794468 70
2071342302 168
2088744826 17
2115991866 15
2137655290 16
2191007551 165
2245017434 112
2273076216 8
2302936662 49
2321067875 50
2337471812 132
2352408356 36
2386566304 142
2420023489 160
2455595861 11
2493197103 126
2523580740 81
2533558194 147
2563637387 20
2564901090 27
2590626395 45
2612076060 176
2618357298 6
2663355169 3
2675243293 63
2677761041 110
2680647675 68
2689742369 48
2714344193 31
2736746253 159
2739454820 129
2751470307 172
2752981434 135
2819042102 44
2820570352 124
2877103839 108
2878053286 107
2881898293 2
2931281920 139
2946051437 95
2947818890 39
2975899179 89
3052336121 121
3118895249 32
3134364972 91
3159294203 146
3197165266 151
3210776703 38
3224180642 10
3236016622 40
3252655057 153
3279979113 144
3305405241 72
3310504013 169
3311786556 76
3326957411 53
3332444146 154
3345103274 87
3346435016 102
3369397036 133
3415828832 152
3419165889 94
3421043283 90
3453834671 26
3475802041 116
3576346154 164
3611753873 69
3640665415 24
3644108658 105
3650994493 65
3682404586 113
3705166655 14
3794242346 51
3813827420 100
3825964894 179
3834047911 173
3846291404 101
3863463209 78
3880856117 82
3896729982 97
3897441493 13
3930536579 35
3934144507 9
3954570302 47
3978014586 157
3985338750 115
4012176614 158
4020817277 130
4025582691 23
4028575057 66
4106514720 71
4120563849 99
4136759817 170
4162517235 163
4168711638 162
4173604952 167
4231238145 131
4269563040 171
4277558944 60
