1800764 65
87484882 115
125896844 66
132851176 67
158100332 156
197722022 160
212966424 151
268465553 61
277378561 105
346763723 103
347327944 107
391851701 53
409984302 37
435153685 109
442087175 134
465915581 102
482554758 88
582418999 100
600757238 25
646992379 176
677338192 94
680353138 129
723386437 72
725606561 12
755509855 112
795357209 17
833957915 49
882923786 167
934031291 92
972543760 5
984515489 87
1029684725 158
1039775941 132
1061673189 13
1102138352 164
1119750476 144
1145535496 125
1163785346 174
1165500044 162
1171145260 36
1187002154 4
1199928407 60
1303866932 10
1315240339 9
1324646409 0
1353077104 15
1399969279 23
1404395783 83
1411244463 35
1423943361 138
1433784421 116
1481700130 34
1490182304 2
1506500056 32
1540789971 136
1565581772 64
1583240062 120
1593335970 148
1703074003 74
1723374255 82
1755211868 111
1780965381 147
1817977319 42
1832923198 33
1836837436 78
1854296563 128
1880656059 152
1902819574 178
1957456795 126
1965817051 29
1966862849 8
1967912122 85
1979915395 20
1987706045 106
1991912470 161
2034853916 118
2040735391 73
2054922385 95
2070794468 99
2071342302 168
2088744826 47
2137655290 1
2180276089 24
2191007551 131
2245017434 139
2302936662 69
2321067875 71
2335376072 21
2337471812 150
2338681792 7
2352408356 59
2386566304 159
2420023489 146
2493197103 119
2523580740 104
2533558194 155
2563637387 52
2564901090 30
2590626395 63
2612076060 177
2663355169 22
2675243293 79
2677761041 62
2680647675 98
2689742369 50
2714344193 58
2736746253 163
2739454820 140
2751470307 173
2752981434 117
2759781031 31
2819042102 56
2820570352 90
2877103839 110
2878053286 86
2881898293 28
2931281920 157
2946051437 113
2947745968 16
2947818890 43
2975899179 76
2976264608 3
2979186596 6
3052336121 145
3109774447 11
3118895249 57
3134364972 84
3159294203 114
3197165266 130
3210776703 38
3224180642 45
3236016622 46
3252655057 121
3279979113 142
3305405241 27
3310504013 172
3311786556 54
3326957411 77
3332444146 123
3345103274 75
3346435016 89
3369397036 143
3415828832 153
3419165889 108
3421043283 55
3475802041 137
3576346154 127
3611753873 39
3637528652 19
3640665415 48
3644108658 133
3650994493 96
3682404586 51
3705166655 41
3794242346 80
3813827420 93
3825964894 179
3834047911 175
3846291404 124
3863463209 101
3880856117 81
3896729982 91
3897441493 44
3930536579 14
3934144507 18
3954570302 70
3978014586 149
3985338750 97
4012176614 165
4020817277 141
4028575057 26
4106514720 68
4120563849 122
4136759817 171
4162517235 169
4168711638 135
4173604952 166
4231238145 154
4269563040 170
4277558944 40
