1800764 65
87484882 100
125896844 85
132851176 58
158100332 159
197722022 152
212966424 139
268465553 59
277378561 91
346763723 106
347327944 88
391851701 38
409984302 18
435153685 112
442087175 125
465915581 83
482554758 87
521460429 21
582418999 120
600757238 55
646992379 175
677338192 74
680353138 122
723386437 104
755509855 128
795357209 2
833957915 41
882923786 166
934031291 73
976519997 3
984515489 110
1029684725 151
1039775941 132
1061459597 178
1061673189 35
1102138352 163
1119750476 141
1145535496 111
1163785346 174
1165500044 160
1171145260 19
1199928407 61
1302911819 36
1324646409 0
1353077104 45
1399969279 34
1402099477 4
1404395783 109
1411244463 17
1423943361 127
1433784421 99
1462563128 8
1473496205 23
1481700130 20
1490182304 24
1497564029 11
1506500056 29
1540789971 147
1565581772 54
1583240062 105
1593335970 150
1703074003 68
1723374255 102
1755211868 95
1780965381 146
1817977319 25
1832923198 32
1836837436 75
1854296563 114
1880656059 142
1902819574 177
1957456795 134
1965817051 33
1966862849 44
1967912122 117
1979915395 7
1987706045 86
1991912470 161
2034853916 103
2040735391 63
2054922385 118
2070794468 81
2071342302 168
2088744826 31
2137655290 6
2180276089 10
2191007551 148
2245017434 123
2302936662 62
2321067875 64
2335376072 5
2337471812 140
2352408356 52
2386566304 156
2420023489 155
2493197103 121
2523580740 89
2533558194 158
2563637387 39
2564901090 30
2590626395 56
2612076060 176
2663355169 14
2675243293 70
2677761041 93
2680647675 80
2689742369 49
2714344193 47
2736746253 162
2739454820 131
2751470307 172
2752981434 124
2759781031 15
2819042102 48
2820570352 115
2877103839 107
2878053286 97
2881898293 16
2931281920 153
2946051437 101
2947818890 42
2975899179 79
3052336121 130
3118895249 46
3134364972 82
3159294203 129
3197165266 138
3210776703 40
3224180642 28
3236016622 43
3252655057 135
3279979113 145
3305405241 53
3310504013 171
3311786556 69
3326957411 66
3332444146 137
3345103274 77
3346435016 92
3369397036 136
3415828832 157
3419165889 98
3421043283 72
3453834671 1
3475802041 126
3576346154 144
3611753873 57
3637528652 12
3640665415 37
3644108658 119
3650994493 78
3682404586 94
3705166655 26
3794242346 67
3813827420 96
3825964894 179
3834047911 173
3846291404 113
3863463209 84
3880856117 76
3896729982 90
3897441493 27
3930536579 22
3934144507 13
3954570302 60
3978014586 154
3985338750 116
4012176614 164
4020817277 133
4025582691 9
4028575057 51
4106514720 71
4120563849 108
4136759817 169
4162517235 165
4168711638 149
4173604952 167
4231238145 143
4269563040 170
4277558944 50
