1800764 140
87484882 102
97068523 38
125896844 48
132851176 88
158100332 155
197722022 161
212966424 152
268465553 142
277378561 83
346763723 71
347327944 92
386235461 67
391851701 60
409984302 55
435153685 74
442087175 112
465915581 125
482554758 50
582418999 81
600757238 16
646992379 175
677338192 115
680353138 97
715741596 35
723386437 65
725606561 4
755509855 106
777434108 58
789663515 40
833957915 19
849924382 36
882923786 166
905458755 24
934031291 91
984515489 69
1029684725 159
1039775941 114
1102138352 163
1119750476 138
1145535496 117
1163785346 173
1165500044 165
1171145260 21
1187002154 89
1199928407 32
1302911819 3
1315240339 66
1324646409 0
1353077104 6
1404395783 70
1411244463 29
1423943361 131
1433784421 128
1481700130 82
1540789971 135
1565581772 100
1583240062 129
1593335970 144
1648888063 33
1703074003 127
1723374255 64
1755211868 95
1780965381 143
1817977319 28
1832923198 1
1836837436 41
1854296563 118
1880656059 150
1902819574 178
1957456795 120
1966862849 12
1967912122 80
1979915395 7
1987706045 99
1991912470 160
2034853916 119
2040735391 93
2054922385 79
2070794468 126
2071342302 167
2088744826 30
2180276089 27
2191007551 141
2245017434 149
2302936662 54
2321067875 59
2335376072 15
2337471812 146
2352408356 43
2386566304 156
2420023489 147
2493197103 90
2523580740 84
2533558194 154
2563637387 46
2590626395 116
2612076060 177
2623420502 78
2663355169 96
2675243293 47
2677761041 51
2680647675 124
2689742369 20
2714344193 104
2736746253 162
2739454820 130
2751470307 172
2752981434 98
2759781031 18
2819042102 22
2820570352 76
2877103839 73
2878053286 57
2881898293 87
2931281920 157
2940397723 68
2946051437 85
2947745968 44
2947818890 11
2975899179 42
2976264608 52
3052336121 153
3109774447 26
3118895249 111
3134364972 49
3159294203 110
3197165266 122
3210776703 5
3224180642 63
3236016622 14
3252655057 121
3279979113 136
3305405241 13
3310504013 174
3311786556 23
3326957411 113
3332444146 123
3345103274 39
3346435016 53
3369397036 134
3415828832 151
3419165889 77
3421043283 31
3439938365 72
3475802041 133
3576346154 137
3576952995 9
3611753873 17
3640665415 109
3644108658 145
3650994493 107
3682404586 62
3705166655 25
3794242346 94
3813827420 61
3825964894 179
3834047911 176
3846291404 103
3863463209 86
3880856117 45
3896729982 56
3897441493 34
3934144507 108
3954570302 105
3978014586 148
3985338750 75
4012176614 169
4020817277 132
4028575057 8
4088869787 2
4106514720 37
4120563849 101
4136759817 171
4162517235 170
4168711638 139
4173604952 164
4231238145 158
4269563040 168
4277558944 10
