1800764 44
87484882 103
125896844 85
132851176 60
158100332 159
197722022 152
212966424 143
268465553 39
277378561 98
346763723 110
347327944 92
391851701 43
409984302 22
435153685 114
442087175 130
465915581 81
482554758 89
521460429 12
582418999 117
600757238 51
646992379 175
677338192 71
680353138 125
723386437 87
755509855 121
795357209 11
833957915 53
882923786 166
934031291 75
972543760 6
976519997 4
984515489 102
1029684725 154
1039775941 134
1061459597 178
1061673189 26
1102138352 164
1119750476 145
1145535496 115
1163785346 174
1165500044 160
1171145260 29
1199928407 68
1302911819 18
1324646409 0
1353077104 33
1399969279 38
1402099477 3
1404395783 101
1411244463 24
1423943361 135
1433784421 96
1462563128 1
1473496205 17
1481700130 13
1490182304 19
1506500056 36
1540789971 142
1565581772 49
1583240062 107
1593335970 150
1703074003 55
1723374255 95
1755211868 100
1780965381 149
1817977319 31
1832923198 41
1836837436 80
1854296563 119
1880656059 148
1902819574 177
1957456795 129
1965817051 40
1966862849 27
1967912122 104
1979915395 16
1987706045 88
1991912470 161
2034853916 108
2040735391 63
2054922385 112
2070794468 78
2071342302 168
2088744826 42
2137655290 10
2180276089 15
2191007551 137
2245017434 128
2273076216 2
2302936662 66
2321067875 67
2335376072 14
2337471812 144
2338681792 9
2352408356 64
2386566304 157
2420023489 151
2493197103 122
2523580740 97
2533558194 158
2563637387 46
2564901090 37
2590626395 45
2612076060 176
2675243293 73
2677761041 82
2680647675 77
2689742369 61
2714344193 35
2736746253 162
2739454820 138
2751470307 172
2752981434 124
2759781031 23
2819042102 62
2820570352 106
2877103839 111
2878053286 94
2881898293 5
2931281920 155
2946051437 109
2947818890 52
2975899179 84
2979186596 7
3052336121 136
3118895249 30
3134364972 86
3159294203 123
3197165266 133
3210776703 47
3224180642 28
3236016622 54
3252655057 126
3279979113 146
3305405241 50
3310504013 171
3311786556 69
3326957411 59
3332444146 127
3345103274 79
3346435016 91
3369397036 141
3415828832 156
3419165889 105
3421043283 70
3475802041 131
3576346154 132
3611753873 58
3637528652 21
3640665415 20
3644108658 120
3650994493 76
3682404586 72
3705166655 34
3794242346 65
3813827420 99
3825964894 179
3834047911 173
3846291404 118
3863463209 90
3880856117 83
3896729982 93
3897441493 32
3930536579 25
3954570302 56
3978014586 153
3985338750 113
4012176614 163
4020817277 139
4025582691 8
4028575057 48
4106514720 74
4120563849 116
4136759817 170
4162517235 165
4168711638 140
4173604952 167
4231238145 147
4269563040 169
4277558944 57
