1800764 67
87484882 98
125896844 88
132851176 58
158100332 159
197722022 150
212966424 135
268465553 64
277378561 90
346763723 105
347327944 87
391851701 38
409984302 16
435153685 111
442087175 124
456854657 1
465915581 84
482554758 86
521460429 24
582418999 120
600757238 56
646992379 175
677338192 77
680353138 121
723386437 106
755509855 129
833957915 39
882923786 166
934031291 73
976519997 2
984515489 113
1029684725 149
1039775941 133
1061459597 178
1061673189 35
1102138352 163
1119750476 141
1145535496 109
1163785346 174
1165500044 160
1171145260 15
1199928407 57
1302911819 40
1324646409 0
1353077104 47
1399969279 34
1402099477 5
1404395783 112
1411244463 14
1423943361 127
1433784421 99
1462563128 11
1473496205 28
1481700130 23
1490182304 29
1497564029 12
1506500056 25
1540789971 147
1565581772 54
1583240062 104
1593335970 148
1703074003 69
1723374255 103
1755211868 93
1780965381 145
1817977319 21
1832923198 32
1836837436 75
1854296563 114
1880656059 142
1902819574 177
1957456795 137
1965817051 33
1966862849 49
1967912122 118
1979915395 6
1987706045 85
1991912470 161
2034853916 102
2040735391 62
2054922385 119
2070794468 82
2071342302 168
2088744826 31
2137655290 7
2180276089 9
2191007551 153
2245017434 123
2302936662 59
2321067875 60
2335376072 4
2337471812 136
2352408356 48
2386566304 154
2420023489 157
2493197103 122
2523580740 89
2533558194 158
2563637387 37
2564901090 27
2590626395 61
2612076060 176
2663355169 18
2675243293 70
2677761041 95
2680647675 80
2689742369 45
2714344193 50
2736746253 162
2739454820 131
2751470307 172
2752981434 126
2759781031 13
2819042102 44
2820570352 116
2877103839 107
2878053286 97
2881898293 17
2931281920 152
2946051437 101
2947818890 41
2975899179 79
3052336121 128
3118895249 52
3134364972 81
3159294203 130
3197165266 140
3210776703 36
3224180642 30
3236016622 42
3252655057 138
3279979113 144
3305405241 53
3310504013 171
3311786556 68
3326957411 66
3332444146 139
3345103274 76
3346435016 92
3369397036 134
3415828832 156
3419165889 96
3421043283 72
3453834671 3
3475802041 125
3576346154 146
3611753873 55
3637528652 8
3640665415 43
3644108658 117
3650994493 78
3682404586 100
3705166655 22
3794242346 65
3813827420 94
3825964894 179
3834047911 173
3846291404 110
3863463209 83
3880856117 74
3896729982 91
3897441493 26
3930536579 20
3934144507 19
3954570302 63
3978014586 155
3985338750 115
4012176614 164
4020817277 132
4025582691 10
4028575057 51
4106514720 71
4120563849 108
4136759817 169
4162517235 165
4168711638 151
4173604952 167
4231238145 143
4269563040 170
4277558944 46
