1800764 151
87484882 122
97068523 65
125896844 14
132851176 108
158100332 148
197722022 168
212966424 153
268465553 152
277378561 98
346763723 71
347327944 107
386235461 87
391851701 89
409984302 86
435153685 69
442087175 106
465915581 145
482554758 44
582418999 45
646992379 175
677338192 139
680353138 96
715741596 49
723386437 15
725606561 27
755509855 52
777434108 81
789663515 63
795357209 18
833957915 29
849924382 62
882923786 167
905458755 42
934031291 112
984515489 24
1029684725 160
1039775941 84
1102138352 166
1119750476 123
1145535496 133
1163785346 170
1165500044 169
1171145260 48
1187002154 100
1199928407 39
1303866932 12
1315240339 92
1324646409 0
1378626860 5
1404395783 23
1411244463 60
1423943361 138
1433784421 147
1481700130 101
1506500056 2
1540789971 95
1565581772 120
1583240062 149
1593335970 118
1648888063 54
1687077153 3
1703074003 142
1723374255 22
1755211868 110
1780965381 121
1817977319 57
1836837436 35
1854296563 134
1878223483 11
1880656059 146
1957456795 72
1967912122 21
1979915395 28
1987706045 119
1991912470 161
2034853916 137
2040735391 113
2054922385 36
2070794468 144
2071342302 165
2088744826 56
2180276089 59
2191007551 78
2245017434 154
2302936662 82
2321067875 83
2335376072 37
2337471812 141
2352408356 70
2386566304 156
2420023489 104
2493197103 74
2523580740 99
2533558194 150
2563637387 77
2590626395 136
2612076060 177
2623420502 94
2663355169 109
2675243293 66
2677761041 7
2680647675 143
2689742369 26
2714344193 126
2727339584 8
2736746253 163
2739454820 124
2751470307 174
2752981434 64
2759781031 38
2819042102 34
2820570352 25
2877103839 75
2878053286 32
2881898293 103
2931281920 157
2939038785 19
2940397723 88
2946051437 97
2947745968 76
2947818890 13
2975899179 30
2976264608 80
3052336121 158
3109774447 58
3118895249 130
3134364972 47
3159294203 53
3162794093 9
3197165266 79
3210776703 4
3224180642 90
3236016622 17
3252655057 67
3255384253 1
3279979113 105
3310504013 176
3311786556 6
3326957411 135
3332444146 68
3345103274 31
3346435016 41
3369397036 127
3415828832 132
3419165889 93
3439938365 85
3475802041 140
3576346154 73
3576952995 33
3637528652 10
3640665415 128
3644108658 155
3650994493 131
3705166655 50
3794242346 115
3813827420 55
3825964894 179
3834047911 178
3846291404 116
3863463209 102
3880856117 43
3896729982 51
3897441493 61
3934144507 117
3954570302 129
3978014586 111
3985338750 46
4012176614 172
4020817277 125
4074327253 20
4088869787 16
4106514720 40
4120563849 114
4136759817 171
4162517235 173
4168711638 91
4173604952 164
4231238145 159
4269563040 162
