1800764 66
87484882 122
125896844 60
132851176 74
158100332 156
197722022 160
212966424 152
268465553 61
277378561 109
346763723 103
347327944 112
391851701 56
409984302 41
435153685 104
442087175 136
465915581 106
482554758 90
582418999 94
600757238 18
646992379 176
677338192 97
680353138 131
723386437 62
725606561 15
755509855 99
795357209 19
833957915 51
882923786 167
934031291 96
972543760 7
984515489 82
1029684725 159
1039775941 130
1061673189 6
1102138352 164
1119750476 145
1145535496 129
1163785346 174
1165500044 162
1171145260 39
1187002154 3
1199928407 63
1303866932 13
1315240339 10
1324646409 0
1353077104 11
1399969279 24
1404395783 76
1411244463 38
1423943361 138
1433784421 120
1481700130 35
1506500056 31
1540789971 135
1565581772 67
1583240062 126
1593335970 147
1703074003 75
1723374255 71
1755211868 115
1780965381 148
1817977319 44
1832923198 32
1836837436 78
1854296563 132
1880656059 151
1902819574 178
1957456795 121
1965817051 29
1967912122 69
1979915395 25
1987706045 111
1991912470 161
2034853916 124
2040735391 80
2054922385 92
2070794468 102
2071342302 168
2088744826 49
2137655290 1
2180276089 28
2191007551 123
2245017434 139
2302936662 77
2321067875 79
2335376072 26
2337471812 150
2338681792 9
2352408356 64
2386566304 158
2420023489 143
2493197103 119
2523580740 108
2533558194 155
2563637387 54
2564901090 30
2590626395 65
2612076060 177
2663355169 23
2675243293 85
2677761041 57
2680647675 100
2689742369 53
2714344193 59
2736746253 163
2739454820 141
2751470307 173
2752981434 113
2759781031 34
2819042102 55
2820570352 81
2877103839 107
2878053286 87
2881898293 27
2931281920 157
2946051437 116
2947745968 17
2947818890 42
2975899179 73
2976264608 5
2979186596 8
3044575483 2
3052336121 149
3109774447 12
3118895249 58
3134364972 88
3159294203 101
3197165266 125
3210776703 36
3224180642 48
3236016622 46
3252655057 114
3279979113 140
3305405241 20
3310504013 172
3311786556 52
3326957411 83
3332444146 117
3345103274 70
3346435016 89
3369397036 144
3415828832 153
3419165889 110
3421043283 50
3475802041 137
3516413806 4
3576346154 118
3611753873 33
3637528652 22
3640665415 45
3644108658 134
3650994493 98
3682404586 40
3705166655 43
3794242346 86
3813827420 93
3825964894 179
3834047911 175
3846291404 128
3863463209 105
3880856117 84
3896729982 91
3897441493 47
3930536579 14
3934144507 16
3954570302 72
3978014586 146
3985338750 95
4012176614 165
4020817277 142
4028575057 21
4106514720 68
4120563849 127
4136759817 171
4162517235 169
4168711638 133
4173604952 166
4231238145 154
4269563040 170
4277558944 37
