1800764 60
87484882 108
125896844 79
132851176 63
158100332 160
197722022 157
212966424 147
268465553 56
277378561 101
346763723 107
347327944 99
391851701 47
409984302 26
435153685 113
442087175 130
465915581 93
482554758 85
521460429 9
582418999 116
600757238 44
646992379 176
677338192 82
680353138 126
723386437 86
725606561 2
755509855 122
795357209 12
833957915 48
882923786 167
934031291 81
972543760 3
984515489 98
1029684725 155
1039775941 132
1061673189 22
1102138352 164
1119750476 144
1145535496 118
1163785346 175
1165500044 161
1171145260 29
1199928407 62
1302911819 14
1303866932 1
1324646409 0
1353077104 28
1399969279 30
1404395783 96
1411244463 27
1423943361 136
1433784421 106
1473496205 11
1481700130 25
1490182304 13
1506500056 32
1540789971 142
1565581772 59
1583240062 115
1593335970 150
1703074003 65
1723374255 92
1755211868 104
1780965381 149
1817977319 35
1832923198 34
1836837436 76
1854296563 120
1880656059 148
1902819574 178
1957456795 129
1965817051 33
1966862849 23
1967912122 102
1979915395 16
1987706045 97
1991912470 162
2034853916 114
2040735391 66
2054922385 112
2070794468 88
2071342302 169
2088744826 41
2137655290 6
2180276089 19
2191007551 137
2245017434 134
2302936662 68
2321067875 70
2335376072 15
2337471812 145
2338681792 7
2352408356 57
2386566304 159
2420023489 152
2493197103 121
2523580740 100
2533558194 158
2563637387 49
2564901090 31
2590626395 58
2612076060 177
2663355169 17
2675243293 74
2677761041 80
2680647675 87
2689742369 54
2714344193 53
2736746253 163
2739454820 139
2751470307 173
2752981434 123
2759781031 24
2819042102 55
2820570352 103
2877103839 111
2878053286 90
2881898293 20
2931281920 156
2946051437 109
2947745968 8
2947818890 45
2975899179 77
2979186596 4
3052336121 138
3118895249 52
3134364972 83
3159294203 125
3197165266 131
3210776703 40
3224180642 36
3236016622 46
3252655057 127
3279979113 146
3305405241 43
3310504013 172
3311786556 61
3326957411 69
3332444146 128
3345103274 75
3346435016 89
3369397036 143
3415828832 154
3419165889 105
3421043283 67
3475802041 135
3576346154 133
3611753873 51
3637528652 18
3640665415 39
3644108658 124
3650994493 84
3682404586 73
3705166655 37
3794242346 71
3813827420 94
3825964894 179
3834047911 174
3846291404 119
3863463209 95
3880856117 78
3896729982 91
3897441493 38
3930536579 21
3934144507 10
3954570302 64
3978014586 153
3985338750 110
4012176614 165
4020817277 140
4025582691 5
4028575057 42
4106514720 72
4120563849 117
4136759817 171
4162517235 166
4168711638 141
4173604952 168
4231238145 151
4269563040 170
4277558944 50
