1800764 115
87484882 111
97068523 18
125896844 53
132851176 82
158100332 155
197722022 160
212966424 152
268465553 113
277378561 93
346763723 80
347327944 101
386235461 41
391851701 59
409984302 47
435153685 84
442087175 130
465915581 120
482554758 65
582418999 87
600757238 17
646992379 175
677338192 109
680353138 114
723386437 70
755509855 110
777434108 33
789663515 12
795357209 2
833957915 28
849924382 19
882923786 166
934031291 96
984515489 76
1029684725 159
1039775941 128
1102138352 163
1119750476 143
1145535496 123
1163785346 174
1165500044 164
1171145260 26
1187002154 60
1199928407 45
1315240339 46
1324646409 0
1353077104 5
1399969279 4
1404395783 75
1411244463 31
1423943361 136
1433784421 127
1481700130 66
1506500056 8
1540789971 134
1565581772 90
1583240062 131
1593335970 146
1648888063 9
1703074003 108
1723374255 71
1755211868 103
1780965381 145
1817977319 35
1832923198 10
1836837436 55
1854296563 126
1880656059 150
1902819574 178
1957456795 124
1965817051 6
1966862849 3
1967912122 79
1979915395 11
1987706045 105
1991912470 161
2034853916 121
2040735391 86
2054922385 83
2070794468 119
2071342302 167
2088744826 39
2180276089 27
2191007551 133
2245017434 144
2302936662 62
2321067875 64
2335376072 15
2337471812 148
2352408356 50
2386566304 157
2420023489 147
2493197103 104
2523580740 95
2533558194 154
2563637387 48
2564901090 7
2590626395 100
2612076060 177
2623420502 44
2663355169 74
2675243293 61
2677761041 58
2680647675 118
2689742369 30
2714344193 92
2736746253 162
2739454820 139
2751470307 173
2752981434 107
2759781031 23
2819042102 38
2820570352 78
2877103839 85
2878053286 68
2881898293 69
2931281920 158
2940397723 42
2946051437 99
2947745968 32
2947818890 22
2975899179 54
2976264608 34
3052336121 151
3109774447 20
3118895249 97
3134364972 63
3159294203 116
3197165266 129
3210776703 16
3224180642 52
3236016622 25
3252655057 122
3279979113 142
3305405241 14
3310504013 172
3311786556 36
3326957411 102
3332444146 125
3345103274 51
3346435016 67
3369397036 141
3415828832 153
3419165889 88
3421043283 43
3439938365 37
3475802041 138
3576346154 132
3611753873 24
3637528652 1
3640665415 89
3644108658 137
3650994493 106
3682404586 56
3705166655 29
3794242346 91
3813827420 73
3825964894 179
3834047911 176
3846291404 117
3863463209 94
3880856117 57
3896729982 72
3897441493 40
3934144507 77
3954570302 98
3978014586 149
3985338750 81
4012176614 169
4020817277 140
4028575057 13
4106514720 49
4120563849 112
4136759817 171
4162517235 170
4168711638 135
4173604952 165
4231238145 156
4269563040 168
4277558944 21
