1800764 127
87484882 121
97068523 29
125896844 32
132851176 96
158100332 152
197722022 161
212966424 154
268465553 126
277378561 98
346763723 80
347327944 110
386235461 58
391851701 76
409984302 70
435153685 81
442087175 125
465915581 134
482554758 61
582418999 73
646992379 175
677338192 123
680353138 106
715741596 14
723386437 35
725606561 15
755509855 79
777434108 50
789663515 24
795357209 11
833957915 28
849924382 30
882923786 166
905458755 7
934031291 109
984515489 52
1029684725 159
1039775941 102
1102138352 163
1119750476 142
1145535496 131
1163785346 172
1165500044 168
1171145260 33
1187002154 77
1199928407 38
1303866932 3
1315240339 66
1324646409 0
1404395783 47
1411244463 39
1423943361 145
1433784421 137
1481700130 84
1506500056 9
1540789971 116
1565581772 107
1583240062 140
1593335970 143
1648888063 22
1703074003 124
1723374255 42
1755211868 113
1780965381 144
1817977319 40
1832923198 6
1836837436 49
1854296563 133
1880656059 150
1902819574 178
1957456795 92
1965817051 1
1967912122 54
1979915395 19
1987706045 117
1991912470 160
2034853916 130
2040735391 103
2054922385 67
2070794468 132
2071342302 167
2088744826 44
2180276089 37
2191007551 97
2245017434 151
2302936662 75
2321067875 78
2335376072 23
2337471812 149
2352408356 64
2386566304 156
2420023489 135
2493197103 87
2523580740 100
2533558194 153
2563637387 68
2564901090 5
2590626395 115
2612076060 177
2623420502 62
2663355169 88
2675243293 69
2677761041 25
2680647675 128
2689742369 27
2714344193 108
2736746253 162
2739454820 138
2751470307 173
2752981434 86
2759781031 26
2819042102 34
2820570352 56
2877103839 83
2878053286 55
2881898293 85
2931281920 157
2940397723 59
2946051437 99
2947745968 51
2947818890 16
2975899179 43
2976264608 53
3052336121 155
3109774447 31
3118895249 111
3134364972 63
3159294203 82
3197165266 95
3210776703 12
3224180642 74
3236016622 21
3252655057 89
3279979113 129
3310504013 174
3311786556 20
3326957411 118
3332444146 90
3345103274 41
3346435016 60
3369397036 141
3415828832 147
3419165889 91
3421043283 18
3439938365 48
3475802041 146
3576346154 94
3576952995 13
3611753873 2
3637528652 8
3640665415 104
3644108658 148
3650994493 120
3682404586 17
3705166655 36
3794242346 105
3813827420 72
3825964894 179
3834047911 176
3846291404 122
3863463209 101
3880856117 57
3896729982 65
3897441493 46
3934144507 93
3954570302 112
3978014586 136
3985338750 71
4012176614 169
4020817277 139
4074327253 4
4106514720 45
4120563849 119
4136759817 171
4162517235 170
4168711638 114
4173604952 165
4231238145 158
4269563040 164
4277558944 10
