1800764 140
87484882 125
97068523 53
125896844 16
132851176 106
158100332 151
197722022 164
212966424 155
268465553 139
277378561 102
346763723 80
347327944 110
386235461 75
391851701 92
409984302 87
435153685 79
442087175 116
465915581 145
482554758 49
582418999 46
646992379 175
677338192 134
680353138 99
715741596 29
723386437 13
725606561 26
755509855 51
777434108 71
789663515 42
795357209 19
833957915 32
849924382 54
882923786 168
905458755 22
934031291 111
984515489 27
1029684725 160
1039775941 91
1102138352 166
1119750476 130
1145535496 136
1163785346 170
1165500044 169
1171145260 48
1187002154 93
1199928407 43
1303866932 15
1315240339 86
1324646409 0
1404395783 23
1411244463 61
1423943361 144
1433784421 147
1481700130 97
1506500056 9
1540789971 96
1565581772 114
1583240062 148
1593335970 126
1648888063 41
1703074003 135
1723374255 24
1755211868 115
1780965381 129
1817977319 60
1832923198 5
1836837436 40
1854296563 137
1878223483 4
1880656059 150
1957456795 74
1967912122 20
1979915395 30
1987706045 122
1991912470 161
2034853916 138
2040735391 107
2054922385 37
2070794468 143
2071342302 167
2088744826 62
2180276089 58
2191007551 78
2245017434 154
2302936662 88
2321067875 89
2335376072 36
2337471812 149
2352408356 76
2386566304 156
2420023489 108
2493197103 83
2523580740 103
2533558194 152
2563637387 82
2564901090 6
2590626395 124
2612076060 177
2623420502 81
2663355169 100
2675243293 72
2677761041 8
2680647675 142
2689742369 31
2714344193 117
2727339584 7
2736746253 163
2739454820 131
2751470307 174
2752981434 66
2759781031 38
2819042102 39
2820570352 25
2877103839 85
2878053286 34
2881898293 98
2931281920 157
2939038785 12
2940397723 77
2946051437 101
2947745968 69
2947818890 17
2975899179 33
2976264608 73
3052336121 158
3109774447 52
3118895249 120
3134364972 57
3159294203 56
3197165266 84
3210776703 10
3224180642 90
3236016622 21
3252655057 65
3279979113 112
3310504013 176
3311786556 11
3326957411 127
3332444146 68
3345103274 35
3346435016 44
3369397036 133
3415828832 141
3419165889 95
3421043283 3
3439938365 67
3475802041 146
3576346154 70
3576952995 28
3637528652 14
3640665415 113
3644108658 153
3650994493 128
3705166655 55
3794242346 109
3813827420 64
3825964894 179
3834047911 178
3846291404 123
3863463209 105
3880856117 47
3896729982 59
3897441493 63
3934144507 104
3954570302 121
3978014586 118
3985338750 50
4012176614 171
4020817277 132
4074327253 18
4088869787 2
4106514720 45
4120563849 119
4136759817 172
4162517235 173
4168711638 94
4173604952 165
4231238145 159
4269563040 162
4277558944 1
