1800764 48
87484882 107
125896844 75
132851176 62
158100332 159
197722022 153
212966424 146
268465553 44
277378561 103
346763723 109
347327944 100
391851701 47
409984302 25
435153685 115
442087175 133
465915581 86
482554758 89
521460429 6
582418999 110
600757238 40
646992379 175
677338192 76
680353138 128
723386437 83
725606561 4
755509855 118
795357209 16
833957915 55
882923786 166
934031291 80
972543760 8
984515489 94
1029684725 154
1039775941 132
1061459597 178
1061673189 20
1102138352 163
1119750476 144
1145535496 117
1163785346 174
1165500044 160
1171145260 30
1199928407 69
1302911819 7
1303866932 3
1324646409 0
1353077104 26
1399969279 31
1404395783 92
1411244463 28
1423943361 136
1433784421 101
1473496205 11
1481700130 17
1490182304 14
1506500056 34
1540789971 139
1565581772 56
1583240062 111
1593335970 150
1703074003 57
1723374255 88
1755211868 104
1780965381 147
1817977319 36
1832923198 39
1836837436 78
1854296563 120
1880656059 148
1902819574 177
1957456795 127
1965817051 35
1966862849 15
1967912122 93
1979915395 21
1987706045 97
1991912470 161
2034853916 112
2040735391 64
2054922385 105
2070794468 85
2071342302 168
2088744826 45
2137655290 9
2180276089 19
2191007551 131
2245017434 134
2302936662 70
2321067875 71
2335376072 18
2337471812 145
2338681792 13
2352408356 63
2386566304 158
2420023489 149
2493197103 123
2523580740 102
2533558194 157
2563637387 50
2564901090 32
2590626395 49
2612076060 176
2663355169 2
2675243293 74
2677761041 72
2680647675 84
2689742369 59
2714344193 43
2736746253 162
2739454820 140
2751470307 172
2752981434 122
2759781031 27
2819042102 60
2820570352 96
2877103839 114
2878053286 90
2881898293 12
2931281920 156
2946051437 113
2947745968 1
2947818890 51
2975899179 79
2979186596 10
3052336121 138
3118895249 33
3134364972 87
3159294203 121
3197165266 130
3210776703 46
3224180642 29
3236016622 54
3252655057 125
3279979113 143
3305405241 42
3310504013 171
3311786556 65
3326957411 61
3332444146 126
3345103274 77
3346435016 91
3369397036 142
3415828832 155
3419165889 106
3421043283 67
3475802041 135
3576346154 129
3611753873 52
3637528652 22
3640665415 24
3644108658 124
3650994493 81
3682404586 66
3705166655 38
3794242346 68
3813827420 99
3825964894 179
3834047911 173
3846291404 119
3863463209 98
3880856117 82
3896729982 95
3897441493 37
3930536579 23
3954570302 58
3978014586 152
3985338750 108
4012176614 164
4020817277 141
4025582691 5
4028575057 41
4106514720 73
4120563849 116
4136759817 170
4162517235 165
4168711638 137
4173604952 167
4231238145 151
4269563040 169
4277558944 53
