1800764 11
87484882 85
125896844 98
132851176 38
158100332 157
197722022 135
212966424 130
268465553 6
277378561 89
346763723 109
347327944 80
391851701 27
435153685 113
442087175 127
456854657 14
465915581 69
480126874 19
482554758 95
521460429 42
582418999 121
600757238 73
646992379 175
677338192 57
680353138 124
723386437 111
755509855 129
795357209 4
833957915 49
882923786 166
934031291 67
972543760 10
976519997 23
984515489 115
1029684725 139
1039775941 140
1061459597 178
1061673189 54
1102138352 165
1119750476 144
1145535496 96
1163785346 174
1165500044 154
1171145260 20
1199928407 71
1302911819 52
1324646409 0
1353077104 66
1399969279 51
1402099477 28
1404395783 114
1411244463 12
1423943361 125
1433784421 76
1462563128 31
1473496205 45
1490182304 46
1497564029 34
1506500056 41
1540789971 152
1565581772 22
1583240062 82
1593335970 150
1703074003 25
1723374255 110
1755211868 84
1780965381 148
1817977319 24
1832923198 47
1836837436 90
1854296563 101
1880656059 138
1902819574 177
1957456795 142
1965817051 48
1966862849 63
1967912122 118
1979915395 5
1987706045 77
1991912470 162
2034853916 87
2040735391 39
2054922385 120
2070794468 64
2071342302 168
2088744826 35
2137655290 29
2191007551 151
2245017434 119
2273076216 16
2302936662 60
2321067875 59
2337471812 136
2338681792 15
2352408356 50
2386566304 153
2420023489 160
2493197103 126
2523580740 86
2533558194 156
2563637387 37
2564901090 43
2590626395 17
2612076060 176
2654090424 1
2675243293 75
2677761041 106
2680647675 62
2689742369 61
2714344193 8
2736746253 163
2739454820 133
2751470307 172
2752981434 128
2759781031 13
2819042102 58
2820570352 116
2877103839 112
2878053286 108
2931281920 146
2946051437 97
2947818890 55
2975899179 92
2979186596 9
3052336121 122
3118895249 3
3134364972 93
3159294203 132
3197165266 145
3210776703 53
3224180642 7
3236016622 56
3252655057 141
3279979113 149
3305405241 72
3310504013 169
3311786556 78
3326957411 36
3332444146 143
3345103274 91
3346435016 102
3369397036 137
3415828832 158
3419165889 94
3421043283 83
3453834671 21
3475802041 123
3576346154 147
3611753873 74
3637528652 18
3644108658 104
3650994493 65
3682404586 100
3705166655 30
3794242346 40
3813827420 105
3825964894 179
3834047911 173
3846291404 107
3863463209 81
3880856117 88
3896729982 99
3897441493 26
3930536579 44
3954570302 32
3978014586 159
3985338750 117
4012176614 161
4020817277 134
4025582691 33
4028575057 70
4084769632 2
4106514720 79
4120563849 103
4136759817 170
4162517235 164
4168711638 155
4173604952 167
4231238145 131
4269563040 171
4277558944 68
