1800764 76
87484882 91
125896844 105
132851176 48
158100332 147
197722022 138
212966424 130
268465553 75
277378561 82
346763723 103
347327944 78
391851701 25
409984302 9
435153685 108
442087175 121
456854657 36
465915581 89
480126874 17
482554758 92
521460429 46
582418999 123
600757238 69
646992379 175
677338192 72
680353138 115
723386437 114
755509855 146
833957915 23
882923786 164
934031291 64
976519997 7
984515489 117
1029684725 137
1039775941 141
1061459597 178
1061673189 49
1102138352 160
1119750476 136
1145535496 102
1163785346 174
1165500044 152
1187002154 22
1199928407 43
1302911819 67
1324646409 0
1353077104 66
1399969279 33
1402099477 15
1404395783 119
1423943361 120
1433784421 95
1462563128 29
1473496205 47
1481700130 27
1490182304 45
1497564029 39
1506500056 13
1540789971 154
1565581772 51
1583240062 99
1593335970 144
1703074003 68
1723374255 111
1755211868 86
1780965381 140
1817977319 4
1832923198 19
1836837436 73
1854296563 104
1880656059 134
1902819574 177
1957456795 151
1965817051 24
1966862849 80
1967912122 128
1987706045 79
1991912470 155
2023365118 5
2034853916 97
2040735391 52
2054922385 125
2070794468 87
2071342302 167
2088744826 11
2115991866 12
2137655290 1
2191007551 168
2245017434 113
2302936662 40
2321067875 41
2337471812 132
2352408356 35
2386566304 143
2420023489 158
2455595861 10
2493197103 124
2523580740 81
2533558194 145
2563637387 21
2564901090 16
2590626395 59
2612076060 176
2618357298 2
2623420502 3
2663355169 38
2675243293 54
2677761041 110
2680647675 85
2689742369 37
2714344193 53
2736746253 159
2739454820 127
2751470307 172
2752981434 135
2819042102 34
2820570352 126
2877103839 106
2878053286 107
2881898293 31
2931281920 139
2946051437 93
2947818890 30
2975899179 83
3052336121 122
3118895249 56
3134364972 84
3159294203 149
3197165266 150
3210776703 28
3224180642 18
3236016622 32
3252655057 157
3279979113 142
3305405241 63
3310504013 170
3311786556 65
3326957411 62
3332444146 156
3345103274 77
3346435016 98
3369397036 131
3415828832 148
3419165889 90
3421043283 88
3453834671 20
3475802041 116
3576346154 165
3611753873 61
3640665415 50
3644108658 109
3650994493 71
3682404586 118
3705166655 6
3794242346 55
3813827420 96
3825964894 179
3834047911 173
3846291404 101
3863463209 74
3880856117 70
3896729982 94
3897441493 8
3930536579 26
3934144507 42
3954570302 57
3978014586 153
3985338750 112
4012176614 161
4020817277 129
4025582691 14
4028575057 58
4106514720 60
4120563849 100
4136759817 169
4162517235 163
4168711638 162
4173604952 166
4231238145 133
4269563040 171
4277558944 44
