1800764 113
87484882 118
97068523 15
125896844 49
132851176 86
158100332 154
197722022 160
212966424 152
268465553 110
277378561 96
346763723 83
347327944 106
386235461 29
391851701 62
409984302 50
435153685 85
442087175 132
465915581 126
482554758 66
582418999 82
600757238 8
646992379 175
677338192 115
680353138 117
723386437 58
725606561 3
755509855 95
777434108 27
789663515 7
795357209 6
833957915 32
849924382 17
882923786 166
934031291 99
984515489 72
1029684725 159
1039775941 123
1102138352 163
1119750476 143
1145535496 129
1163785346 174
1165500044 164
1171145260 30
1187002154 51
1199928407 47
1315240339 46
1324646409 0
1399969279 2
1404395783 69
1411244463 40
1423943361 138
1433784421 130
1481700130 70
1506500056 14
1540789971 135
1565581772 90
1583240062 134
1593335970 146
1648888063 10
1703074003 108
1723374255 61
1755211868 107
1780965381 147
1817977319 41
1832923198 13
1836837436 57
1854296563 131
1880656059 150
1902819574 178
1957456795 116
1965817051 11
1967912122 76
1979915395 16
1987706045 109
1991912470 161
2034853916 128
2040735391 88
2054922385 80
2070794468 125
2071342302 167
2088744826 43
2180276089 28
2191007551 127
2245017434 148
2302936662 71
2321067875 73
2335376072 21
2337471812 149
2352408356 56
2386566304 157
2420023489 144
2493197103 104
2523580740 98
2533558194 155
2563637387 53
2564901090 12
2590626395 100
2612076060 177
2623420502 38
2663355169 75
2675243293 63
2677761041 48
2680647675 122
2689742369 37
2714344193 89
2736746253 162
2739454820 137
2751470307 172
2752981434 101
2759781031 24
2819042102 42
2820570352 77
2877103839 87
2878053286 64
2881898293 68
2931281920 158
2940397723 34
2946051437 103
2947745968 36
2947818890 23
2975899179 55
2976264608 31
3052336121 153
3109774447 22
3118895249 92
3134364972 65
3159294203 102
3197165266 120
3210776703 19
3224180642 59
3236016622 26
3252655057 111
3279979113 136
3305405241 9
3310504013 173
3311786556 33
3326957411 105
3332444146 114
3345103274 54
3346435016 67
3369397036 142
3415828832 151
3419165889 93
3421043283 35
3439938365 25
3475802041 141
3576346154 121
3576952995 1
3611753873 18
3637528652 4
3640665415 84
3644108658 140
3650994493 112
3682404586 45
3705166655 39
3794242346 91
3813827420 79
3825964894 179
3834047911 176
3846291404 124
3863463209 97
3880856117 60
3896729982 74
3897441493 44
3934144507 78
3954570302 94
3978014586 145
3985338750 81
4012176614 169
4020817277 139
4028575057 5
4106514720 52
4120563849 119
4136759817 171
4162517235 170
4168711638 133
4173604952 165
4231238145 156
4269563040 168
4277558944 20
