1800764 100
87484882 115
97068523 3
125896844 60
132851176 79
158100332 156
197722022 160
212966424 152
268465553 97
277378561 102
346763723 91
347327944 105
386235461 15
391851701 56
409984302 47
435153685 95
442087175 132
465915581 117
482554758 70
582418999 93
600757238 24
646992379 175
677338192 107
680353138 121
723386437 68
725606561 4
755509855 110
777434108 17
795357209 6
833957915 38
849924382 5
882923786 166
934031291 94
984515489 77
1029684725 159
1039775941 130
1102138352 164
1119750476 144
1145535496 125
1163785346 174
1165500044 163
1171145260 34
1187002154 40
1199928407 48
1315240339 33
1324646409 0
1353077104 7
1399969279 10
1404395783 76
1411244463 36
1423943361 138
1433784421 122
1481700130 53
1506500056 16
1540789971 136
1565581772 82
1583240062 127
1593335970 147
1703074003 99
1723374255 71
1755211868 109
1780965381 146
1817977319 39
1832923198 20
1836837436 63
1854296563 128
1880656059 151
1902819574 178
1957456795 126
1965817051 13
1966862849 2
1967912122 84
1979915395 12
1987706045 108
1991912470 161
2034853916 120
2040735391 85
2054922385 89
2070794468 114
2071342302 167
2088744826 43
2180276089 29
2191007551 133
2245017434 143
2302936662 66
2321067875 67
2335376072 18
2337471812 149
2352408356 54
2386566304 158
2420023489 145
2493197103 111
2523580740 103
2533558194 155
2563637387 49
2564901090 14
2590626395 87
2612076060 177
2623420502 22
2663355169 55
2675243293 65
2677761041 59
2680647675 112
2689742369 42
2714344193 78
2736746253 162
2739454820 139
2751470307 173
2752981434 113
2759781031 27
2819042102 45
2820570352 83
2877103839 96
2878053286 72
2881898293 51
2931281920 157
2940397723 19
2946051437 104
2947745968 28
2947818890 32
2975899179 62
2976264608 25
3052336121 150
3109774447 11
3118895249 81
3134364972 69
3159294203 116
3197165266 129
3210776703 26
3224180642 50
3236016622 35
3252655057 123
3279979113 141
3305405241 23
3310504013 172
3311786556 44
3326957411 92
3332444146 124
3345103274 61
3346435016 73
3369397036 142
3415828832 153
3419165889 98
3421043283 46
3439938365 9
3475802041 137
3576346154 131
3611753873 31
3637528652 8
3640665415 74
3644108658 134
3650994493 106
3682404586 52
3705166655 37
3794242346 86
3813827420 80
3825964894 179
3834047911 176
3846291404 119
3863463209 101
3880856117 64
3896729982 75
3897441493 41
3930536579 1
3934144507 57
3954570302 88
3978014586 148
3985338750 90
4012176614 168
4020817277 140
4028575057 21
4106514720 58
4120563849 118
4136759817 171
4162517235 170
4168711638 135
4173604952 165
4231238145 154
4269563040 169
4277558944 30
