1800764 132
87484882 120
97068523 32
125896844 34
132851176 97
158100332 153
197722022 161
212966424 152
268465553 131
277378561 93
346763723 78
347327944 108
386235461 61
391851701 76
409984302 68
435153685 79
442087175 123
465915581 134
482554758 57
582418999 73
646992379 175
677338192 124
680353138 102
715741596 17
723386437 40
725606561 13
755509855 82
777434108 52
789663515 27
795357209 10
833957915 25
849924382 30
882923786 166
905458755 12
934031291 105
984515489 54
1029684725 159
1039775941 104
1102138352 163
1119750476 141
1145535496 126
1163785346 172
1165500044 168
1171145260 31
1187002154 80
1199928407 37
1303866932 2
1315240339 70
1324646409 0
1404395783 51
1411244463 38
1423943361 145
1433784421 136
1481700130 83
1506500056 8
1540789971 119
1565581772 106
1583240062 142
1593335970 143
1648888063 23
1703074003 125
1723374255 47
1755211868 111
1780965381 144
1817977319 39
1832923198 6
1836837436 46
1854296563 128
1880656059 150
1902819574 178
1957456795 92
1965817051 1
1967912122 59
1979915395 16
1987706045 114
1991912470 160
2034853916 127
2040735391 101
2054922385 71
2070794468 133
2071342302 167
2088744826 41
2180276089 36
2191007551 107
2245017434 151
2302936662 74
2321067875 77
2335376072 21
2337471812 147
2352408356 62
2386566304 156
2420023489 135
2493197103 87
2523580740 96
2533558194 154
2563637387 64
2564901090 4
2590626395 117
2612076060 177
2623420502 67
2663355169 89
2675243293 66
2677761041 29
2680647675 129
2689742369 26
2714344193 110
2736746253 162
2739454820 137
2751470307 173
2752981434 86
2759781031 24
2819042102 33
2820570352 60
2877103839 81
2878053286 50
2881898293 84
2931281920 157
2940397723 63
2946051437 94
2947745968 48
2947818890 15
2975899179 43
2976264608 53
3052336121 155
3109774447 28
3118895249 113
3134364972 58
3159294203 85
3197165266 100
3210776703 11
3224180642 75
3236016622 18
3252655057 90
3279979113 130
3310504013 174
3311786556 20
3326957411 118
3332444146 91
3345103274 42
3346435016 55
3369397036 140
3415828832 148
3419165889 88
3421043283 19
3439938365 56
3475802041 146
3576346154 99
3576952995 14
3611753873 5
3637528652 7
3640665415 109
3644108658 149
3650994493 122
3682404586 22
3705166655 35
3794242346 103
3813827420 69
3825964894 179
3834047911 176
3846291404 121
3863463209 98
3880856117 49
3896729982 65
3897441493 44
3934144507 95
3954570302 112
3978014586 139
3985338750 72
4012176614 169
4020817277 138
4074327253 3
4106514720 45
4120563849 116
4136759817 171
4162517235 170
4168711638 115
4173604952 165
4231238145 158
4269563040 164
4277558944 9
