1800764 85
87484882 121
125896844 58
132851176 82
158100332 156
197722022 160
212966424 152
268465553 80
277378561 107
346763723 98
347327944 111
391851701 57
409984302 44
435153685 99
442087175 135
465915581 114
482554758 84
582418999 95
600757238 16
646992379 175
677338192 101
680353138 128
723386437 60
725606561 12
755509855 97
777434108 8
795357209 17
833957915 47
849924382 6
882923786 166
934031291 96
972543760 1
984515489 73
1029684725 159
1039775941 130
1061673189 3
1102138352 164
1119750476 145
1145535496 131
1163785346 174
1165500044 162
1171145260 36
1187002154 14
1199928407 59
1303866932 10
1315240339 15
1324646409 0
1353077104 7
1399969279 20
1404395783 70
1411244463 38
1423943361 138
1433784421 123
1481700130 46
1506500056 27
1540789971 134
1565581772 77
1583240062 129
1593335970 147
1703074003 89
1723374255 67
1755211868 117
1780965381 148
1817977319 43
1832923198 28
1836837436 68
1854296563 132
1880656059 151
1902819574 178
1957456795 120
1965817051 24
1967912122 69
1979915395 23
1987706045 112
1991912470 161
2034853916 125
2040735391 87
2054922385 92
2070794468 110
2071342302 168
2088744826 50
2180276089 30
2191007551 122
2245017434 142
2302936662 72
2321067875 75
2335376072 25
2337471812 149
2338681792 5
2352408356 61
2386566304 158
2420023489 143
2493197103 116
2523580740 106
2533558194 155
2563637387 55
2564901090 26
2590626395 79
2612076060 177
2663355169 35
2675243293 76
2677761041 54
2680647675 108
2689742369 51
2714344193 66
2736746253 163
2739454820 140
2751470307 173
2752981434 109
2759781031 32
2819042102 53
2820570352 74
2877103839 102
2878053286 78
2881898293 40
2931281920 157
2946051437 115
2947745968 22
2947818890 37
2975899179 65
2976264608 11
2979186596 4
3052336121 150
3109774447 13
3118895249 63
3134364972 81
3159294203 100
3197165266 124
3210776703 33
3224180642 52
3236016622 41
3252655057 113
3279979113 139
3305405241 18
3310504013 172
3311786556 49
3326957411 91
3332444146 118
3345103274 64
3346435016 83
3369397036 144
3415828832 153
3419165889 105
3421043283 45
3475802041 137
3516413806 2
3576346154 119
3611753873 29
3637528652 21
3640665415 56
3644108658 136
3650994493 103
3682404586 39
3705166655 42
3794242346 90
3813827420 93
3825964894 179
3834047911 176
3846291404 127
3863463209 104
3880856117 71
3896729982 88
3897441493 48
3930536579 9
3934144507 31
3954570302 86
3978014586 146
3985338750 94
4012176614 167
4020817277 141
4028575057 19
4106514720 62
4120563849 126
4136759817 171
4162517235 170
4168711638 133
4173604952 165
4231238145 154
4269563040 169
4277558944 34
