1800764 16
87484882 84
125896844 105
132851176 32
158100332 153
197722022 130
212966424 128
268465553 12
277378561 87
346763723 107
347327944 77
391851701 20
435153685 111
442087175 126
456854657 36
465915581 65
480126874 31
482554758 100
521460429 56
582418999 124
600757238 78
646992379 174
677338192 54
680353138 122
723386437 114
755509855 139
833957915 44
882923786 166
934031291 63
972543760 10
976519997 29
984515489 115
1029684725 136
1039775941 142
1061459597 178
1061673189 64
1102138352 163
1119750476 138
1145535496 94
1163785346 175
1165500044 144
1171145260 14
1199928407 66
1302911819 67
1324646409 0
1353077104 70
1399969279 50
1402099477 33
1404395783 116
1411244463 6
1423943361 120
1433784421 74
1462563128 39
1473496205 58
1490182304 57
1497564029 42
1506500056 40
1540789971 156
1565581772 22
1583240062 81
1593335970 150
1703074003 24
1723374255 112
1755211868 83
1780965381 143
1817977319 18
1832923198 45
1836837436 89
1854296563 97
1880656059 137
1902819574 177
1957456795 146
1965817051 47
1966862849 73
1967912122 125
1987706045 72
1991912470 157
2034853916 86
2040735391 35
2054922385 123
2070794468 61
2071342302 168
2088744826 25
2115991866 11
2137655290 28
2191007551 165
2245017434 113
2273076216 21
2302936662 51
2321067875 49
2337471812 133
2338681792 15
2352408356 43
2386566304 145
2420023489 164
2455595861 5
2493197103 127
2523580740 85
2533558194 152
2563637387 26
2564901090 41
2590626395 17
2612076060 176
2618357298 4
2654090424 2
2675243293 69
2677761041 109
2680647675 60
2689742369 59
2714344193 9
2736746253 158
2739454820 131
2751470307 172
2752981434 135
2759781031 8
2819042102 55
2820570352 121
2877103839 108
2878053286 106
2931281920 140
2946051437 96
2947818890 52
2975899179 92
2979186596 7
3052336121 117
3118895249 3
3134364972 93
3159294203 141
3197165266 149
3210776703 48
3236016622 53
3252655057 148
3279979113 147
3305405241 75
3310504013 169
3311786556 82
3326957411 30
3332444146 151
3345103274 90
3346435016 104
3369397036 134
3415828832 155
3419165889 95
3421043283 91
3453834671 34
3475802041 118
3576346154 159
3611753873 76
3637528652 13
3644108658 99
3650994493 62
3682404586 110
3705166655 23
3794242346 38
3813827420 103
3825964894 179
3834047911 173
3846291404 101
3863463209 79
3880856117 88
3896729982 102
3897441493 19
3930536579 46
3954570302 27
3978014586 160
3985338750 119
4012176614 154
4020817277 132
4025582691 37
4028575057 71
4084769632 1
4106514720 80
4120563849 98
4136759817 170
4162517235 162
4168711638 161
4173604952 167
4231238145 129
4269563040 171
4277558944 68
