1800764 86
87484882 122
125896844 56
132851176 84
158100332 155
197722022 160
212966424 153
268465553 83
277378561 108
346763723 97
347327944 112
386235461 2
391851701 60
409984302 47
435153685 100
442087175 135
465915581 117
482554758 81
582418999 95
600757238 14
646992379 175
677338192 102
680353138 128
723386437 58
725606561 12
755509855 96
777434108 9
795357209 19
833957915 46
849924382 6
882923786 166
934031291 98
984515489 71
1029684725 159
1039775941 127
1102138352 164
1119750476 145
1145535496 131
1163785346 174
1165500044 162
1171145260 37
1187002154 15
1199928407 57
1303866932 10
1315240339 18
1324646409 0
1353077104 7
1399969279 20
1404395783 68
1411244463 39
1423943361 139
1433784421 124
1481700130 49
1506500056 27
1540789971 134
1565581772 78
1583240062 130
1593335970 147
1703074003 91
1723374255 65
1755211868 118
1780965381 148
1817977319 44
1832923198 28
1836837436 67
1854296563 132
1880656059 151
1902819574 178
1957456795 120
1965817051 22
1967912122 66
1979915395 23
1987706045 113
1991912470 161
2034853916 126
2040735391 87
2054922385 89
2070794468 111
2071342302 167
2088744826 50
2180276089 30
2191007551 121
2245017434 144
2302936662 74
2321067875 76
2335376072 25
2337471812 149
2338681792 3
2352408356 61
2386566304 158
2420023489 141
2493197103 114
2523580740 107
2533558194 156
2563637387 55
2564901090 26
2590626395 82
2612076060 177
2663355169 38
2675243293 77
2677761041 54
2680647675 110
2689742369 51
2714344193 70
2736746253 163
2739454820 140
2751470307 173
2752981434 106
2759781031 33
2819042102 53
2820570352 73
2877103839 101
2878053286 75
2881898293 41
2931281920 157
2940397723 5
2946051437 116
2947745968 24
2947818890 36
2975899179 64
2976264608 11
2979186596 4
3052336121 150
3109774447 13
3118895249 69
3134364972 80
3159294203 99
3197165266 123
3210776703 32
3224180642 52
3236016622 40
3252655057 109
3279979113 137
3305405241 16
3310504013 172
3311786556 45
3326957411 93
3332444146 115
3345103274 63
3346435016 79
3369397036 143
3415828832 152
3419165889 104
3421043283 43
3475802041 138
3516413806 1
3576346154 119
3611753873 29
3637528652 21
3640665415 59
3644108658 136
3650994493 103
3682404586 35
3705166655 42
3794242346 90
3813827420 92
3825964894 179
3834047911 176
3846291404 129
3863463209 105
3880856117 72
3896729982 85
3897441493 48
3930536579 8
3934144507 34
3954570302 88
3978014586 146
3985338750 94
4012176614 168
4020817277 142
4028575057 17
4106514720 62
4120563849 125
4136759817 171
4162517235 170
4168711638 133
4173604952 165
4231238145 154
4269563040 169
4277558944 31
