1800764 113
87484882 123
97068523 12
125896844 42
132851176 91
158100332 154
197722022 160
212966424 152
268465553 111
277378561 108
346763723 86
347327944 116
386235461 24
391851701 75
409984302 60
435153685 87
442087175 133
465915581 128
482554758 69
582418999 78
646992379 175
677338192 121
680353138 119
723386437 45
725606561 11
755509855 83
777434108 30
789663515 3
795357209 14
833957915 38
849924382 18
882923786 167
934031291 106
984515489 57
1029684725 159
1039775941 115
1102138352 163
1119750476 142
1145535496 132
1163785346 172
1165500044 164
1171145260 39
1187002154 46
1199928407 51
1303866932 6
1315240339 41
1324646409 0
1399969279 5
1404395783 54
1411244463 44
1423943361 144
1433784421 131
1481700130 73
1506500056 17
1540789971 127
1565581772 94
1583240062 135
1593335970 143
1648888063 7
1703074003 114
1723374255 52
1755211868 117
1780965381 147
1817977319 48
1832923198 15
1836837436 61
1854296563 134
1880656059 151
1902819574 178
1957456795 100
1965817051 8
1967912122 53
1979915395 22
1987706045 120
1991912470 161
2034853916 130
2040735391 95
2054922385 74
2070794468 125
2071342302 168
2088744826 49
2180276089 36
2191007551 104
2245017434 148
2302936662 80
2321067875 82
2335376072 27
2337471812 149
2352408356 66
2386566304 156
2420023489 137
2493197103 97
2523580740 110
2533558194 155
2563637387 63
2564901090 13
2590626395 102
2612076060 177
2623420502 26
2663355169 70
2675243293 76
2677761041 35
2680647675 124
2689742369 40
2714344193 90
2736746253 162
2739454820 139
2751470307 173
2752981434 89
2759781031 34
2819042102 47
2820570352 59
2877103839 88
2878053286 62
2881898293 68
2931281920 158
2940397723 25
2946051437 112
2947745968 37
2947818890 28
2975899179 56
2976264608 33
3052336121 153
3109774447 23
3118895249 92
3134364972 71
3159294203 84
3197165266 107
3210776703 20
3224180642 65
3236016622 32
3252655057 93
3279979113 136
3305405241 1
3310504013 174
3311786556 31
3326957411 105
3332444146 96
3345103274 55
3346435016 67
3369397036 141
3415828832 150
3419165889 101
3421043283 29
3439938365 16
3475802041 146
3576346154 99
3576952995 4
3611753873 9
3637528652 10
3640665415 85
3644108658 145
3650994493 118
3682404586 21
3705166655 43
3794242346 98
3813827420 81
3825964894 179
3834047911 176
3846291404 129
3863463209 109
3880856117 64
3896729982 77
3897441493 50
3934144507 72
3954570302 103
3978014586 138
3985338750 79
4012176614 169
4020817277 140
4028575057 2
4106514720 58
4120563849 126
4136759817 171
4162517235 170
4168711638 122
4173604952 165
4231238145 157
4269563040 166
4277558944 19
