1800764 51
87484882 97
125896844 86
132851176 57
158100332 159
197722022 150
212966424 139
268465553 48
277378561 91
346763723 106
347327944 87
391851701 38
409984302 18
435153685 113
442087175 126
465915581 81
482554758 88
521460429 21
582418999 120
600757238 62
646992379 175
677338192 72
680353138 122
723386437 105
755509855 127
795357209 3
833957915 43
882923786 166
934031291 74
976519997 5
984515489 111
1029684725 151
1039775941 132
1061459597 178
1061673189 34
1102138352 164
1119750476 141
1145535496 109
1163785346 174
1165500044 160
1171145260 20
1199928407 68
1302911819 33
1324646409 0
1353077104 47
1399969279 37
1402099477 6
1404395783 110
1411244463 19
1423943361 128
1433784421 93
1462563128 10
1473496205 23
1481700130 16
1490182304 25
1497564029 13
1506500056 30
1540789971 147
1565581772 50
1583240062 102
1593335970 152
1703074003 60
1723374255 104
1755211868 95
1780965381 148
1817977319 26
1832923198 35
1836837436 78
1854296563 114
1880656059 144
1902819574 177
1957456795 133
1965817051 36
1966862849 44
1967912122 117
1979915395 9
1987706045 84
1991912470 161
2034853916 101
2040735391 61
2054922385 119
2070794468 77
2071342302 168
2088744826 32
2137655290 12
2180276089 8
2191007551 145
2245017434 123
2302936662 66
2321067875 67
2335376072 7
2337471812 140
2338681792 2
2352408356 54
2386566304 156
2420023489 155
2493197103 121
2523580740 90
2533558194 158
2563637387 39
2564901090 31
2590626395 49
2612076060 176
2663355169 4
2675243293 70
2677761041 92
2680647675 76
2689742369 53
2714344193 41
2736746253 162
2739454820 134
2751470307 172
2752981434 124
2759781031 17
2819042102 52
2820570352 115
2877103839 107
2878053286 99
2881898293 11
2931281920 153
2946051437 103
2947818890 45
2975899179 82
3052336121 130
3118895249 40
3134364972 83
3159294203 129
3197165266 138
3210776703 42
3224180642 22
3236016622 46
3252655057 131
3279979113 146
3305405241 59
3310504013 170
3311786556 69
3326957411 63
3332444146 135
3345103274 80
3346435016 96
3369397036 137
3415828832 157
3419165889 100
3421043283 73
3453834671 1
3475802041 125
3576346154 142
3611753873 64
3637528652 15
3640665415 24
3644108658 118
3650994493 75
3682404586 89
3705166655 29
3794242346 65
3813827420 98
3825964894 179
3834047911 173
3846291404 112
3863463209 85
3880856117 79
3896729982 94
3897441493 28
3930536579 27
3954570302 58
3978014586 154
3985338750 116
4012176614 163
4020817277 136
4025582691 14
4028575057 56
4106514720 71
4120563849 108
4136759817 169
4162517235 165
4168711638 149
4173604952 167
4231238145 143
4269563040 171
4277558944 55
