1800764 91
87484882 94
125896844 95
132851176 56
158100332 151
197722022 145
212966424 133
268465553 92
277378561 78
346763723 99
347327944 81
386235461 16
391851701 34
409984302 25
435153685 105
442087175 121
456854657 20
465915581 97
480126874 1
482554758 79
521460429 36
582418999 118
600757238 57
646992379 175
677338192 85
680353138 117
723386437 111
755509855 140
777434108 4
833957915 24
882923786 166
934031291 71
984515489 114
1029684725 141
1039775941 137
1061459597 178
1061673189 40
1102138352 162
1119750476 135
1145535496 106
1163785346 174
1165500044 159
1171145260 2
1187002154 41
1199928407 43
1302911819 52
1315240339 22
1324646409 0
1353077104 53
1399969279 21
1404395783 116
1411244463 6
1423943361 125
1433784421 103
1462563128 11
1473496205 38
1481700130 42
1490182304 35
1497564029 26
1506500056 7
1540789971 154
1565581772 60
1583240062 108
1593335970 143
1703074003 86
1723374255 110
1755211868 87
1780965381 138
1817977319 10
1832923198 13
1836837436 66
1854296563 109
1880656059 134
1902819574 177
1957456795 147
1965817051 17
1966862849 61
1967912122 126
1987706045 83
1991912470 158
2034853916 101
2040735391 59
2054922385 120
2070794468 96
2071342302 168
2088744826 15
2191007551 163
2245017434 124
2302936662 45
2321067875 46
2337471812 132
2352408356 37
2386566304 146
2420023489 156
2493197103 123
2523580740 77
2533558194 149
2563637387 30
2564901090 8
2590626395 73
2612076060 176
2623420502 29
2663355169 48
2675243293 50
2677761041 107
2680647675 93
2689742369 33
2714344193 64
2736746253 161
2739454820 128
2751470307 172
2752981434 131
2819042102 32
2820570352 119
2877103839 100
2878053286 98
2881898293 44
2931281920 142
2940397723 18
2946051437 90
2947818890 27
2975899179 72
2976264608 3
3052336121 127
3118895249 68
3134364972 74
3159294203 144
3197165266 148
3210776703 23
3224180642 31
3236016622 28
3252655057 153
3279979113 139
3305405241 51
3310504013 171
3311786556 55
3326957411 75
3332444146 152
3345103274 67
3346435016 89
3369397036 130
3415828832 150
3419165889 84
3421043283 70
3439938365 19
3453834671 5
3475802041 122
3576346154 160
3611753873 49
3640665415 63
3644108658 115
3650994493 80
3682404586 112
3705166655 9
3794242346 62
3813827420 88
3825964894 179
3834047911 173
3846291404 104
3863463209 76
3880856117 65
3896729982 82
3897441493 12
3930536579 14
3934144507 58
3954570302 69
3978014586 155
3985338750 113
4012176614 164
4020817277 129
4028575057 47
4106514720 54
4120563849 102
4136759817 169
4162517235 165
4168711638 157
4173604952 167
4231238145 136
4269563040 170
4277558944 39
