1800764 56
87484882 85
125896844 108
132851176 40
158100332 147
197722022 135
212966424 125
268465553 55
277378561 78
346763723 105
347327944 74
366165566 11
391851701 14
435153685 109
442087175 118
456854657 50
465915581 70
480126874 28
482554758 97
521460429 61
582418999 123
600757238 86
646992379 174
677338192 63
680353138 116
723386437 119
755509855 150
833957915 24
882923786 163
934031291 59
976519997 18
984515489 120
1029684725 136
1039775941 142
1061459597 178
1061673189 64
1102138352 156
1119750476 137
1145535496 96
1163785346 175
1165500044 145
1171145260 1
1199928407 53
1302911819 81
1324646409 0
1353077104 80
1399969279 41
1402099477 25
1404395783 122
1423943361 114
1433784421 83
1462563128 43
1473496205 62
1481700130 8
1490182304 60
1497564029 51
1506500056 19
1540789971 159
1565581772 39
1583240062 90
1593335970 143
1703074003 54
1723374255 112
1755211868 79
1780965381 140
1817977319 2
1832923198 26
1836837436 84
1854296563 101
1880656059 133
1902819574 177
1957456795 155
1965817051 30
1966862849 93
1967912122 134
1987706045 71
1991912470 149
2023365118 17
2034853916 88
2040735391 46
2054922385 126
2070794468 68
2071342302 166
2088744826 9
2115991866 22
2137655290 12
2191007551 170
2245017434 110
2273076216 7
2302936662 44
2321067875 45
2337471812 131
2352408356 29
2386566304 141
2420023489 160
2455595861 21
2493197103 124
2523580740 76
2533558194 146
2563637387 13
2564901090 20
2590626395 47
2612076060 176
2618357298 16
2663355169 10
2675243293 58
2677761041 111
2680647675 67
2689742369 42
2714344193 35
2736746253 152
2739454820 128
2751470307 172
2752981434 139
2819042102 36
2820570352 127
2877103839 106
2878053286 107
2881898293 6
2931281920 138
2946051437 94
2947818890 34
2975899179 92
3052336121 115
3118895249 38
3134364972 91
3159294203 153
3197165266 154
3210776703 33
3224180642 5
3236016622 32
3252655057 162
3279979113 144
3305405241 75
3310504013 168
3311786556 77
3326957411 52
3332444146 161
3345103274 87
3346435016 103
3369397036 132
3415828832 148
3419165889 89
3421043283 95
3453834671 31
3475802041 113
3576346154 167
3611753873 73
3640665415 27
3644108658 104
3650994493 65
3682404586 121
3705166655 4
3794242346 49
3813827420 102
3825964894 179
3834047911 173
3846291404 100
3863463209 72
3880856117 82
3896729982 99
3897441493 3
3930536579 37
3934144507 15
3954570302 48
3978014586 157
3985338750 117
4012176614 151
4020817277 130
4025582691 23
4028575057 69
4106514720 66
4120563849 98
4136759817 169
4162517235 158
4168711638 164
4173604952 165
4231238145 129
4269563040 171
4277558944 57
