1800764 51
87484882 92
125896844 94
132851176 52
158100332 157
197722022 144
212966424 132
268465553 47
277378561 88
346763723 107
347327944 85
391851701 28
409984302 14
435153685 112
442087175 125
456854657 8
465915581 77
480126874 7
482554758 91
521460429 32
582418999 120
600757238 68
646992379 175
677338192 70
680353138 122
723386437 111
755509855 129
833957915 40
882923786 166
934031291 71
976519997 9
984515489 115
1029684725 145
1039775941 137
1061459597 178
1061673189 42
1102138352 164
1119750476 139
1145535496 104
1163785346 174
1165500044 160
1171145260 19
1199928407 65
1302911819 48
1324646409 0
1353077104 60
1399969279 39
1402099477 13
1404395783 114
1411244463 16
1423943361 126
1433784421 89
1462563128 18
1473496205 35
1481700130 10
1490182304 36
1497564029 21
1506500056 27
1540789971 151
1565581772 44
1583240062 97
1593335970 149
1703074003 56
1723374255 109
1755211868 90
1780965381 146
1817977319 22
1832923198 33
1836837436 80
1854296563 108
1880656059 138
1902819574 177
1957456795 140
1965817051 37
1966862849 61
1967912122 118
1979915395 1
1987706045 82
1991912470 161
2034853916 96
2040735391 55
2054922385 119
2070794468 76
2071342302 168
2088744826 26
2137655290 12
2191007551 154
2245017434 121
2273076216 3
2302936662 62
2321067875 63
2337471812 135
2338681792 4
2352408356 49
2386566304 152
2420023489 159
2493197103 123
2523580740 87
2533558194 155
2563637387 31
2564901090 30
2590626395 46
2612076060 176
2663355169 2
2675243293 69
2677761041 101
2680647675 75
2689742369 54
2714344193 38
2736746253 162
2739454820 130
2751470307 172
2752981434 128
2759781031 15
2819042102 50
2820570352 117
2877103839 110
2878053286 102
2881898293 5
2931281920 148
2946051437 100
2947818890 43
2975899179 84
3052336121 127
3118895249 34
3134364972 86
3159294203 133
3197165266 143
3210776703 41
3224180642 20
3236016622 45
3252655057 141
3279979113 147
3305405241 66
3310504013 169
3311786556 72
3326957411 57
3332444146 142
3345103274 81
3346435016 98
3369397036 134
3415828832 156
3419165889 95
3421043283 78
3453834671 11
3475802041 124
3576346154 150
3611753873 67
3637528652 6
3640665415 25
3644108658 113
3650994493 73
3682404586 103
3705166655 24
3794242346 59
3813827420 99
3825964894 179
3834047911 173
3846291404 106
3863463209 83
3880856117 79
3896729982 93
3897441493 23
3930536579 29
3954570302 53
3978014586 158
3985338750 116
4012176614 163
4020817277 131
4025582691 17
4028575057 64
4106514720 74
4120563849 105
4136759817 170
4162517235 165
4168711638 153
4173604952 167
4231238145 136
4269563040 171
4277558944 58
