1800764 71
87484882 92
125896844 101
132851176 50
158100332 148
197722022 138
212966424 130
268465553 70
277378561 85
346763723 105
347327944 80
391851701 28
409984302 10
435153685 108
442087175 121
456854657 30
465915581 88
480126874 15
482554758 91
521460429 42
582418999 122
600757238 69
646992379 175
677338192 74
680353138 118
723386437 112
755509855 143
833957915 29
882923786 166
934031291 66
976519997 7
984515489 115
1029684725 137
1039775941 139
1061459597 178
1061673189 49
1102138352 161
1119750476 136
1145535496 102
1163785346 174
1165500044 155
1171145260 3
1187002154 14
1199928407 48
1302911819 63
1324646409 0
1353077104 65
1399969279 32
1402099477 12
1404395783 116
1411244463 2
1423943361 120
1433784421 95
1462563128 25
1473496205 44
1481700130 24
1490182304 41
1497564029 36
1506500056 17
1540789971 154
1565581772 52
1583240062 99
1593335970 144
1703074003 67
1723374255 111
1755211868 89
1780965381 141
1817977319 8
1832923198 21
1836837436 76
1854296563 106
1880656059 135
1902819574 177
1957456795 149
1965817051 26
1966862849 72
1967912122 127
1987706045 79
1991912470 157
2023365118 1
2034853916 97
2040735391 53
2054922385 124
2070794468 86
2071342302 168
2088744826 16
2115991866 6
2137655290 5
2191007551 165
2245017434 117
2302936662 43
2321067875 45
2337471812 132
2352408356 38
2386566304 145
2420023489 158
2455595861 4
2493197103 125
2523580740 82
2533558194 147
2563637387 22
2564901090 19
2590626395 58
2612076060 176
2663355169 33
2675243293 56
2677761041 109
2680647675 81
2689742369 40
2714344193 51
2736746253 160
2739454820 128
2751470307 172
2752981434 133
2819042102 37
2820570352 123
2877103839 107
2878053286 104
2881898293 23
2931281920 140
2946051437 94
2947818890 34
2975899179 83
3052336121 126
3118895249 54
3134364972 87
3159294203 146
3197165266 150
3210776703 31
3224180642 20
3236016622 35
3252655057 152
3279979113 142
3305405241 62
3310504013 170
3311786556 68
3326957411 61
3332444146 153
3345103274 78
3346435016 98
3369397036 131
3415828832 151
3419165889 90
3421043283 84
3453834671 18
3475802041 119
3576346154 163
3611753873 60
3640665415 47
3644108658 110
3650994493 73
3682404586 113
3705166655 9
3794242346 55
3813827420 96
3825964894 179
3834047911 173
3846291404 103
3863463209 77
3880856117 75
3896729982 93
3897441493 11
3930536579 27
3934144507 39
3954570302 57
3978014586 156
3985338750 114
4012176614 162
4020817277 129
4025582691 13
4028575057 59
4106514720 64
4120563849 100
4136759817 169
4162517235 164
4168711638 159
4173604952 167
4231238145 134
4269563040 171
4277558944 46
