1800764 88
87484882 107
125896844 73
132851176 65
158100332 159
197722022 160
212966424 142
268465553 87
277378561 90
346763723 98
347327944 94
386235461 9
391851701 48
409984302 36
435153685 105
442087175 125
465915581 108
482554758 75
521460429 7
582418999 117
600757238 46
646992379 176
677338192 95
680353138 122
723386437 96
755509855 126
777434108 6
833957915 34
882923786 166
934031291 81
984515489 104
1029684725 156
1039775941 131
1061673189 22
1102138352 164
1119750476 140
1145535496 118
1163785346 174
1165500044 162
1171145260 23
1187002154 39
1199928407 52
1302911819 26
1315240339 25
1324646409 0
1353077104 35
1399969279 19
1404395783 103
1411244463 24
1423943361 128
1433784421 114
1473496205 11
1481700130 50
1490182304 10
1506500056 16
1540789971 146
1565581772 68
1583240062 119
1593335970 149
1703074003 85
1723374255 91
1755211868 99
1780965381 147
1817977319 29
1832923198 21
1836837436 62
1854296563 120
1880656059 144
1902819574 178
1957456795 132
1965817051 20
1966862849 37
1967912122 113
1979915395 2
1987706045 97
1991912470 161
2034853916 112
2040735391 69
2054922385 115
2070794468 106
2071342302 168
2088744826 32
2180276089 15
2191007551 150
2245017434 130
2302936662 56
2321067875 57
2335376072 3
2337471812 141
2352408356 51
2386566304 158
2420023489 153
2493197103 121
2523580740 89
2533558194 157
2563637387 45
2564901090 17
2590626395 76
2612076060 177
2623420502 18
2663355169 53
2675243293 60
2677761041 80
2680647675 102
2689742369 41
2714344193 67
2736746253 163
2739454820 133
2751470307 173
2752981434 124
2759781031 13
2819042102 43
2820570352 110
2877103839 101
2878053286 83
2881898293 49
2931281920 155
2940397723 12
2946051437 100
2947745968 14
2947818890 30
2975899179 66
2976264608 8
3052336121 139
3118895249 70
3134364972 71
3159294203 129
3197165266 137
3210776703 27
3224180642 44
3236016622 33
3252655057 135
3279979113 143
3305405241 42
3310504013 172
3311786556 54
3326957411 79
3332444146 136
3345103274 63
3346435016 78
3369397036 138
3415828832 154
3419165889 92
3421043283 58
3439938365 4
3475802041 127
3576346154 145
3611753873 47
3637528652 1
3640665415 61
3644108658 123
3650994493 93
3682404586 84
3705166655 28
3794242346 72
3813827420 82
3825964894 179
3834047911 175
3846291404 116
3863463209 86
3880856117 64
3896729982 77
3897441493 31
3930536579 5
3934144507 55
3954570302 74
3978014586 152
3985338750 109
4012176614 165
4020817277 134
4028575057 40
4106514720 59
4120563849 111
4136759817 171
4162517235 169
4168711638 148
4173604952 167
4231238145 151
4269563040 170
4277558944 38
