1800764 99
87484882 110
125896844 66
132851176 68
158100332 157
197722022 160
212966424 148
268465553 97
277378561 90
346763723 91
347327944 95
386235461 20
391851701 51
409984302 44
435153685 101
442087175 125
465915581 113
482554758 69
521460429 1
582418999 112
600757238 40
646992379 176
677338192 102
680353138 122
723386437 85
755509855 124
777434108 15
833957915 36
882923786 166
934031291 84
984515489 94
1029684725 159
1039775941 128
1061673189 8
1102138352 164
1119750476 140
1145535496 118
1163785346 174
1165500044 162
1171145260 23
1187002154 45
1199928407 48
1302911819 13
1315240339 33
1324646409 0
1353077104 27
1399969279 11
1404395783 92
1411244463 26
1423943361 130
1433784421 117
1473496205 4
1481700130 52
1490182304 5
1506500056 10
1540789971 142
1565581772 72
1583240062 120
1593335970 150
1703074003 93
1723374255 83
1755211868 104
1780965381 147
1817977319 32
1832923198 17
1836837436 62
1854296563 121
1880656059 149
1902819574 178
1957456795 131
1965817051 12
1966862849 28
1967912122 107
1979915395 6
1987706045 103
1991912470 161
2034853916 116
2040735391 73
2054922385 109
2070794468 111
2071342302 168
2088744826 39
2180276089 19
2191007551 146
2245017434 135
2302936662 57
2321067875 58
2335376072 7
2337471812 144
2352408356 50
2386566304 158
2420023489 151
2493197103 119
2523580740 89
2533558194 156
2563637387 46
2564901090 9
2590626395 82
2612076060 177
2623420502 25
2663355169 55
2675243293 59
2677761041 70
2680647675 108
2689742369 41
2714344193 71
2736746253 163
2739454820 136
2751470307 173
2752981434 123
2759781031 16
2819042102 43
2820570352 105
2877103839 96
2878053286 79
2881898293 53
2931281920 155
2940397723 22
2946051437 100
2947745968 21
2947818890 29
2975899179 64
2976264608 18
3052336121 141
3109774447 3
3118895249 77
3134364972 65
3159294203 127
3197165266 134
3210776703 24
3224180642 47
3236016622 31
3252655057 132
3279979113 143
3305405241 38
3310504013 172
3311786556 49
3326957411 86
3332444146 133
3345103274 61
3346435016 74
3369397036 138
3415828832 154
3419165889 88
3421043283 54
3439938365 14
3475802041 129
3576346154 139
3611753873 42
3640665415 67
3644108658 126
3650994493 98
3682404586 76
3705166655 30
3794242346 78
3813827420 80
3825964894 179
3834047911 175
3846291404 115
3863463209 87
3880856117 63
3896729982 75
3897441493 37
3930536579 2
3934144507 60
3954570302 81
3978014586 152
3985338750 106
4012176614 167
4020817277 137
4028575057 34
4106514720 56
4120563849 114
4136759817 171
4162517235 169
4168711638 145
4173604952 165
4231238145 153
4269563040 170
4277558944 35
