1800764 123
87484882 124
97068523 27
125896844 26
132851176 99
158100332 152
197722022 161
212966424 154
268465553 120
277378561 103
346763723 84
347327944 115
386235461 43
391851701 78
409984302 73
435153685 83
442087175 127
465915581 132
482554758 63
582418999 66
646992379 175
677338192 125
680353138 109
715741596 5
723386437 25
725606561 17
755509855 72
777434108 44
789663515 19
795357209 16
833957915 33
849924382 29
882923786 166
905458755 2
934031291 112
984515489 39
1029684725 159
1039775941 97
1102138352 164
1119750476 140
1145535496 135
1163785346 172
1165500044 168
1171145260 40
1187002154 70
1199928407 51
1303866932 7
1315240339 64
1324646409 0
1404395783 37
1411244463 52
1423943361 145
1433784421 137
1481700130 87
1506500056 11
1540789971 111
1565581772 105
1583240062 144
1593335970 138
1648888063 22
1703074003 119
1723374255 36
1755211868 116
1780965381 143
1817977319 54
1832923198 10
1836837436 56
1854296563 136
1880656059 150
1902819574 178
1957456795 91
1965817051 3
1967912122 35
1979915395 23
1987706045 118
1991912470 160
2034853916 133
2040735391 100
2054922385 61
2070794468 131
2071342302 167
2088744826 58
2180276089 42
2191007551 94
2245017434 151
2302936662 79
2321067875 82
2335376072 28
2337471812 149
2352408356 69
2386566304 156
2420023489 129
2493197103 92
2523580740 106
2533558194 153
2563637387 71
2564901090 9
2590626395 114
2612076060 177
2623420502 49
2663355169 90
2675243293 74
2677761041 21
2680647675 130
2689742369 31
2714344193 104
2736746253 162
2739454820 139
2751470307 173
2752981434 80
2759781031 32
2819042102 41
2820570352 38
2877103839 89
2878053286 53
2881898293 85
2931281920 157
2940397723 46
2946051437 102
2947745968 55
2947818890 20
2975899179 47
2976264608 50
3052336121 155
3109774447 30
3118895249 110
3134364972 65
3159294203 76
3197165266 95
3210776703 14
3224180642 77
3236016622 24
3252655057 81
3279979113 128
3310504013 174
3311786556 18
3326957411 117
3332444146 86
3345103274 48
3346435016 62
3369397036 142
3415828832 147
3419165889 96
3421043283 15
3439938365 34
3475802041 146
3576346154 88
3576952995 13
3611753873 1
3637528652 12
3640665415 98
3644108658 148
3650994493 121
3682404586 4
3705166655 45
3794242346 108
3813827420 75
3825964894 179
3834047911 176
3846291404 126
3863463209 107
3880856117 60
3896729982 68
3897441493 59
3934144507 93
3954570302 113
3978014586 134
3985338750 67
4012176614 169
4020817277 141
4074327253 6
4106514720 57
4120563849 122
4136759817 171
4162517235 170
4168711638 101
4173604952 165
4231238145 158
4269563040 163
4277558944 8
