1800764 119
87484882 106
97068523 17
125896844 62
132851176 72
158100332 156
197722022 160
212966424 147
268465553 120
277378561 81
346763723 76
347327944 92
386235461 44
391851701 51
409984302 43
435153685 86
442087175 124
465915581 116
482554758 61
582418999 104
600757238 36
646992379 176
677338192 108
680353138 113
715741596 7
723386437 78
755509855 125
777434108 38
789663515 19
833957915 22
849924382 13
882923786 166
934031291 84
984515489 89
1029684725 159
1039775941 130
1061673189 8
1102138352 164
1119750476 139
1145535496 117
1163785346 174
1165500044 163
1171145260 16
1187002154 64
1199928407 39
1302911819 15
1315240339 49
1324646409 0
1353077104 24
1399969279 3
1404395783 90
1411244463 26
1423943361 129
1433784421 121
1481700130 63
1506500056 2
1540789971 142
1565581772 85
1583240062 123
1593335970 145
1648888063 9
1703074003 110
1723374255 73
1755211868 96
1780965381 143
1817977319 27
1832923198 6
1836837436 56
1854296563 118
1880656059 144
1902819574 178
1957456795 133
1965817051 4
1966862849 31
1967912122 105
1987706045 98
1991912470 161
2034853916 114
2040735391 77
2054922385 102
2070794468 115
2071342302 167
2088744826 30
2180276089 20
2191007551 151
2245017434 136
2302936662 54
2321067875 57
2335376072 5
2337471812 141
2352408356 42
2386566304 158
2420023489 152
2493197103 111
2523580740 83
2533558194 155
2563637387 41
2564901090 1
2590626395 100
2612076060 177
2623420502 53
2663355169 71
2675243293 52
2677761041 70
2680647675 112
2689742369 28
2714344193 91
2736746253 162
2739454820 131
2751470307 173
2752981434 122
2759781031 10
2819042102 34
2820570352 99
2877103839 82
2878053286 69
2881898293 67
2931281920 157
2940397723 45
2946051437 88
2947745968 35
2947818890 14
2975899179 59
2976264608 37
3052336121 146
3109774447 12
3118895249 97
3134364972 60
3159294203 127
3197165266 135
3210776703 11
3224180642 50
3236016622 18
3252655057 137
3279979113 140
3305405241 29
3310504013 172
3311786556 40
3326957411 101
3332444146 138
3345103274 55
3346435016 66
3369397036 134
3415828832 153
3419165889 75
3421043283 46
3439938365 47
3475802041 128
3576346154 149
3611753873 33
3640665415 93
3644108658 126
3650994493 103
3682404586 74
3705166655 23
3794242346 79
3813827420 68
3825964894 179
3834047911 175
3846291404 109
3863463209 80
3880856117 58
3896729982 65
3897441493 32
3934144507 87
3954570302 95
3978014586 150
3985338750 94
4012176614 168
4020817277 132
4028575057 25
4106514720 48
4120563849 107
4136759817 171
4162517235 169
4168711638 148
4173604952 165
4231238145 154
4269563040 170
4277558944 21
