1800764 133
87484882 125
97068523 40
125896844 19
132851176 105
158100332 151
197722022 162
212966424 154
268465553 130
277378561 102
346763723 81
347327944 112
386235461 67
391851701 91
409984302 82
435153685 79
442087175 118
465915581 142
482554758 53
582418999 52
646992379 174
677338192 127
680353138 100
715741596 20
723386437 17
725606561 23
755509855 59
777434108 64
789663515 34
795357209 16
833957915 31
849924382 41
882923786 167
905458755 15
934031291 110
984515489 29
1029684725 159
1039775941 92
1102138352 165
1119750476 132
1145535496 135
1163785346 170
1165500044 168
1171145260 46
1187002154 90
1199928407 45
1303866932 10
1315240339 78
1324646409 0
1404395783 26
1411244463 56
1423943361 144
1433784421 145
1481700130 93
1506500056 8
1540789971 98
1565581772 109
1583240062 146
1593335970 129
1648888063 33
1703074003 128
1723374255 27
1755211868 113
1780965381 131
1817977319 55
1832923198 5
1836837436 44
1854296563 138
1880656059 149
1902819574 178
1957456795 80
1965817051 1
1967912122 24
1979915395 25
1987706045 119
1991912470 160
2034853916 139
2040735391 106
2054922385 42
2070794468 141
2071342302 166
2088744826 58
2180276089 51
2191007551 83
2245017434 153
2302936662 86
2321067875 89
2335376072 32
2337471812 148
2352408356 73
2386566304 155
2420023489 116
2493197103 84
2523580740 103
2533558194 152
2563637387 76
2564901090 4
2590626395 121
2612076060 176
2623420502 70
2663355169 97
2675243293 71
2677761041 11
2680647675 140
2689742369 30
2714344193 111
2727339584 3
2736746253 163
2739454820 134
2751470307 173
2752981434 74
2759781031 35
2819042102 39
2820570352 28
2877103839 85
2878053286 38
2881898293 94
2931281920 157
2939038785 6
2940397723 69
2946051437 101
2947745968 65
2947818890 18
2975899179 36
2976264608 66
3052336121 156
3109774447 43
3118895249 114
3134364972 57
3159294203 63
3197165266 87
3210776703 9
3224180642 88
3236016622 21
3252655057 72
3279979113 117
3310504013 175
3311786556 13
3326957411 122
3332444146 75
3345103274 37
3346435016 48
3369397036 137
3415828832 143
3419165889 95
3421043283 7
3439938365 60
3475802041 147
3576346154 77
3576952995 22
3637528652 12
3640665415 107
3644108658 150
3650994493 126
3705166655 49
3794242346 108
3813827420 68
3825964894 179
3834047911 177
3846291404 124
3863463209 104
3880856117 50
3896729982 62
3897441493 61
3934144507 99
3954570302 115
3978014586 123
3985338750 54
4012176614 169
4020817277 136
4074327253 14
4106514720 47
4120563849 120
4136759817 172
4162517235 171
4168711638 96
4173604952 164
4231238145 158
4269563040 161
4277558944 2
