1800764 83
87484882 102
125896844 79
132851176 60
158100332 159
197722022 158
212966424 137
268465553 81
277378561 87
346763723 98
347327944 89
386235461 6
391851701 41
409984302 30
435153685 104
442087175 123
465915581 99
482554758 76
521460429 19
582418999 118
600757238 52
646992379 175
677338192 88
680353138 120
723386437 105
755509855 128
777434108 2
833957915 32
882923786 165
934031291 75
984515489 109
1029684725 151
1039775941 134
1061459597 178
1061673189 29
1102138352 163
1119750476 136
1145535496 113
1163785346 174
1165500044 161
1171145260 14
1187002154 34
1199928407 51
1302911819 36
1315240339 16
1324646409 0
1353077104 44
1399969279 21
1404395783 111
1411244463 17
1423943361 127
1433784421 107
1462563128 1
1473496205 24
1481700130 43
1490182304 23
1497564029 5
1506500056 13
1540789971 147
1565581772 63
1583240062 112
1593335970 146
1703074003 77
1723374255 101
1755211868 94
1780965381 144
1817977319 25
1832923198 18
1836837436 66
1854296563 115
1880656059 141
1902819574 177
1957456795 138
1965817051 20
1966862849 48
1967912122 119
1987706045 92
1991912470 160
2034853916 106
2040735391 64
2054922385 117
2070794468 97
2071342302 168
2088744826 28
2180276089 9
2191007551 156
2245017434 126
2302936662 54
2321067875 55
2337471812 135
2352408356 46
2386566304 154
2420023489 155
2493197103 122
2523580740 86
2533558194 157
2563637387 37
2564901090 15
2590626395 72
2612076060 176
2623420502 11
2663355169 49
2675243293 57
2677761041 93
2680647675 95
2689742369 38
2714344193 62
2736746253 162
2739454820 129
2751470307 172
2752981434 125
2759781031 10
2819042102 40
2820570352 116
2877103839 103
2878053286 90
2881898293 42
2931281920 150
2940397723 8
2946051437 96
2947745968 7
2947818890 31
2975899179 70
2976264608 4
3052336121 131
3118895249 65
3134364972 73
3159294203 133
3197165266 139
3210776703 27
3224180642 35
3236016622 33
3252655057 140
3279979113 143
3305405241 47
3310504013 171
3311786556 56
3326957411 74
3332444146 142
3345103274 68
3346435016 80
3369397036 132
3415828832 153
3419165889 91
3421043283 61
3439938365 3
3475802041 124
3576346154 149
3611753873 50
3640665415 59
3644108658 121
3650994493 85
3682404586 100
3705166655 22
3794242346 69
3813827420 84
3825964894 179
3834047911 173
3846291404 110
3863463209 82
3880856117 67
3896729982 78
3897441493 26
3930536579 12
3934144507 53
3954570302 71
3978014586 152
3985338750 114
4012176614 164
4020817277 130
4028575057 45
4106514720 58
4120563849 108
4136759817 170
4162517235 167
4168711638 148
4173604952 166
4231238145 145
4269563040 169
4277558944 39
