1800764 101
87484882 83
125896844 108
132851176 44
158100332 145
197722022 138
212966424 126
268465553 105
277378561 65
346763723 100
347327944 67
366165566 16
386235461 27
391851701 22
409984302 6
435153685 107
442087175 116
456854657 42
465915581 92
480126874 24
482554758 84
521460429 48
582418999 125
600757238 80
646992379 174
677338192 81
680353138 114
723386437 120
755509855 154
777434108 5
833957915 4
882923786 161
934031291 55
976519997 2
984515489 119
1029684725 135
1039775941 146
1061459597 178
1061673189 49
1102138352 152
1119750476 134
1145535496 99
1163785346 175
1165500044 148
1187002154 45
1199928407 32
1302911819 87
1315240339 23
1324646409 0
1353077104 79
1399969279 18
1402099477 13
1404395783 121
1423943361 115
1433784421 98
1462563128 34
1473496205 50
1481700130 37
1490182304 46
1497564029 41
1540789971 156
1565581772 53
1583240062 104
1593335970 142
1703074003 89
1723374255 112
1755211868 77
1780965381 139
1832923198 3
1836837436 61
1854296563 102
1880656059 131
1902819574 177
1957456795 158
1965817051 8
1966862849 97
1967912122 137
1987706045 72
1991912470 149
2023365118 26
2034853916 94
2040735391 47
2054922385 130
2070794468 91
2071342302 164
2115991866 30
2191007551 171
2245017434 113
2302936662 31
2321067875 33
2337471812 128
2352408356 19
2386566304 141
2420023489 155
2455595861 29
2493197103 122
2523580740 64
2533558194 144
2563637387 7
2590626395 76
2612076060 176
2618357298 17
2623420502 38
2663355169 52
2675243293 39
2677761041 110
2680647675 90
2689742369 21
2714344193 59
2736746253 150
2739454820 123
2751470307 172
2752981434 140
2819042102 15
2820570352 133
2877103839 103
2878053286 106
2881898293 40
2931281920 136
2940397723 28
2946051437 82
2947818890 11
2975899179 73
2976264608 1
3052336121 118
3118895249 69
3134364972 71
3159294203 159
3197165266 157
3210776703 10
3224180642 14
3236016622 12
3252655057 165
3279979113 143
3305405241 62
3310504013 168
3311786556 57
3326957411 74
3332444146 163
3345103274 66
3346435016 95
3369397036 127
3415828832 147
3419165889 78
3421043283 86
3439938365 35
3453834671 25
3475802041 111
3576346154 170
3611753873 54
3640665415 68
3644108658 109
3650994493 75
3682404586 129
3794242346 51
3813827420 88
3825964894 179
3834047911 173
3846291404 96
3863463209 60
3880856117 58
3896729982 85
3930536579 20
3934144507 70
3954570302 63
3978014586 151
3985338750 117
4012176614 153
4020817277 124
4025582691 9
4028575057 56
4106514720 43
4120563849 93
4136759817 167
4162517235 160
4168711638 166
4173604952 162
4231238145 132
4269563040 169
4277558944 36
