1800764 67
87484882 119
125896844 61
132851176 73
158100332 156
197722022 160
212966424 152
268465553 64
277378561 110
346763723 101
347327944 112
391851701 56
409984302 40
435153685 104
442087175 136
465915581 107
482554758 90
582418999 95
600757238 19
646992379 176
677338192 97
680353138 130
723386437 63
725606561 15
755509855 99
777434108 2
795357209 17
833957915 50
882923786 167
934031291 96
972543760 4
984515489 82
1029684725 159
1039775941 131
1061673189 6
1102138352 164
1119750476 145
1145535496 129
1163785346 174
1165500044 162
1171145260 38
1187002154 5
1199928407 60
1303866932 12
1315240339 10
1324646409 0
1353077104 11
1399969279 23
1404395783 78
1411244463 39
1423943361 138
1433784421 120
1481700130 37
1506500056 30
1540789971 135
1565581772 66
1583240062 125
1593335970 147
1703074003 79
1723374255 72
1755211868 114
1780965381 148
1817977319 44
1832923198 31
1836837436 74
1854296563 132
1880656059 151
1902819574 178
1957456795 122
1965817051 27
1967912122 75
1979915395 24
1987706045 111
1991912470 161
2034853916 123
2040735391 81
2054922385 92
2070794468 102
2071342302 168
2088744826 48
2180276089 28
2191007551 124
2245017434 139
2302936662 71
2321067875 76
2335376072 25
2337471812 150
2338681792 9
2352408356 62
2386566304 158
2420023489 144
2493197103 117
2523580740 108
2533558194 155
2563637387 55
2564901090 29
2590626395 65
2612076060 177
2663355169 26
2675243293 83
2677761041 57
2680647675 100
2689742369 53
2714344193 59
2736746253 163
2739454820 141
2751470307 173
2752981434 113
2759781031 33
2819042102 54
2820570352 84
2877103839 106
2878053286 86
2881898293 32
2931281920 157
2946051437 115
2947745968 16
2947818890 41
2975899179 70
2976264608 7
2979186596 8
3044575483 1
3052336121 149
3109774447 13
3118895249 58
3134364972 88
3159294203 103
3197165266 127
3210776703 35
3224180642 47
3236016622 45
3252655057 116
3279979113 140
3305405241 21
3310504013 172
3311786556 52
3326957411 85
3332444146 118
3345103274 69
3346435016 89
3369397036 143
3415828832 153
3419165889 109
3421043283 51
3475802041 137
3516413806 3
3576346154 121
3611753873 34
3637528652 20
3640665415 49
3644108658 134
3650994493 98
3682404586 42
3705166655 43
3794242346 87
3813827420 93
3825964894 179
3834047911 175
3846291404 128
3863463209 105
3880856117 80
3896729982 91
3897441493 46
3930536579 14
3934144507 18
3954570302 77
3978014586 146
3985338750 94
4012176614 165
4020817277 142
4028575057 22
4106514720 68
4120563849 126
4136759817 171
4162517235 169
4168711638 133
4173604952 166
4231238145 154
4269563040 170
4277558944 36
