1800764 49
87484882 91
125896844 98
132851176 48
158100332 156
197722022 140
212966424 131
268465553 44
277378561 88
346763723 108
347327944 84
391851701 27
409984302 8
435153685 112
442087175 126
456854657 16
465915581 77
480126874 11
482554758 92
521460429 36
582418999 120
600757238 68
646992379 175
677338192 69
680353138 122
723386437 113
755509855 133
833957915 40
882923786 166
934031291 70
976519997 12
984515489 114
1029684725 141
1039775941 138
1061459597 178
1061673189 50
1102138352 164
1119750476 139
1145535496 101
1163785346 174
1165500044 159
1171145260 17
1199928407 63
1302911819 57
1324646409 0
1353077104 62
1399969279 37
1402099477 14
1404395783 115
1411244463 10
1423943361 125
1433784421 87
1462563128 21
1473496205 39
1481700130 7
1490182304 38
1497564029 25
1506500056 28
1540789971 151
1565581772 41
1583240062 93
1593335970 149
1703074003 55
1723374255 110
1755211868 89
1780965381 146
1817977319 20
1832923198 34
1836837436 81
1854296563 106
1880656059 137
1902819574 177
1957456795 142
1965817051 35
1966862849 64
1967912122 118
1979915395 2
1987706045 79
1991912470 161
2034853916 94
2040735391 53
2054922385 119
2070794468 76
2071342302 168
2088744826 26
2137655290 13
2191007551 157
2245017434 121
2273076216 5
2302936662 59
2321067875 60
2337471812 134
2338681792 4
2352408356 47
2386566304 150
2420023489 160
2493197103 124
2523580740 86
2533558194 153
2563637387 29
2564901090 30
2590626395 43
2612076060 176
2663355169 1
2675243293 71
2677761041 104
2680647675 73
2689742369 54
2714344193 33
2736746253 162
2739454820 129
2751470307 172
2752981434 128
2759781031 9
2819042102 52
2820570352 117
2877103839 109
2878053286 102
2881898293 3
2931281920 147
2946051437 97
2947818890 45
2975899179 85
3052336121 127
3118895249 31
3134364972 90
3159294203 136
3197165266 144
3210776703 42
3224180642 18
3236016622 46
3252655057 143
3279979113 148
3305405241 66
3310504013 169
3311786556 74
3326957411 56
3332444146 145
3345103274 83
3346435016 99
3369397036 132
3415828832 155
3419165889 95
3421043283 78
3453834671 15
3475802041 123
3576346154 152
3611753873 67
3637528652 6
3640665415 24
3644108658 111
3650994493 72
3682404586 107
3705166655 23
3794242346 58
3813827420 100
3825964894 179
3834047911 173
3846291404 105
3863463209 82
3880856117 80
3896729982 96
3897441493 22
3930536579 32
3954570302 51
3978014586 158
3985338750 116
4012176614 163
4020817277 130
4025582691 19
4028575057 65
4106514720 75
4120563849 103
4136759817 170
4162517235 165
4168711638 154
4173604952 167
4231238145 135
4269563040 171
4277558944 61
