1800764 65
87484882 100
125896844 87
132851176 58
158100332 159
197722022 152
212966424 138
268465553 64
277378561 91
346763723 106
347327944 88
391851701 39
409984302 19
435153685 110
442087175 124
465915581 83
482554758 86
521460429 21
582418999 120
600757238 55
646992379 175
677338192 74
680353138 121
723386437 105
755509855 128
795357209 1
833957915 41
882923786 166
934031291 73
976519997 3
984515489 113
1029684725 150
1039775941 133
1061459597 178
1061673189 35
1102138352 163
1119750476 141
1145535496 109
1163785346 174
1165500044 160
1171145260 18
1199928407 59
1302911819 36
1324646409 0
1353077104 45
1399969279 34
1402099477 4
1404395783 111
1411244463 17
1423943361 127
1433784421 99
1462563128 8
1473496205 24
1481700130 20
1490182304 26
1497564029 12
1506500056 28
1540789971 147
1565581772 54
1583240062 104
1593335970 148
1703074003 68
1723374255 103
1755211868 94
1780965381 146
1817977319 23
1832923198 32
1836837436 75
1854296563 114
1880656059 142
1902819574 177
1957456795 135
1965817051 33
1966862849 44
1967912122 117
1979915395 7
1987706045 85
1991912470 161
2034853916 102
2040735391 62
2054922385 118
2070794468 81
2071342302 168
2088744826 31
2137655290 6
2180276089 10
2191007551 149
2245017434 123
2302936662 60
2321067875 61
2335376072 5
2337471812 140
2352408356 51
2386566304 155
2420023489 156
2493197103 122
2523580740 89
2533558194 158
2563637387 38
2564901090 29
2590626395 57
2612076060 176
2663355169 15
2675243293 70
2677761041 93
2680647675 80
2689742369 47
2714344193 50
2736746253 162
2739454820 131
2751470307 172
2752981434 126
2759781031 13
2819042102 46
2820570352 116
2877103839 107
2878053286 98
2881898293 16
2931281920 153
2946051437 101
2947818890 42
2975899179 79
3052336121 129
3118895249 49
3134364972 82
3159294203 130
3197165266 139
3210776703 37
3224180642 30
3236016622 43
3252655057 136
3279979113 145
3305405241 53
3310504013 171
3311786556 69
3326957411 67
3332444146 137
3345103274 77
3346435016 92
3369397036 134
3415828832 157
3419165889 97
3421043283 72
3453834671 2
3475802041 125
3576346154 144
3611753873 56
3637528652 11
3640665415 40
3644108658 119
3650994493 78
3682404586 96
3705166655 25
3794242346 66
3813827420 95
3825964894 179
3834047911 173
3846291404 112
3863463209 84
3880856117 76
3896729982 90
3897441493 27
3930536579 22
3934144507 14
3954570302 63
3978014586 154
3985338750 115
4012176614 164
4020817277 132
4025582691 9
4028575057 52
4106514720 71
4120563849 108
4136759817 169
4162517235 165
4168711638 151
4173604952 167
4231238145 143
4269563040 170
4277558944 48
