1800764 107
87484882 125
97068523 9
125896844 43
132851176 92
158100332 154
197722022 160
212966424 153
268465553 104
277378561 111
346763723 87
347327944 116
386235461 20
391851701 75
409984302 57
435153685 89
442087175 133
465915581 127
482554758 73
582418999 78
646992379 175
677338192 118
680353138 121
723386437 44
725606561 13
755509855 83
777434108 26
795357209 15
833957915 41
849924382 12
882923786 167
934031291 110
984515489 56
1029684725 159
1039775941 115
1102138352 163
1119750476 143
1145535496 132
1163785346 172
1165500044 164
1171145260 40
1187002154 39
1199928407 54
1303866932 7
1315240339 36
1324646409 0
1399969279 6
1404395783 53
1411244463 45
1423943361 145
1433784421 131
1481700130 69
1506500056 21
1540789971 126
1565581772 93
1583240062 135
1593335970 144
1648888063 5
1703074003 109
1723374255 52
1755211868 119
1780965381 147
1817977319 47
1832923198 18
1836837436 62
1854296563 134
1880656059 151
1902819574 178
1957456795 99
1965817051 11
1967912122 51
1979915395 27
1987706045 120
1991912470 161
2034853916 130
2040735391 96
2054922385 72
2070794468 124
2071342302 168
2088744826 50
2180276089 38
2191007551 103
2245017434 148
2302936662 80
2321067875 82
2335376072 29
2337471812 149
2352408356 70
2386566304 156
2420023489 137
2493197103 102
2523580740 113
2533558194 155
2563637387 66
2564901090 16
2590626395 98
2612076060 177
2623420502 19
2663355169 63
2675243293 76
2677761041 35
2680647675 123
2689742369 42
2714344193 86
2736746253 162
2739454820 139
2751470307 173
2752981434 90
2759781031 34
2819042102 48
2820570352 55
2877103839 94
2878053286 65
2881898293 64
2931281920 158
2940397723 22
2946051437 114
2947745968 37
2947818890 31
2975899179 59
2976264608 28
3052336121 152
3109774447 25
3118895249 88
3134364972 74
3159294203 85
3197165266 108
3210776703 24
3224180642 67
3236016622 33
3252655057 91
3279979113 136
3305405241 1
3310504013 174
3311786556 32
3326957411 106
3332444146 95
3345103274 58
3346435016 71
3369397036 141
3415828832 150
3419165889 105
3421043283 30
3439938365 8
3475802041 146
3576346154 97
3576952995 4
3611753873 10
3637528652 14
3640665415 84
3644108658 142
3650994493 117
3682404586 17
3705166655 46
3794242346 100
3813827420 81
3825964894 179
3834047911 176
3846291404 129
3863463209 112
3880856117 68
3896729982 77
3897441493 49
3934144507 60
3954570302 101
3978014586 138
3985338750 79
4012176614 169
4020817277 140
4028575057 3
4074327253 2
4106514720 61
4120563849 128
4136759817 171
4162517235 170
4168711638 122
4173604952 165
4231238145 157
4269563040 166
4277558944 23
