1800764 79
87484882 118
125896844 59
132851176 77
158100332 156
197722022 160
212966424 152
268465553 73
277378561 108
346763723 98
347327944 110
391851701 56
409984302 41
435153685 100
442087175 135
465915581 112
482554758 86
582418999 95
600757238 19
646992379 176
677338192 97
680353138 130
723386437 62
725606561 13
755509855 103
777434108 6
795357209 16
833957915 47
882923786 166
934031291 96
972543760 3
984515489 80
1029684725 159
1039775941 132
1061673189 7
1102138352 164
1119750476 145
1145535496 129
1163785346 174
1165500044 162
1171145260 36
1187002154 14
1199928407 58
1303866932 8
1315240339 15
1324646409 0
1353077104 10
1399969279 20
1404395783 76
1411244463 38
1423943361 138
1433784421 120
1481700130 44
1506500056 27
1540789971 136
1565581772 69
1583240062 125
1593335970 147
1703074003 88
1723374255 71
1755211868 114
1780965381 148
1817977319 43
1832923198 28
1836837436 67
1854296563 131
1880656059 151
1902819574 178
1957456795 121
1965817051 25
1966862849 1
1967912122 78
1979915395 23
1987706045 111
1991912470 161
2034853916 123
2040735391 84
2054922385 93
2070794468 106
2071342302 168
2088744826 48
2180276089 29
2191007551 127
2245017434 139
2302936662 68
2321067875 70
2335376072 24
2337471812 150
2338681792 5
2352408356 60
2386566304 158
2420023489 144
2493197103 116
2523580740 107
2533558194 155
2563637387 55
2564901090 26
2590626395 72
2612076060 177
2663355169 33
2675243293 75
2677761041 57
2680647675 104
2689742369 52
2714344193 63
2736746253 163
2739454820 141
2751470307 173
2752981434 115
2759781031 31
2819042102 53
2820570352 83
2877103839 101
2878053286 82
2881898293 37
2931281920 157
2946051437 113
2947745968 18
2947818890 39
2975899179 66
2976264608 9
2979186596 4
3052336121 149
3109774447 12
3118895249 61
3134364972 85
3159294203 109
3197165266 128
3210776703 34
3224180642 51
3236016622 40
3252655057 117
3279979113 140
3305405241 22
3310504013 172
3311786556 50
3326957411 89
3332444146 119
3345103274 65
3346435016 87
3369397036 143
3415828832 153
3419165889 105
3421043283 49
3475802041 137
3516413806 2
3576346154 122
3611753873 32
3637528652 17
3640665415 54
3644108658 134
3650994493 99
3682404586 46
3705166655 42
3794242346 90
3813827420 92
3825964894 179
3834047911 175
3846291404 126
3863463209 102
3880856117 74
3896729982 91
3897441493 45
3930536579 11
3934144507 30
3954570302 81
3978014586 146
3985338750 94
4012176614 167
4020817277 142
4028575057 21
4106514720 64
4120563849 124
4136759817 171
4162517235 169
4168711638 133
4173604952 165
4231238145 154
4269563040 170
4277558944 35
