1800764 157
87484882 126
97068523 79
125896844 5
132851176 117
158100332 139
197722022 169
212966424 153
268465553 158
277378561 99
346763723 66
347327944 108
386235461 95
391851701 91
409984302 90
435153685 61
442087175 105
465915581 147
482554758 41
548834259 6
582418999 31
646992379 176
677338192 144
680353138 86
715741596 71
723386437 1
725606561 38
755509855 39
777434108 89
789663515 80
795357209 21
833957915 30
849924382 77
882923786 167
905458755 60
934031291 116
960241349 3
984515489 14
1029684725 162
1039775941 76
1102138352 168
1119750476 112
1145535496 131
1163785346 170
1165500044 171
1171145260 55
1187002154 109
1199928407 45
1303866932 18
1315240339 98
1324646409 0
1378626860 17
1404395783 10
1411244463 68
1423943361 128
1433784421 150
1481700130 107
1506500056 4
1540789971 82
1565581772 127
1583240062 149
1593335970 106
1648888063 74
1687077153 20
1703074003 152
1723374255 11
1755211868 111
1780965381 110
1817977319 64
1836837436 32
1854296563 130
1878223483 22
1880656059 140
1957456795 58
1967912122 8
1979915395 36
1987706045 124
1991912470 163
2034853916 138
2040735391 122
2054922385 25
2070794468 148
2071342302 166
2088744826 62
2180276089 70
2191007551 59
2245017434 154
2302936662 83
2321067875 85
2335376072 48
2337471812 133
2352408356 75
2386566304 151
2420023489 97
2493197103 63
2523580740 101
2533558194 141
2563637387 81
2590626395 145
2612076060 178
2623420502 102
2663355169 125
2675243293 67
2680647675 146
2689742369 26
2714344193 132
2727339584 15
2736746253 165
2739454820 115
2751470307 174
2752981434 52
2759781031 49
2819042102 42
2820570352 13
2877103839 72
2878053286 23
2881898293 114
2931281920 156
2939038785 33
2940397723 96
2946051437 94
2947745968 84
2947818890 9
2975899179 27
2976264608 88
3052336121 159
3109774447 73
3118895249 142
3134364972 46
3159294203 44
3162794093 24
3197165266 65
3210776703 2
3224180642 92
3236016622 16
3252655057 51
3255384253 19
3279979113 100
3310504013 177
3326957411 143
3332444146 54
3345103274 28
3346435016 34
3369397036 118
3415828832 121
3419165889 87
3439938365 93
3475802041 136
3576346154 56
3576952995 50
3637528652 12
3640665415 137
3644108658 155
3650994493 134
3705166655 57
3794242346 123
3813827420 53
3825964894 179
3846291404 119
3863463209 104
3880856117 43
3896729982 47
3897441493 69
3934144507 129
3954570302 135
3978014586 103
3985338750 37
4012176614 173
4020817277 120
4074327253 29
4088869787 35
4106514720 40
4120563849 113
4123558703 7
4136759817 172
4162517235 175
4168711638 78
4173604952 164
4231238145 160
4269563040 161
