1800764 110
87484882 102
97068523 6
125896844 68
132851176 66
158100332 158
197722022 160
212966424 143
268465553 111
277378561 82
346763723 86
347327944 88
386235461 36
391851701 50
409984302 40
435153685 95
442087175 123
465915581 112
482554758 65
521460429 11
582418999 114
600757238 44
646992379 176
677338192 99
680353138 121
723386437 97
755509855 129
777434108 28
789663515 5
833957915 24
849924382 2
882923786 166
934031291 78
984515489 100
1029684725 159
1039775941 131
1061673189 17
1102138352 164
1119750476 136
1145535496 116
1163785346 174
1165500044 162
1171145260 15
1187002154 56
1199928407 45
1302911819 30
1315240339 43
1324646409 0
1353077104 34
1399969279 10
1404395783 101
1411244463 19
1423943361 127
1433784421 118
1473496205 13
1481700130 57
1490182304 12
1506500056 3
1540789971 147
1565581772 75
1583240062 120
1593335970 146
1703074003 103
1723374255 87
1755211868 94
1780965381 145
1817977319 23
1832923198 9
1836837436 58
1854296563 119
1880656059 144
1902819574 178
1957456795 135
1965817051 8
1966862849 42
1967912122 117
1987706045 96
1991912470 161
2034853916 113
2040735391 71
2054922385 115
2070794468 108
2071342302 168
2088744826 26
2180276089 14
2191007551 155
2245017434 128
2302936662 52
2321067875 53
2337471812 137
2352408356 46
2386566304 157
2420023489 152
2493197103 122
2523580740 83
2533558194 156
2563637387 41
2564901090 4
2590626395 92
2612076060 177
2623420502 47
2663355169 64
2675243293 54
2677761041 76
2680647675 106
2689742369 31
2714344193 77
2736746253 163
2739454820 130
2751470307 173
2752981434 124
2759781031 7
2819042102 32
2820570352 109
2877103839 90
2878053286 74
2881898293 61
2931281920 154
2940397723 38
2946051437 89
2947745968 22
2947818890 18
2975899179 62
2976264608 27
3052336121 139
3109774447 1
3118895249 85
3134364972 63
3159294203 133
3197165266 138
3210776703 16
3224180642 48
3236016622 21
3252655057 140
3279979113 142
3305405241 35
3310504013 172
3311786556 49
3326957411 93
3332444146 141
3345103274 59
3346435016 69
3369397036 134
3415828832 153
3419165889 81
3421043283 55
3439938365 39
3475802041 126
3576346154 150
3611753873 37
3640665415 79
3644108658 125
3650994493 98
3682404586 91
3705166655 20
3794242346 73
3813827420 70
3825964894 179
3834047911 175
3846291404 107
3863463209 80
3880856117 60
3896729982 67
3897441493 25
3934144507 72
3954570302 84
3978014586 151
3985338750 104
4012176614 167
4020817277 132
4028575057 33
4106514720 51
4120563849 105
4136759817 171
4162517235 169
4168711638 149
4173604952 165
4231238145 148
4269563040 170
4277558944 29
