1800764 99
87484882 90
125896844 103
132851176 51
158100332 146
197722022 143
212966424 130
268465553 102
277378561 74
346763723 96
347327944 77
386235461 28
391851701 31
409984302 20
435153685 108
442087175 117
456854657 34
465915581 94
480126874 11
482554758 83
521460429 42
582418999 122
600757238 61
646992379 175
677338192 86
680353138 113
723386437 114
755509855 148
777434108 9
833957915 15
882923786 164
934031291 63
984515489 115
1029684725 138
1039775941 140
1061459597 178
1061673189 44
1102138352 160
1119750476 134
1145535496 105
1163785346 174
1165500044 155
1187002154 47
1199928407 36
1302911819 62
1315240339 26
1324646409 0
1353077104 57
1399969279 19
1402099477 4
1404395783 118
1423943361 120
1433784421 104
1462563128 23
1473496205 43
1481700130 41
1490182304 40
1497564029 33
1540789971 153
1565581772 59
1583240062 107
1593335970 142
1703074003 91
1723374255 110
1755211868 84
1780965381 137
1832923198 8
1836837436 60
1854296563 106
1880656059 133
1902819574 177
1957456795 151
1965817051 12
1966862849 78
1967912122 131
1987706045 81
1991912470 154
2023365118 5
2034853916 97
2040735391 55
2054922385 124
2070794468 93
2071342302 166
2088744826 7
2115991866 13
2191007551 168
2245017434 119
2302936662 38
2321067875 39
2337471812 132
2352408356 30
2386566304 144
2420023489 156
2455595861 10
2493197103 123
2523580740 73
2533558194 145
2563637387 22
2564901090 1
2590626395 76
2612076060 176
2623420502 35
2663355169 52
2675243293 46
2677761041 109
2680647675 92
2689742369 25
2714344193 65
2736746253 159
2739454820 127
2751470307 172
2752981434 136
2819042102 24
2820570352 125
2877103839 98
2878053286 101
2881898293 45
2931281920 139
2940397723 29
2946051437 87
2947818890 18
2975899179 68
2976264608 6
3052336121 126
3118895249 72
3134364972 71
3159294203 150
3197165266 149
3210776703 17
3224180642 27
3236016622 21
3252655057 158
3279979113 141
3305405241 53
3310504013 171
3311786556 54
3326957411 79
3332444146 157
3345103274 64
3346435016 89
3369397036 129
3415828832 147
3419165889 80
3421043283 75
3439938365 32
3453834671 14
3475802041 116
3576346154 167
3611753873 50
3640665415 69
3644108658 111
3650994493 82
3682404586 121
3794242346 56
3813827420 88
3825964894 179
3834047911 173
3846291404 100
3863463209 70
3880856117 58
3896729982 85
3897441493 3
3930536579 16
3934144507 66
3954570302 67
3978014586 152
3985338750 112
4012176614 162
4020817277 128
4025582691 2
4028575057 49
4106514720 48
4120563849 95
4136759817 169
4162517235 163
4168711638 161
4173604952 165
4231238145 135
4269563040 170
4277558944 37
