1800764 145
87484882 114
97068523 44
125896844 30
132851176 96
158100332 153
197722022 161
212966424 152
268465553 146
277378561 90
346763723 76
347327944 101
386235461 71
391851701 72
409984302 65
435153685 77
442087175 117
465915581 136
482554758 52
582418999 70
646992379 175
677338192 124
680353138 94
715741596 26
723386437 47
725606561 12
755509855 84
777434108 64
789663515 45
795357209 10
833957915 20
849924382 41
882923786 166
905458755 22
934031291 100
984515489 57
1029684725 159
1039775941 103
1102138352 163
1119750476 137
1145535496 125
1163785346 172
1165500044 168
1171145260 25
1187002154 87
1199928407 29
1315240339 78
1324646409 0
1404395783 55
1411244463 36
1423943361 140
1433784421 142
1481700130 85
1506500056 6
1540789971 119
1565581772 107
1583240062 143
1593335970 139
1648888063 32
1703074003 132
1723374255 48
1755211868 105
1780965381 141
1817977319 35
1832923198 2
1836837436 42
1854296563 126
1880656059 150
1902819574 178
1957456795 95
1967912122 63
1979915395 14
1987706045 109
1991912470 160
2034853916 127
2040735391 102
2054922385 68
2070794468 135
2071342302 167
2088744826 37
2180276089 34
2191007551 111
2245017434 151
2302936662 66
2321067875 69
2335376072 19
2337471812 147
2352408356 54
2386566304 156
2420023489 133
2493197103 82
2523580740 91
2533558194 154
2563637387 59
2564901090 1
2590626395 123
2612076060 177
2623420502 80
2663355169 98
2675243293 56
2677761041 33
2680647675 130
2689742369 21
2714344193 112
2736746253 162
2739454820 129
2751470307 173
2752981434 83
2759781031 23
2819042102 24
2820570352 60
2877103839 79
2878053286 49
2881898293 89
2931281920 157
2939038785 5
2940397723 75
2946051437 88
2947745968 53
2947818890 13
2975899179 40
2976264608 61
3052336121 155
3109774447 31
3118895249 120
3134364972 50
3159294203 86
3197165266 99
3210776703 11
3224180642 73
3236016622 15
3252655057 93
3279979113 128
3310504013 174
3311786556 17
3326957411 122
3332444146 97
3345103274 38
3346435016 51
3369397036 134
3415828832 148
3419165889 81
3421043283 18
3439938365 74
3475802041 144
3576346154 106
3576952995 16
3611753873 8
3637528652 4
3640665415 116
3644108658 149
3650994493 121
3682404586 27
3705166655 28
3794242346 104
3813827420 62
3825964894 179
3834047911 176
3846291404 113
3863463209 92
3880856117 46
3896729982 58
3897441493 43
3934144507 108
3954570302 115
3978014586 138
3985338750 67
4012176614 169
4020817277 131
4074327253 7
4088869787 3
4106514720 39
4120563849 110
4136759817 171
4162517235 170
4168711638 118
4173604952 165
4231238145 158
4269563040 164
4277558944 9
