1800764 52
87484882 77
125896844 108
132851176 26
158100332 146
197722022 129
212966424 120
268465553 49
277378561 76
346763723 105
347327944 71
366165566 18
391851701 11
435153685 109
442087175 117
456854657 57
465915581 64
480126874 45
482554758 100
521460429 67
582418999 130
600757238 91
646992379 174
677338192 56
680353138 116
723386437 119
755509855 154
833957915 21
882923786 160
934031291 55
976519997 22
984515489 121
1029684725 133
1039775941 147
1061459597 178
1061673189 72
1102138352 152
1119750476 137
1145535496 92
1163785346 175
1165500044 142
1199928407 54
1302911819 90
1324646409 0
1353077104 86
1399969279 51
1402099477 34
1404395783 122
1423943361 113
1433784421 74
1462563128 53
1473496205 68
1490182304 65
1497564029 59
1506500056 16
1540789971 159
1565581772 25
1567831198 6
1583240062 81
1593335970 144
1703074003 48
1723374255 115
1755211868 75
1780965381 141
1817977319 5
1832923198 28
1836837436 85
1854296563 96
1880656059 132
1902819574 177
1957456795 158
1965817051 35
1966862849 98
1967912122 138
1987706045 66
1991912470 148
2023365118 27
2034853916 80
2040735391 29
2054922385 134
2070794468 63
2071342302 163
2088744826 10
2115991866 39
2137655290 15
2191007551 171
2245017434 110
2273076216 13
2302936662 41
2321067875 40
2337471812 127
2338681792 3
2352408356 24
2386566304 139
2420023489 161
2455595861 33
2493197103 128
2523580740 73
2533558194 143
2563637387 12
2564901090 19
2590626395 30
2612076060 176
2618357298 23
2654090424 1
2663355169 4
2675243293 60
2677761041 114
2680647675 62
2689742369 46
2714344193 17
2736746253 151
2739454820 125
2751470307 172
2752981434 140
2819042102 36
2820570352 135
2877103839 106
2878053286 107
2931281920 136
2946051437 89
2947818890 42
2975899179 94
3052336121 112
3118895249 20
3134364972 93
3159294203 156
3197165266 157
3210776703 43
3224180642 2
3236016622 38
3252655057 165
3279979113 145
3305405241 83
3310504013 166
3311786556 82
3326957411 44
3332444146 164
3345103274 88
3346435016 104
3369397036 131
3415828832 150
3419165889 87
3421043283 99
3453834671 47
3475802041 111
3576346154 169
3611753873 79
3640665415 14
3644108658 102
3650994493 58
3682404586 124
3705166655 8
3794242346 37
3813827420 103
3825964894 179
3834047911 173
3846291404 97
3863463209 69
3880856117 84
3896729982 101
3897441493 7
3930536579 50
3934144507 9
3954570302 32
3978014586 155
3985338750 118
4012176614 149
4020817277 126
4025582691 31
4028575057 78
4106514720 70
4120563849 95
4136759817 168
4162517235 153
4168711638 167
4173604952 162
4231238145 123
4269563040 170
4277558944 61
