1800764 125
87484882 89
97068523 27
125896844 64
132851176 74
158100332 154
197722022 159
212966424 138
268465553 127
277378561 69
346763723 72
347327944 82
386235461 58
391851701 46
409984302 41
435153685 81
442087175 120
456854657 1
465915581 115
482554758 57
521460429 13
582418999 108
600757238 39
646992379 176
677338192 102
680353138 109
715741596 26
723386437 90
755509855 136
777434108 49
789663515 36
833957915 8
849924382 25
882923786 166
905458755 17
934031291 77
984515489 96
1029684725 157
1039775941 132
1061673189 20
1102138352 164
1119750476 133
1145535496 107
1163785346 174
1165500044 163
1171145260 6
1187002154 83
1199928407 29
1302911819 37
1315240339 56
1324646409 0
1353077104 35
1404395783 99
1411244463 15
1423943361 123
1433784421 117
1473496205 14
1481700130 65
1490182304 10
1497564029 3
1540789971 145
1565581772 86
1583240062 121
1593335970 142
1648888063 22
1703074003 119
1723374255 84
1755211868 85
1780965381 139
1817977319 16
1836837436 51
1854296563 110
1880656059 135
1902819574 178
1957456795 144
1966862849 45
1967912122 118
1987706045 87
1991912470 161
2034853916 106
2040735391 79
2054922385 112
2070794468 116
2071342302 167
2088744826 21
2180276089 12
2191007551 160
2245017434 131
2302936662 44
2321067875 47
2337471812 134
2352408356 33
2386566304 153
2420023489 155
2493197103 113
2523580740 71
2533558194 152
2563637387 34
2590626395 104
2612076060 177
2623420502 68
2663355169 88
2675243293 43
2677761041 78
2680647675 114
2689742369 18
2714344193 94
2736746253 162
2739454820 128
2751470307 173
2752981434 124
2759781031 2
2819042102 23
2820570352 111
2877103839 75
2878053286 66
2881898293 73
2931281920 151
2940397723 60
2946051437 76
2947745968 31
2947818890 5
2975899179 54
2976264608 42
3052336121 137
3109774447 9
3118895249 103
3134364972 55
3159294203 141
3197165266 143
3210776703 4
3224180642 48
3236016622 7
3252655057 148
3279979113 140
3305405241 32
3310504013 172
3311786556 38
3326957411 100
3332444146 147
3345103274 53
3346435016 61
3369397036 130
3415828832 149
3419165889 67
3421043283 52
3439938365 63
3475802041 122
3576346154 158
3611753873 30
3640665415 101
3644108658 126
3650994493 95
3682404586 98
3705166655 11
3794242346 80
3813827420 62
3825964894 179
3834047911 175
3846291404 97
3863463209 70
3880856117 50
3896729982 59
3897441493 24
3934144507 105
3954570302 93
3978014586 150
3985338750 92
4012176614 168
4020817277 129
4028575057 28
4106514720 40
4120563849 91
4136759817 171
4162517235 169
4168711638 156
4173604952 165
4231238145 146
4269563040 170
4277558944 19
