1800764 93
87484882 121
97068523 3
125896844 55
132851176 84
158100332 154
197722022 160
212966424 153
268465553 91
277378561 105
346763723 96
347327944 111
386235461 8
391851701 59
409984302 48
435153685 98
442087175 135
465915581 120
482554758 78
582418999 89
600757238 12
646992379 175
677338192 107
680353138 125
723386437 58
725606561 10
755509855 97
777434108 11
795357209 17
833957915 42
849924382 6
882923786 166
934031291 100
984515489 70
1029684725 159
1039775941 126
1102138352 164
1119750476 144
1145535496 131
1163785346 174
1165500044 163
1171145260 37
1187002154 28
1199928407 56
1303866932 5
1315240339 25
1324646409 0
1353077104 2
1399969279 15
1404395783 67
1411244463 38
1423943361 139
1433784421 127
1481700130 53
1506500056 23
1540789971 134
1565581772 82
1583240062 130
1593335970 147
1703074003 95
1723374255 65
1755211868 116
1780965381 148
1817977319 43
1832923198 24
1836837436 64
1854296563 132
1880656059 151
1902819574 178
1957456795 118
1965817051 20
1967912122 69
1979915395 21
1987706045 114
1991912470 161
2034853916 128
2040735391 87
2054922385 83
2070794468 117
2071342302 167
2088744826 47
2180276089 33
2191007551 123
2245017434 146
2302936662 74
2321067875 75
2335376072 26
2337471812 149
2352408356 60
2386566304 157
2420023489 142
2493197103 110
2523580740 106
2533558194 155
2563637387 57
2564901090 22
2590626395 86
2612076060 177
2623420502 7
2663355169 49
2675243293 73
2677761041 52
2680647675 115
2689742369 44
2714344193 80
2736746253 162
2739454820 140
2751470307 173
2752981434 104
2759781031 32
2819042102 51
2820570352 71
2877103839 99
2878053286 72
2881898293 50
2931281920 158
2940397723 9
2946051437 112
2947745968 29
2947818890 34
2975899179 63
2976264608 19
3052336121 150
3109774447 16
3118895249 79
3134364972 76
3159294203 101
3197165266 122
3210776703 31
3224180642 54
3236016622 35
3252655057 109
3279979113 137
3305405241 14
3310504013 172
3311786556 40
3326957411 94
3332444146 113
3345103274 62
3346435016 77
3369397036 143
3415828832 152
3419165889 102
3421043283 39
3475802041 138
3576346154 119
3576952995 1
3611753873 27
3637528652 18
3640665415 66
3644108658 136
3650994493 108
3682404586 36
3705166655 41
3794242346 92
3813827420 85
3825964894 179
3834047911 176
3846291404 129
3863463209 103
3880856117 68
3896729982 81
3897441493 46
3930536579 4
3934144507 45
3954570302 90
3978014586 145
3985338750 88
4012176614 169
4020817277 141
4028575057 13
4106514720 61
4120563849 124
4136759817 171
4162517235 170
4168711638 133
4173604952 165
4231238145 156
4269563040 168
4277558944 30
