87484882 68
125896844 112
132851176 4
143419484 23
158100332 149
197722022 114
212966424 116
277378561 73
346763723 107
347327944 60
366165566 36
435153685 113
442087175 118
456854657 69
465915581 30
480126874 58
482554758 101
521460429 78
582418999 135
600757238 97
646992379 174
677338192 22
680353138 121
723386437 125
755509855 157
833957915 37
882923786 155
934031291 32
972543760 20
976519997 47
984515489 129
1029684725 119
1039775941 152
1061459597 175
1061673189 82
1102138352 146
1119750476 139
1145535496 75
1163785346 178
1165500044 131
1171145260 3
1199928407 63
1302911819 90
1324646409 0
1353077104 94
1399969279 61
1402099477 54
1404395783 130
1423943361 111
1433784421 44
1462563128 66
1473496205 79
1490182304 77
1497564029 71
1506500056 39
1540789971 164
1567831198 28
1583240062 57
1593335970 150
1721069724 18
1723374255 120
1755211868 70
1780965381 145
1817977319 7
1832923198 48
1836837436 93
1854296563 81
1880656059 127
1902819574 177
1957456795 163
1965817051 52
1966862849 99
1967912122 141
1987706045 49
1991912470 143
2023365118 38
2034853916 64
2040735391 8
2054922385 137
2070794468 27
2071342302 158
2088744826 15
2115991866 46
2137655290 41
2191007551 173
2245017434 100
2273076216 35
2302936662 34
2321067875 33
2335932329 10
2337471812 123
2338681792 24
2352408356 31
2386566304 140
2420023489 165
2455595861 43
2493197103 134
2523580740 72
2533558194 147
2563637387 9
2564901090 42
2612076060 176
2616533013 14
2618357298 40
2654090424 26
2675243293 67
2677761041 117
2680647675 25
2689742369 55
2736746253 144
2739454820 126
2751470307 170
2752981434 148
2759781031 2
2819042102 45
2820570352 136
2877103839 108
2878053286 110
2931281920 133
2946051437 85
2947818890 51
2975899179 98
2979186596 17
3052336121 105
3134364972 96
3159294203 159
3197165266 162
3210776703 56
3236016622 50
3252655057 166
3279979113 151
3305405241 91
3310504013 154
3311786556 92
3332444146 167
3345103274 95
3346435016 106
3369397036 132
3415828832 153
3419165889 86
3421043283 103
3453834671 59
3475802041 109
3570828790 16
3576346154 171
3611753873 88
3637528652 13
3644108658 76
3650994493 29
3682404586 124
3705166655 11
3735285954 6
3794242346 12
3813827420 104
3825964894 179
3834047911 168
3846291404 84
3863463209 65
3880856117 89
3896729982 102
3897441493 5
3930536579 62
3978014586 161
3985338750 122
4012176614 138
4020817277 128
4025582691 53
4028575057 87
4044901966 1
4071585141 21
4084769632 19
4106514720 80
4120563849 83
4136759817 160
4162517235 142
4168711638 169
4173604952 156
4231238145 115
4269563040 172
4277558944 74
