1800764 90
87484882 117
125896844 59
132851176 77
158100332 156
197722022 160
212966424 152
268465553 88
277378561 105
346763723 97
347327944 106
386235461 5
391851701 56
409984302 42
435153685 98
442087175 133
465915581 113
482554758 76
582418999 96
600757238 20
646992379 176
677338192 102
680353138 125
723386437 65
725606561 9
755509855 111
777434108 10
795357209 13
833957915 40
849924382 1
882923786 166
934031291 95
984515489 80
1029684725 159
1039775941 131
1061673189 4
1102138352 164
1119750476 144
1145535496 127
1163785346 174
1165500044 162
1171145260 34
1187002154 26
1199928407 55
1303866932 3
1315240339 19
1324646409 0
1353077104 11
1399969279 16
1404395783 79
1411244463 36
1423943361 138
1433784421 118
1481700130 51
1506500056 27
1540789971 136
1565581772 75
1583240062 126
1593335970 147
1703074003 92
1723374255 72
1755211868 112
1780965381 146
1817977319 39
1832923198 28
1836837436 64
1854296563 129
1880656059 151
1902819574 178
1957456795 124
1965817051 22
1966862849 2
1967912122 83
1979915395 17
1987706045 107
1991912470 161
2034853916 121
2040735391 82
2054922385 93
2070794468 110
2071342302 168
2088744826 43
2180276089 29
2191007551 132
2245017434 141
2302936662 66
2321067875 68
2335376072 18
2337471812 149
2352408356 57
2386566304 158
2420023489 145
2493197103 116
2523580740 104
2533558194 155
2563637387 54
2564901090 25
2590626395 81
2612076060 177
2623420502 6
2663355169 46
2675243293 69
2677761041 58
2680647675 109
2689742369 45
2714344193 70
2736746253 163
2739454820 139
2751470307 173
2752981434 115
2759781031 30
2819042102 50
2820570352 85
2877103839 99
2878053286 74
2881898293 47
2931281920 157
2940397723 7
2946051437 108
2947745968 24
2947818890 35
2975899179 63
2976264608 14
3052336121 150
3109774447 12
3118895249 71
3134364972 73
3159294203 114
3197165266 130
3210776703 31
3224180642 52
3236016622 37
3252655057 119
3279979113 142
3305405241 23
3310504013 172
3311786556 48
3326957411 91
3332444146 122
3345103274 62
3346435016 78
3369397036 143
3415828832 153
3419165889 101
3421043283 49
3475802041 137
3576346154 128
3611753873 32
3637528652 15
3640665415 60
3644108658 134
3650994493 103
3682404586 53
3705166655 38
3794242346 87
3813827420 89
3825964894 179
3834047911 175
3846291404 123
3863463209 100
3880856117 67
3896729982 84
3897441493 41
3930536579 8
3934144507 44
3954570302 86
3978014586 148
3985338750 94
4012176614 167
4020817277 140
4028575057 21
4106514720 61
4120563849 120
4136759817 171
4162517235 169
4168711638 135
4173604952 165
4231238145 154
4269563040 170
4277558944 33
