87484882 67
125896844 112
132851176 1
143419484 25
158100332 149
197722022 114
212966424 116
277378561 73
346763723 107
347327944 60
366165566 35
435153685 113
442087175 118
456854657 66
465915581 28
480126874 56
482554758 102
521460429 77
582418999 134
600757238 95
646992379 174
677338192 17
680353138 121
723386437 124
755509855 156
833957915 39
882923786 155
934031291 32
972543760 21
976519997 47
984515489 126
1029684725 119
1039775941 152
1061459597 175
1061673189 82
1102138352 146
1119750476 140
1145535496 75
1163785346 178
1165500044 131
1171145260 5
1199928407 68
1302911819 88
1324646409 0
1353077104 92
1399969279 63
1402099477 53
1404395783 129
1423943361 111
1433784421 40
1462563128 64
1473496205 79
1490182304 78
1497564029 71
1506500056 42
1540789971 164
1567831198 30
1583240062 50
1593335970 150
1721069724 19
1723374255 120
1755211868 69
1780965381 145
1817977319 7
1832923198 49
1836837436 94
1854296563 80
1880656059 128
1902819574 177
1957456795 161
1965817051 55
1966862849 97
1967912122 139
1987706045 48
1991912470 143
2023365118 36
2034853916 61
2040735391 4
2054922385 137
2070794468 23
2071342302 158
2088744826 14
2115991866 44
2137655290 43
2191007551 173
2245017434 100
2273076216 37
2302936662 34
2321067875 33
2335932329 9
2337471812 125
2338681792 27
2352408356 31
2386566304 141
2420023489 167
2455595861 41
2493197103 135
2523580740 72
2533558194 148
2563637387 11
2564901090 45
2612076060 176
2616533013 15
2618357298 38
2654090424 29
2675243293 70
2677761041 117
2680647675 22
2689742369 57
2736746253 144
2739454820 127
2751470307 170
2752981434 147
2759781031 3
2819042102 46
2820570352 136
2877103839 108
2878053286 110
2931281920 133
2946051437 85
2947818890 52
2975899179 99
2979186596 18
3052336121 104
3134364972 98
3159294203 159
3197165266 162
3210776703 58
3236016622 51
3238789951 2
3252655057 165
3279979113 151
3305405241 91
3310504013 154
3311786556 93
3332444146 166
3345103274 96
3346435016 106
3369397036 132
3415828832 153
3419165889 86
3421043283 101
3453834671 59
3475802041 109
3570828790 16
3576346154 171
3611753873 89
3637528652 13
3644108658 74
3650994493 26
3682404586 122
3705166655 12
3735285954 8
3794242346 10
3813827420 105
3825964894 179
3834047911 168
3846291404 84
3863463209 65
3880856117 90
3896729982 103
3897441493 6
3930536579 62
3978014586 163
3985338750 123
4012176614 138
4020817277 130
4025582691 54
4028575057 87
4071585141 24
4084769632 20
4106514720 81
4120563849 83
4136759817 160
4162517235 142
4168711638 169
4173604952 157
4231238145 115
4269563040 172
4277558944 76
