1800764 96
87484882 88
125896844 107
132851176 48
158100332 146
197722022 140
212966424 129
268465553 98
277378561 72
346763723 102
347327944 74
366165566 4
386235461 21
391851701 28
409984302 8
435153685 108
442087175 117
456854657 40
465915581 93
480126874 17
482554758 85
521460429 45
582418999 124
600757238 73
646992379 175
677338192 81
680353138 112
723386437 118
755509855 150
777434108 2
833957915 9
882923786 164
934031291 57
984515489 119
1029684725 136
1039775941 144
1061459597 178
1061673189 47
1102138352 158
1119750476 134
1145535496 101
1163785346 174
1165500044 148
1187002154 42
1199928407 35
1302911819 79
1315240339 18
1324646409 0
1353077104 68
1399969279 22
1402099477 10
1404395783 120
1423943361 116
1433784421 99
1462563128 32
1473496205 46
1481700130 37
1490182304 44
1497564029 39
1540789971 154
1565581772 55
1583240062 104
1593335970 142
1703074003 86
1723374255 111
1755211868 80
1780965381 139
1832923198 5
1836837436 64
1854296563 105
1880656059 132
1902819574 177
1957456795 155
1965817051 11
1966862849 89
1967912122 135
1987706045 78
1991912470 149
2023365118 14
2034853916 95
2040735391 51
2054922385 126
2070794468 92
2071342302 166
2088744826 1
2115991866 27
2191007551 170
2245017434 114
2302936662 34
2321067875 36
2337471812 131
2352408356 29
2386566304 141
2420023489 157
2455595861 23
2493197103 122
2523580740 70
2533558194 145
2563637387 12
2564901090 3
2590626395 69
2612076060 176
2618357298 6
2623420502 33
2663355169 49
2675243293 43
2677761041 110
2680647675 90
2689742369 30
2714344193 58
2736746253 153
2739454820 125
2751470307 172
2752981434 137
2819042102 26
2820570352 128
2877103839 103
2878053286 106
2881898293 41
2931281920 138
2940397723 25
2946051437 84
2947818890 15
2975899179 75
3052336121 121
3118895249 65
3134364972 76
3159294203 156
3197165266 152
3210776703 13
3224180642 19
3236016622 16
3252655057 161
3279979113 143
3305405241 59
3310504013 169
3311786556 56
3326957411 71
3332444146 160
3345103274 67
3346435016 94
3369397036 130
3415828832 147
3419165889 82
3421043283 83
3439938365 31
3453834671 24
3475802041 113
3576346154 167
3611753873 54
3640665415 63
3644108658 109
3650994493 77
3682404586 123
3794242346 52
3813827420 91
3825964894 179
3834047911 173
3846291404 100
3863463209 66
3880856117 61
3896729982 87
3930536579 20
3934144507 60
3954570302 62
3978014586 151
3985338750 115
4012176614 159
4020817277 127
4025582691 7
4028575057 53
4106514720 50
4120563849 97
4136759817 168
4162517235 162
4168711638 163
4173604952 165
4231238145 133
4269563040 171
4277558944 38
