1800764 117
87484882 125
97068523 19
125896844 34
132851176 97
158100332 152
197722022 160
212966424 153
268465553 115
277378561 107
346763723 88
347327944 118
386235461 30
391851701 81
409984302 66
435153685 87
442087175 130
465915581 129
482554758 65
582418999 69
646992379 175
677338192 123
680353138 114
723386437 33
725606561 17
755509855 74
777434108 35
789663515 8
795357209 16
833957915 39
849924382 22
882923786 166
934031291 111
984515489 49
1029684725 159
1039775941 104
1102138352 164
1119750476 142
1145535496 134
1163785346 172
1165500044 168
1171145260 42
1187002154 57
1199928407 53
1303866932 6
1315240339 50
1324646409 0
1399969279 2
1404395783 44
1411244463 51
1423943361 145
1433784421 136
1481700130 82
1506500056 15
1540789971 119
1565581772 101
1583240062 138
1593335970 139
1648888063 14
1703074003 116
1723374255 45
1755211868 120
1780965381 144
1817977319 52
1832923198 11
1836837436 60
1854296563 135
1880656059 151
1902819574 178
1957456795 92
1965817051 7
1967912122 40
1979915395 24
1987706045 121
1991912470 161
2034853916 131
2040735391 102
2054922385 63
2070794468 128
2071342302 167
2088744826 56
2180276089 41
2191007551 94
2245017434 150
2302936662 83
2321067875 84
2335376072 29
2337471812 149
2352408356 70
2386566304 156
2420023489 133
2493197103 93
2523580740 108
2533558194 154
2563637387 68
2564901090 10
2590626395 105
2612076060 177
2623420502 31
2663355169 79
2675243293 75
2677761041 26
2680647675 126
2689742369 38
2714344193 98
2727339584 1
2736746253 162
2739454820 140
2751470307 173
2752981434 86
2759781031 36
2819042102 47
2820570352 46
2877103839 91
2878053286 59
2881898293 76
2931281920 157
2940397723 32
2946051437 110
2947745968 43
2947818890 25
2975899179 54
2976264608 37
3052336121 155
3109774447 28
3118895249 99
3134364972 67
3159294203 78
3197165266 96
3210776703 18
3224180642 73
3236016622 27
3252655057 85
3279979113 132
3310504013 174
3311786556 23
3326957411 113
3332444146 89
3345103274 55
3346435016 64
3369397036 143
3415828832 148
3419165889 100
3421043283 20
3439938365 21
3475802041 146
3576346154 90
3576952995 9
3611753873 4
3637528652 13
3640665415 95
3644108658 147
3650994493 122
3682404586 5
3705166655 48
3794242346 103
3813827420 77
3825964894 179
3834047911 176
3846291404 127
3863463209 109
3880856117 62
3896729982 72
3897441493 58
3934144507 80
3954570302 106
3978014586 137
3985338750 71
4012176614 169
4020817277 141
4074327253 3
4106514720 61
4120563849 124
4136759817 171
4162517235 170
4168711638 112
4173604952 165
4231238145 158
4269563040 163
4277558944 12
