1800764 57
87484882 95
125896844 90
132851176 55
158100332 159
197722022 147
212966424 135
268465553 53
277378561 88
346763723 106
347327944 86
391851701 35
409984302 18
435153685 112
442087175 125
465915581 81
480126874 1
482554758 89
521460429 25
582418999 120
600757238 65
646992379 175
677338192 73
680353138 121
723386437 105
755509855 129
833957915 42
882923786 166
934031291 72
976519997 6
984515489 114
1029684725 148
1039775941 133
1061459597 178
1061673189 38
1102138352 164
1119750476 142
1145535496 108
1163785346 174
1165500044 160
1171145260 20
1199928407 68
1302911819 39
1324646409 0
1353077104 51
1399969279 36
1402099477 8
1404395783 113
1411244463 19
1423943361 127
1433784421 93
1462563128 12
1473496205 27
1481700130 17
1490182304 29
1497564029 15
1506500056 28
1540789971 149
1565581772 46
1583240062 103
1593335970 150
1703074003 61
1723374255 104
1755211868 91
1780965381 146
1817977319 22
1832923198 33
1836837436 79
1854296563 111
1880656059 143
1902819574 177
1957456795 136
1965817051 34
1966862849 47
1967912122 118
1979915395 3
1987706045 83
1991912470 161
2034853916 101
2040735391 59
2054922385 119
2070794468 77
2071342302 168
2088744826 31
2137655290 10
2180276089 5
2191007551 151
2245017434 123
2302936662 63
2321067875 64
2335376072 2
2337471812 138
2352408356 49
2386566304 154
2420023489 157
2493197103 122
2523580740 87
2533558194 158
2563637387 37
2564901090 32
2590626395 50
2612076060 176
2663355169 9
2675243293 70
2677761041 96
2680647675 76
2689742369 52
2714344193 43
2736746253 162
2739454820 131
2751470307 172
2752981434 126
2759781031 16
2819042102 48
2820570352 117
2877103839 109
2878053286 100
2881898293 13
2931281920 153
2946051437 102
2947818890 44
2975899179 82
3052336121 128
3118895249 41
3134364972 85
3159294203 130
3197165266 140
3210776703 40
3224180642 21
3236016622 45
3252655057 137
3279979113 145
3305405241 60
3310504013 170
3311786556 69
3326957411 62
3332444146 139
3345103274 80
3346435016 94
3369397036 134
3415828832 156
3419165889 98
3421043283 74
3453834671 4
3475802041 124
3576346154 144
3611753873 66
3637528652 11
3640665415 30
3644108658 116
3650994493 75
3682404586 99
3705166655 23
3794242346 67
3813827420 97
3825964894 179
3834047911 173
3846291404 110
3863463209 84
3880856117 78
3896729982 92
3897441493 24
3930536579 26
3934144507 7
3954570302 58
3978014586 155
3985338750 115
4012176614 163
4020817277 132
4025582691 14
4028575057 56
4106514720 71
4120563849 107
4136759817 169
4162517235 165
4168711638 152
4173604952 167
4231238145 141
4269563040 171
4277558944 54
