1800764 9
87484882 82
125896844 105
132851176 29
158100332 152
197722022 130
212966424 127
268465553 1
277378561 86
346763723 106
347327944 72
366165566 5
391851701 15
435153685 111
442087175 122
456854657 38
465915581 61
480126874 34
482554758 101
521460429 62
582418999 124
600757238 85
646992379 174
677338192 45
680353138 121
723386437 115
755509855 141
833957915 43
882923786 166
934031291 59
972543760 11
976519997 33
984515489 117
1029684725 134
1039775941 142
1061459597 178
1061673189 66
1102138352 160
1119750476 139
1145535496 90
1163785346 175
1165500044 140
1171145260 12
1199928407 65
1302911819 71
1324646409 0
1353077104 75
1399969279 58
1402099477 35
1404395783 118
1423943361 119
1433784421 68
1462563128 42
1473496205 64
1490182304 63
1497564029 46
1506500056 39
1540789971 159
1565581772 19
1567831198 2
1583240062 76
1593335970 147
1703074003 21
1723374255 113
1755211868 81
1780965381 144
1817977319 16
1832923198 44
1836837436 89
1854296563 96
1880656059 136
1902819574 177
1957456795 149
1965817051 49
1966862849 79
1967912122 126
1987706045 70
1991912470 155
2023365118 8
2034853916 83
2040735391 30
2054922385 125
2070794468 52
2071342302 168
2088744826 26
2115991866 22
2137655290 31
2191007551 165
2245017434 110
2273076216 28
2302936662 48
2321067875 47
2337471812 133
2338681792 20
2352408356 40
2386566304 143
2420023489 163
2455595861 18
2493197103 129
2523580740 84
2533558194 148
2563637387 25
2564901090 41
2590626395 10
2612076060 176
2618357298 14
2654090424 7
2675243293 69
2677761041 109
2680647675 51
2689742369 60
2736746253 157
2739454820 131
2751470307 173
2752981434 137
2759781031 4
2819042102 53
2820570352 123
2877103839 108
2878053286 107
2931281920 138
2946051437 94
2947818890 56
2975899179 95
2979186596 6
3052336121 114
3134364972 97
3159294203 145
3197165266 151
3210776703 55
3236016622 54
3252655057 153
3279979113 146
3305405241 77
3310504013 169
3311786556 87
3326957411 27
3332444146 154
3345103274 91
3346435016 104
3369397036 135
3415828832 156
3419165889 92
3421043283 93
3453834671 36
3475802041 116
3576346154 164
3611753873 78
3637528652 13
3644108658 98
3650994493 57
3682404586 112
3705166655 23
3794242346 32
3813827420 103
3825964894 179
3834047911 172
3846291404 100
3863463209 74
3880856117 88
3896729982 102
3897441493 17
3930536579 50
3954570302 24
3978014586 161
3985338750 120
4012176614 150
4020817277 132
4025582691 37
4028575057 73
4084769632 3
4106514720 80
4120563849 99
4136759817 170
4162517235 158
4168711638 162
4173604952 167
4231238145 128
4269563040 171
4277558944 67
