1800764 79
87484882 119
125896844 59
132851176 80
158100332 156
197722022 160
212966424 152
268465553 70
277378561 109
346763723 98
347327944 110
391851701 57
409984302 41
435153685 101
442087175 136
465915581 112
482554758 87
582418999 95
600757238 17
646992379 176
677338192 97
680353138 129
723386437 61
725606561 14
755509855 100
777434108 5
795357209 16
833957915 47
849924382 1
882923786 166
934031291 96
972543760 3
984515489 78
1029684725 159
1039775941 131
1061673189 4
1102138352 164
1119750476 145
1145535496 130
1163785346 174
1165500044 162
1171145260 37
1187002154 12
1199928407 58
1303866932 9
1315240339 15
1324646409 0
1353077104 8
1399969279 22
1404395783 74
1411244463 38
1423943361 138
1433784421 122
1481700130 43
1506500056 28
1540789971 134
1565581772 69
1583240062 127
1593335970 147
1703074003 88
1723374255 68
1755211868 115
1780965381 148
1817977319 45
1832923198 29
1836837436 67
1854296563 132
1880656059 151
1902819574 178
1957456795 121
1965817051 25
1967912122 73
1979915395 23
1987706045 111
1991912470 161
2034853916 123
2040735391 84
2054922385 92
2070794468 106
2071342302 168
2088744826 48
2180276089 30
2191007551 124
2245017434 140
2302936662 71
2321067875 75
2335376072 24
2337471812 150
2338681792 7
2352408356 60
2386566304 158
2420023489 144
2493197103 117
2523580740 108
2533558194 155
2563637387 55
2564901090 26
2590626395 72
2612076060 177
2663355169 33
2675243293 77
2677761041 56
2680647675 105
2689742369 52
2714344193 63
2736746253 163
2739454820 141
2751470307 173
2752981434 113
2759781031 32
2819042102 53
2820570352 81
2877103839 103
2878053286 82
2881898293 36
2931281920 157
2946051437 114
2947745968 18
2947818890 39
2975899179 66
2976264608 10
2979186596 6
3052336121 149
3109774447 13
3118895249 62
3134364972 85
3159294203 102
3197165266 126
3210776703 34
3224180642 51
3236016622 42
3252655057 116
3279979113 139
3305405241 21
3310504013 172
3311786556 50
3326957411 89
3332444146 118
3345103274 65
3346435016 86
3369397036 143
3415828832 153
3419165889 107
3421043283 49
3475802041 137
3516413806 2
3576346154 120
3611753873 31
3637528652 19
3640665415 54
3644108658 135
3650994493 99
3682404586 40
3705166655 44
3794242346 90
3813827420 93
3825964894 179
3834047911 175
3846291404 128
3863463209 104
3880856117 76
3896729982 91
3897441493 46
3930536579 11
3934144507 27
3954570302 83
3978014586 146
3985338750 94
4012176614 167
4020817277 142
4028575057 20
4106514720 64
4120563849 125
4136759817 171
4162517235 169
4168711638 133
4173604952 165
4231238145 154
4269563040 170
4277558944 35
