1800764 123
87484882 93
97068523 27
125896844 64
132851176 73
158100332 154
197722022 160
212966424 140
268465553 126
277378561 70
346763723 74
347327944 83
386235461 57
391851701 47
409984302 42
435153685 82
442087175 121
465915581 116
482554758 58
521460429 9
582418999 106
600757238 38
646992379 176
677338192 104
680353138 111
715741596 26
723386437 89
755509855 135
777434108 45
789663515 34
833957915 11
849924382 25
882923786 166
905458755 15
934031291 78
984515489 96
1029684725 157
1039775941 132
1061673189 16
1102138352 164
1119750476 133
1145535496 109
1163785346 174
1165500044 163
1171145260 6
1187002154 81
1199928407 29
1302911819 35
1315240339 56
1324646409 0
1353077104 33
1399969279 2
1404395783 97
1411244463 17
1423943361 125
1433784421 119
1473496205 12
1481700130 65
1490182304 8
1497564029 1
1540789971 147
1565581772 86
1583240062 120
1593335970 142
1648888063 21
1703074003 118
1723374255 84
1755211868 85
1780965381 139
1817977319 19
1836837436 51
1854296563 112
1880656059 136
1902819574 178
1957456795 143
1966862849 43
1967912122 117
1987706045 88
1991912470 161
2034853916 108
2040735391 79
2054922385 110
2070794468 115
2071342302 167
2088744826 22
2180276089 14
2191007551 159
2245017434 131
2302936662 46
2321067875 49
2337471812 134
2352408356 37
2386566304 155
2420023489 153
2493197103 113
2523580740 72
2533558194 152
2563637387 36
2590626395 105
2612076060 177
2623420502 66
2663355169 87
2675243293 44
2677761041 76
2680647675 114
2689742369 20
2714344193 94
2736746253 162
2739454820 128
2751470307 173
2752981434 122
2759781031 3
2819042102 23
2820570352 107
2877103839 75
2878053286 67
2881898293 69
2931281920 151
2940397723 59
2946051437 77
2947745968 31
2947818890 5
2975899179 54
2976264608 41
3052336121 137
3109774447 10
3118895249 102
3134364972 55
3159294203 141
3197165266 144
3210776703 4
3224180642 48
3236016622 7
3252655057 146
3279979113 138
3305405241 32
3310504013 172
3311786556 39
3326957411 101
3332444146 145
3345103274 53
3346435016 61
3369397036 130
3415828832 149
3419165889 68
3421043283 50
3439938365 62
3475802041 124
3576346154 158
3611753873 30
3640665415 100
3644108658 127
3650994493 98
3682404586 92
3705166655 13
3794242346 80
3813827420 63
3825964894 179
3834047911 175
3846291404 99
3863463209 71
3880856117 52
3896729982 60
3897441493 24
3934144507 103
3954570302 91
3978014586 150
3985338750 90
4012176614 168
4020817277 129
4028575057 28
4106514720 40
4120563849 95
4136759817 171
4162517235 169
4168711638 156
4173604952 165
4231238145 148
4269563040 170
4277558944 18
