1800764 145
87484882 116
97068523 48
125896844 26
132851176 99
158100332 152
197722022 161
212966424 154
268465553 146
277378561 88
346763723 71
347327944 101
386235461 76
391851701 73
409984302 69
435153685 72
442087175 115
465915581 141
482554758 51
582418999 67
646992379 175
677338192 127
680353138 96
715741596 31
723386437 42
725606561 13
755509855 83
777434108 66
789663515 49
795357209 11
833957915 20
849924382 45
882923786 166
905458755 23
934031291 102
984515489 54
1029684725 159
1039775941 98
1102138352 163
1119750476 134
1145535496 125
1163785346 172
1165500044 168
1171145260 28
1187002154 91
1199928407 29
1303866932 1
1315240339 79
1324646409 0
1404395783 53
1411244463 41
1423943361 139
1433784421 143
1481700130 86
1506500056 4
1540789971 112
1565581772 109
1583240062 144
1593335970 135
1648888063 36
1703074003 138
1723374255 46
1755211868 105
1780965381 136
1817977319 38
1832923198 2
1836837436 39
1854296563 126
1880656059 149
1902819574 178
1957456795 92
1967912122 60
1979915395 15
1987706045 110
1991912470 160
2034853916 128
2040735391 104
2054922385 63
2070794468 140
2071342302 167
2088744826 40
2180276089 37
2191007551 107
2245017434 151
2302936662 68
2321067875 70
2335376072 21
2337471812 147
2352408356 56
2386566304 155
2420023489 129
2493197103 82
2523580740 89
2533558194 153
2563637387 62
2590626395 124
2612076060 177
2623420502 80
2663355169 103
2675243293 57
2677761041 27
2680647675 137
2689742369 19
2714344193 117
2736746253 162
2739454820 130
2751470307 173
2752981434 81
2759781031 22
2819042102 25
2820570352 58
2877103839 75
2878053286 47
2881898293 95
2931281920 157
2939038785 7
2940397723 78
2946051437 87
2947745968 59
2947818890 12
2975899179 34
2976264608 65
3052336121 156
3109774447 33
3118895249 121
3134364972 52
3159294203 85
3197165266 97
3210776703 8
3224180642 74
3236016622 14
3252655057 90
3279979113 123
3310504013 174
3311786556 16
3326957411 122
3332444146 94
3345103274 32
3346435016 50
3369397036 132
3415828832 148
3419165889 84
3421043283 17
3439938365 77
3475802041 142
3576346154 100
3576952995 18
3611753873 3
3637528652 5
3640665415 119
3644108658 150
3650994493 120
3682404586 24
3705166655 30
3794242346 106
3813827420 61
3825964894 179
3834047911 176
3846291404 113
3863463209 93
3880856117 43
3896729982 55
3897441493 44
3934144507 114
3954570302 118
3978014586 133
3985338750 64
4012176614 169
4020817277 131
4074327253 10
4088869787 9
4106514720 35
4120563849 108
4136759817 171
4162517235 170
4168711638 111
4173604952 165
4231238145 158
4269563040 164
4277558944 6
