87484882 68
125896844 111
132851176 3
143419484 23
158100332 149
197722022 114
212966424 117
277378561 73
346763723 107
347327944 61
366165566 33
435153685 112
442087175 118
456854657 64
465915581 30
480126874 54
482554758 102
521460429 75
582418999 134
600757238 95
646992379 174
677338192 22
680353138 121
723386437 124
755509855 156
833957915 40
882923786 155
934031291 32
972543760 20
976519997 46
984515489 126
1029684725 120
1039775941 152
1061459597 175
1061673189 80
1102138352 147
1119750476 140
1145535496 78
1163785346 178
1165500044 131
1171145260 4
1199928407 66
1302911819 89
1324646409 0
1353077104 92
1399969279 62
1402099477 51
1404395783 127
1423943361 113
1433784421 45
1462563128 63
1473496205 79
1490182304 76
1497564029 71
1506500056 41
1540789971 164
1567831198 28
1583240062 58
1593335970 150
1721069724 18
1723374255 119
1755211868 70
1780965381 145
1817977319 9
1832923198 48
1836837436 94
1854296563 82
1880656059 130
1902819574 177
1957456795 160
1965817051 55
1966862849 97
1967912122 139
1987706045 49
1991912470 143
2023365118 36
2034853916 65
2040735391 6
2054922385 137
2070794468 25
2071342302 159
2088744826 16
2115991866 43
2137655290 42
2191007551 172
2245017434 100
2273076216 37
2302936662 35
2321067875 34
2335932329 7
2337471812 125
2338681792 26
2352408356 31
2386566304 141
2420023489 167
2455595861 39
2493197103 135
2523580740 72
2533558194 148
2563637387 11
2564901090 44
2612076060 176
2616533013 13
2618357298 38
2654090424 27
2675243293 69
2677761041 116
2680647675 24
2689742369 57
2736746253 144
2739454820 128
2751470307 170
2752981434 146
2759781031 2
2819042102 47
2820570352 136
2877103839 108
2878053286 110
2931281920 133
2946051437 85
2947818890 53
2975899179 99
2979186596 17
3052336121 105
3134364972 98
3159294203 158
3197165266 161
3210776703 56
3236016622 50
3238789951 1
3252655057 165
3279979113 151
3305405241 90
3310504013 154
3311786556 93
3332444146 166
3345103274 96
3346435016 106
3369397036 132
3415828832 153
3419165889 87
3421043283 101
3453834671 59
3475802041 109
3570828790 15
3576346154 171
3611753873 88
3637528652 14
3644108658 77
3650994493 29
3682404586 122
3705166655 12
3735285954 5
3794242346 10
3813827420 104
3825964894 179
3834047911 168
3846291404 84
3863463209 67
3880856117 91
3896729982 103
3897441493 8
3930536579 60
3978014586 162
3985338750 123
4012176614 138
4020817277 129
4025582691 52
4028575057 86
4071585141 21
4084769632 19
4106514720 81
4120563849 83
4136759817 163
4162517235 142
4168711638 169
4173604952 157
4231238145 115
4269563040 173
4277558944 74
