1800764 116
87484882 112
97068523 18
125896844 53
132851176 83
158100332 155
197722022 160
212966424 152
268465553 115
277378561 93
346763723 81
347327944 101
386235461 42
391851701 59
409984302 48
435153685 84
442087175 130
465915581 122
482554758 64
582418999 86
600757238 15
646992379 175
677338192 111
680353138 113
723386437 66
725606561 2
755509855 107
777434108 34
789663515 14
795357209 5
833957915 28
849924382 20
882923786 166
934031291 96
984515489 75
1029684725 159
1039775941 126
1102138352 163
1119750476 143
1145535496 125
1163785346 174
1165500044 164
1171145260 26
1187002154 61
1199928407 44
1315240339 46
1324646409 0
1353077104 3
1399969279 4
1404395783 74
1411244463 31
1423943361 136
1433784421 129
1481700130 70
1506500056 8
1540789971 134
1565581772 90
1583240062 132
1593335970 146
1648888063 11
1703074003 109
1723374255 69
1755211868 104
1780965381 144
1817977319 35
1832923198 9
1836837436 55
1854296563 128
1880656059 150
1902819574 178
1957456795 121
1965817051 6
1967912122 78
1979915395 10
1987706045 106
1991912470 161
2034853916 124
2040735391 88
2054922385 82
2070794468 119
2071342302 167
2088744826 39
2180276089 27
2191007551 133
2245017434 145
2302936662 63
2321067875 65
2335376072 17
2337471812 149
2352408356 50
2386566304 157
2420023489 147
2493197103 102
2523580740 95
2533558194 154
2563637387 47
2564901090 7
2590626395 100
2612076060 177
2623420502 45
2663355169 76
2675243293 60
2677761041 56
2680647675 118
2689742369 29
2714344193 92
2736746253 162
2739454820 138
2751470307 172
2752981434 105
2759781031 24
2819042102 37
2820570352 77
2877103839 85
2878053286 68
2881898293 72
2931281920 158
2940397723 43
2946051437 98
2947745968 33
2947818890 23
2975899179 54
2976264608 36
3052336121 153
3109774447 21
3118895249 97
3134364972 62
3159294203 110
3197165266 127
3210776703 16
3224180642 57
3236016622 25
3252655057 120
3279979113 141
3305405241 13
3310504013 173
3311786556 32
3326957411 103
3332444146 123
3345103274 52
3346435016 67
3369397036 142
3415828832 151
3419165889 87
3421043283 40
3439938365 38
3475802041 137
3576346154 131
3611753873 22
3637528652 1
3640665415 89
3644108658 139
3650994493 108
3682404586 51
3705166655 30
3794242346 91
3813827420 73
3825964894 179
3834047911 176
3846291404 117
3863463209 94
3880856117 58
3896729982 71
3897441493 41
3934144507 79
3954570302 99
3978014586 148
3985338750 80
4012176614 169
4020817277 140
4028575057 12
4106514720 49
4120563849 114
4136759817 171
4162517235 170
4168711638 135
4173604952 165
4231238145 156
4269563040 168
4277558944 19
