1800764 62
87484882 92
125896844 96
132851176 50
158100332 155
197722022 142
212966424 131
268465553 57
277378561 88
346763723 105
347327944 85
391851701 29
409984302 12
435153685 111
442087175 125
456854657 14
465915581 81
480126874 7
482554758 90
521460429 35
582418999 119
600757238 68
646992379 175
677338192 73
680353138 121
723386437 112
755509855 134
833957915 36
882923786 166
934031291 72
976519997 4
984515489 114
1029684725 141
1039775941 138
1061459597 178
1061673189 44
1102138352 164
1119750476 139
1145535496 104
1163785346 174
1165500044 160
1171145260 16
1199928407 58
1302911819 49
1324646409 0
1353077104 60
1399969279 34
1402099477 8
1404395783 115
1411244463 10
1423943361 126
1433784421 91
1462563128 19
1473496205 39
1481700130 18
1490182304 37
1497564029 24
1506500056 26
1540789971 151
1565581772 48
1583240062 100
1593335970 149
1703074003 64
1723374255 110
1755211868 89
1780965381 145
1817977319 20
1832923198 31
1836837436 79
1854296563 108
1880656059 136
1902819574 177
1957456795 140
1965817051 32
1966862849 65
1967912122 120
1987706045 84
1991912470 161
2034853916 98
2040735391 54
2054922385 118
2070794468 76
2071342302 168
2088744826 25
2137655290 5
2180276089 2
2191007551 159
2245017434 122
2273076216 1
2302936662 53
2321067875 55
2337471812 133
2352408356 45
2386566304 150
2420023489 158
2493197103 124
2523580740 87
2533558194 152
2563637387 30
2564901090 27
2590626395 51
2612076060 176
2663355169 13
2675243293 69
2677761041 102
2680647675 75
2689742369 47
2714344193 42
2736746253 162
2739454820 129
2751470307 172
2752981434 128
2759781031 6
2819042102 46
2820570352 117
2877103839 107
2878053286 101
2881898293 11
2931281920 148
2946051437 99
2947818890 40
2975899179 83
3052336121 127
3118895249 43
3134364972 86
3159294203 137
3197165266 143
3210776703 38
3224180642 23
3236016622 41
3252655057 144
3279979113 147
3305405241 66
3310504013 170
3311786556 70
3326957411 63
3332444146 146
3345103274 80
3346435016 95
3369397036 132
3415828832 153
3419165889 94
3421043283 77
3453834671 9
3475802041 123
3576346154 154
3611753873 67
3637528652 3
3640665415 33
3644108658 113
3650994493 74
3682404586 109
3705166655 21
3794242346 59
3813827420 97
3825964894 179
3834047911 173
3846291404 106
3863463209 82
3880856117 78
3896729982 93
3897441493 22
3930536579 28
3934144507 17
3954570302 56
3978014586 157
3985338750 116
4012176614 163
4020817277 130
4025582691 15
4028575057 61
4106514720 71
4120563849 103
4136759817 169
4162517235 165
4168711638 156
4173604952 167
4231238145 135
4269563040 171
4277558944 52
