1800764 119
87484882 102
97068523 14
125896844 65
132851176 72
158100332 157
197722022 160
212966424 145
268465553 120
277378561 79
346763723 78
347327944 90
386235461 44
391851701 50
409984302 43
435153685 89
442087175 124
465915581 114
482554758 63
521460429 2
582418999 107
600757238 38
646992379 176
677338192 104
680353138 117
715741596 1
723386437 88
755509855 128
777434108 37
789663515 18
833957915 21
849924382 13
882923786 166
934031291 82
984515489 95
1029684725 159
1039775941 129
1061673189 12
1102138352 164
1119750476 137
1145535496 115
1163785346 174
1165500044 163
1171145260 15
1187002154 62
1199928407 39
1302911819 25
1315240339 47
1324646409 0
1353077104 31
1399969279 3
1404395783 96
1411244463 22
1423943361 127
1433784421 121
1473496205 7
1481700130 61
1490182304 6
1540789971 146
1565581772 81
1583240062 122
1593335970 147
1648888063 8
1703074003 109
1723374255 77
1755211868 93
1780965381 143
1817977319 24
1832923198 5
1836837436 56
1854296563 118
1880656059 144
1902819574 178
1957456795 135
1965817051 4
1966862849 36
1967912122 110
1987706045 97
1991912470 161
2034853916 112
2040735391 73
2054922385 106
2070794468 113
2071342302 167
2088744826 26
2180276089 17
2191007551 154
2245017434 133
2302936662 54
2321067875 55
2337471812 140
2352408356 42
2386566304 158
2420023489 151
2493197103 116
2523580740 80
2533558194 155
2563637387 40
2590626395 99
2612076060 177
2623420502 53
2663355169 70
2675243293 52
2677761041 71
2680647675 111
2689742369 27
2714344193 87
2736746253 162
2739454820 130
2751470307 173
2752981434 123
2759781031 9
2819042102 32
2820570352 103
2877103839 85
2878053286 69
2881898293 64
2931281920 156
2940397723 45
2946051437 86
2947745968 30
2947818890 16
2975899179 59
2976264608 35
3052336121 142
3109774447 10
3118895249 94
3134364972 60
3159294203 131
3197165266 136
3210776703 11
3224180642 48
3236016622 19
3252655057 138
3279979113 141
3305405241 33
3310504013 172
3311786556 41
3326957411 100
3332444146 139
3345103274 57
3346435016 67
3369397036 134
3415828832 153
3419165889 74
3421043283 51
3439938365 46
3475802041 126
3576346154 149
3611753873 34
3640665415 91
3644108658 125
3650994493 101
3682404586 83
3705166655 20
3794242346 75
3813827420 68
3825964894 179
3834047911 175
3846291404 108
3863463209 76
3880856117 58
3896729982 66
3897441493 28
3934144507 84
3954570302 92
3978014586 150
3985338750 98
4012176614 168
4020817277 132
4028575057 29
4106514720 49
4120563849 105
4136759817 171
4162517235 169
4168711638 148
4173604952 165
4231238145 152
4269563040 170
4277558944 23
