1800764 121
87484882 125
97068523 23
125896844 31
132851176 98
158100332 152
197722022 160
212966424 153
268465553 120
277378561 105
346763723 85
347327944 114
386235461 35
391851701 76
409984302 67
435153685 86
442087175 128
465915581 130
482554758 63
582418999 71
646992379 175
677338192 123
680353138 112
715741596 2
723386437 32
725606561 17
755509855 77
777434108 36
789663515 16
795357209 14
833957915 34
849924382 25
882923786 166
934031291 110
984515489 51
1029684725 159
1039775941 103
1102138352 163
1119750476 142
1145535496 132
1163785346 172
1165500044 168
1171145260 37
1187002154 65
1199928407 50
1303866932 6
1315240339 59
1324646409 0
1399969279 1
1404395783 48
1411244463 47
1423943361 145
1433784421 136
1481700130 81
1506500056 12
1540789971 117
1565581772 101
1583240062 138
1593335970 141
1648888063 18
1703074003 119
1723374255 44
1755211868 116
1780965381 144
1817977319 49
1832923198 9
1836837436 58
1854296563 134
1880656059 151
1902819574 178
1957456795 93
1965817051 5
1967912122 46
1979915395 22
1987706045 118
1991912470 161
2034853916 131
2040735391 100
2054922385 64
2070794468 129
2071342302 167
2088744826 55
2180276089 39
2191007551 94
2245017434 150
2302936662 78
2321067875 82
2335376072 27
2337471812 149
2352408356 69
2386566304 156
2420023489 135
2493197103 91
2523580740 106
2533558194 154
2563637387 68
2564901090 7
2590626395 111
2612076060 177
2623420502 40
2663355169 83
2675243293 73
2677761041 26
2680647675 127
2689742369 33
2714344193 99
2736746253 162
2739454820 139
2751470307 173
2752981434 87
2759781031 30
2819042102 42
2820570352 52
2877103839 89
2878053286 60
2881898293 80
2931281920 157
2940397723 38
2946051437 107
2947745968 45
2947818890 20
2975899179 54
2976264608 41
3052336121 155
3109774447 28
3118895249 102
3134364972 66
3159294203 79
3197165266 97
3210776703 15
3224180642 74
3236016622 24
3252655057 88
3279979113 133
3310504013 174
3311786556 21
3326957411 115
3332444146 90
3345103274 53
3346435016 62
3369397036 143
3415828832 148
3419165889 96
3421043283 19
3439938365 29
3475802041 146
3576346154 92
3576952995 8
3611753873 4
3637528652 10
3640665415 95
3644108658 147
3650994493 122
3682404586 13
3705166655 43
3794242346 104
3813827420 75
3825964894 179
3834047911 176
3846291404 126
3863463209 108
3880856117 61
3896729982 70
3897441493 56
3934144507 84
3954570302 109
3978014586 137
3985338750 72
4012176614 169
4020817277 140
4074327253 3
4106514720 57
4120563849 124
4136759817 171
4162517235 170
4168711638 113
4173604952 165
4231238145 158
4269563040 164
4277558944 11
