1800764 130
87484882 117
97068523 29
125896844 41
132851176 86
158100332 154
197722022 160
212966424 152
268465553 129
277378561 88
346763723 79
347327944 102
386235461 51
391851701 70
409984302 56
435153685 82
442087175 123
465915581 131
482554758 62
582418999 80
600757238 6
646992379 175
677338192 119
680353138 106
715741596 16
723386437 55
725606561 10
755509855 95
777434108 44
789663515 25
795357209 5
833957915 23
849924382 27
882923786 166
905458755 11
934031291 97
984515489 68
1029684725 159
1039775941 115
1102138352 163
1119750476 142
1145535496 125
1163785346 173
1165500044 165
1171145260 30
1187002154 75
1199928407 37
1315240339 63
1324646409 0
1404395783 67
1411244463 34
1423943361 139
1433784421 134
1481700130 78
1506500056 8
1540789971 133
1565581772 98
1583240062 135
1593335970 144
1648888063 20
1703074003 121
1723374255 59
1755211868 103
1780965381 145
1817977319 35
1832923198 7
1836837436 48
1854296563 127
1880656059 151
1902819574 178
1957456795 109
1965817051 1
1967912122 74
1979915395 15
1987706045 108
1991912470 161
2034853916 124
2040735391 94
2054922385 77
2070794468 128
2071342302 167
2088744826 36
2180276089 31
2191007551 122
2245017434 149
2302936662 69
2321067875 71
2335376072 18
2337471812 148
2352408356 52
2386566304 156
2420023489 143
2493197103 90
2523580740 89
2533558194 155
2563637387 54
2564901090 4
2590626395 110
2612076060 177
2623420502 61
2663355169 84
2675243293 58
2677761041 43
2680647675 126
2689742369 26
2714344193 101
2736746253 162
2739454820 137
2751470307 172
2752981434 93
2759781031 21
2819042102 33
2820570352 73
2877103839 83
2878053286 60
2881898293 81
2931281920 158
2940397723 53
2946051437 92
2947745968 39
2947818890 17
2975899179 47
2976264608 42
3052336121 153
3109774447 24
3118895249 105
3134364972 57
3159294203 99
3197165266 116
3210776703 12
3224180642 66
3236016622 19
3252655057 107
3279979113 136
3305405241 3
3310504013 174
3311786556 22
3326957411 112
3332444146 111
3345103274 46
3346435016 64
3369397036 140
3415828832 150
3419165889 85
3421043283 28
3439938365 49
3475802041 141
3576346154 120
3576952995 9
3611753873 13
3640665415 100
3644108658 147
3650994493 114
3682404586 40
3705166655 32
3794242346 96
3813827420 72
3825964894 179
3834047911 176
3846291404 118
3863463209 91
3880856117 50
3896729982 65
3897441493 38
3934144507 87
3954570302 104
3978014586 146
3985338750 76
4012176614 169
4020817277 138
4028575057 2
4106514720 45
4120563849 113
4136759817 171
4162517235 170
4168711638 132
4173604952 164
4231238145 157
4269563040 168
4277558944 14
