1800764 120
87484882 106
97068523 23
125896844 61
132851176 74
158100332 156
197722022 160
212966424 149
268465553 122
277378561 80
346763723 75
347327944 92
386235461 46
391851701 53
409984302 44
435153685 81
442087175 124
465915581 117
482554758 62
582418999 99
600757238 32
646992379 175
677338192 108
680353138 111
715741596 9
723386437 73
755509855 125
777434108 40
789663515 25
833957915 21
849924382 18
882923786 166
905458755 3
934031291 87
984515489 84
1029684725 159
1039775941 127
1061673189 6
1102138352 164
1119750476 139
1145535496 115
1163785346 174
1165500044 163
1171145260 17
1187002154 69
1199928407 38
1302911819 12
1315240339 50
1324646409 0
1353077104 19
1404395783 85
1411244463 28
1423943361 128
1433784421 121
1481700130 65
1506500056 2
1540789971 141
1565581772 89
1583240062 123
1593335970 144
1648888063 11
1703074003 112
1723374255 72
1755211868 95
1780965381 143
1817977319 31
1832923198 5
1836837436 54
1854296563 118
1880656059 147
1902819574 178
1957456795 131
1965817051 4
1966862849 27
1967912122 101
1987706045 100
1991912470 161
2034853916 113
2040735391 79
2054922385 98
2070794468 116
2071342302 167
2088744826 33
2180276089 22
2191007551 150
2245017434 138
2302936662 56
2321067875 58
2335376072 7
2337471812 142
2352408356 42
2386566304 158
2420023489 152
2493197103 110
2523580740 83
2533558194 155
2563637387 41
2564901090 1
2590626395 103
2612076060 177
2623420502 59
2663355169 76
2675243293 51
2677761041 66
2680647675 114
2689742369 29
2714344193 93
2736746253 162
2739454820 132
2751470307 173
2752981434 119
2759781031 10
2819042102 34
2820570352 94
2877103839 78
2878053286 67
2881898293 70
2931281920 157
2940397723 47
2946051437 88
2947745968 36
2947818890 13
2975899179 57
2976264608 39
3052336121 148
3109774447 14
3118895249 102
3134364972 60
3159294203 126
3197165266 133
3210776703 8
3224180642 48
3236016622 15
3252655057 135
3279979113 140
3305405241 26
3310504013 172
3311786556 37
3326957411 104
3332444146 136
3345103274 52
3346435016 63
3369397036 137
3415828832 153
3419165889 77
3421043283 43
3439938365 49
3475802041 129
3576346154 146
3611753873 30
3640665415 96
3644108658 130
3650994493 105
3682404586 71
3705166655 24
3794242346 86
3813827420 68
3825964894 179
3834047911 176
3846291404 109
3863463209 82
3880856117 55
3896729982 64
3897441493 35
3934144507 91
3954570302 97
3978014586 151
3985338750 90
4012176614 168
4020817277 134
4028575057 20
4106514720 45
4120563849 107
4136759817 171
4162517235 170
4168711638 145
4173604952 165
4231238145 154
4269563040 169
4277558944 16
