1800764 152
87484882 114
97068523 60
125896844 23
132851176 102
158100332 148
197722022 163
212966424 154
268465553 153
277378561 89
346763723 66
347327944 100
386235461 81
391851701 74
409984302 72
435153685 67
442087175 109
465915581 141
482554758 44
582418999 63
646992379 174
677338192 135
680353138 90
715741596 51
723386437 34
725606561 15
755509855 78
777434108 73
789663515 62
795357209 7
833957915 19
849924382 56
882923786 166
905458755 37
934031291 105
984515489 48
1029684725 159
1039775941 94
1102138352 164
1119750476 127
1145535496 124
1163785346 172
1165500044 168
1171145260 30
1187002154 101
1199928407 27
1303866932 2
1315240339 82
1324646409 0
1404395783 45
1411244463 42
1423943361 137
1433784421 144
1481700130 97
1540789971 106
1565581772 115
1583240062 145
1593335970 129
1648888063 50
1687077153 5
1703074003 146
1723374255 35
1755211868 103
1780965381 130
1817977319 39
1836837436 32
1854296563 126
1878223483 4
1880656059 147
1902819574 178
1957456795 86
1967912122 54
1979915395 17
1987706045 112
1991912470 160
2034853916 132
2040735391 108
2054922385 59
2070794468 143
2071342302 167
2088744826 40
2180276089 43
2191007551 98
2245017434 151
2302936662 68
2321067875 70
2335376072 22
2337471812 142
2352408356 58
2386566304 155
2420023489 117
2493197103 77
2523580740 92
2533558194 149
2563637387 64
2590626395 136
2612076060 176
2623420502 91
2663355169 113
2675243293 55
2677761041 24
2680647675 140
2689742369 18
2714344193 119
2736746253 161
2739454820 122
2751470307 173
2752981434 75
2759781031 25
2819042102 26
2820570352 53
2877103839 69
2878053286 38
2881898293 99
2931281920 157
2939038785 12
2940397723 83
2946051437 88
2947745968 65
2947818890 9
2975899179 29
2976264608 71
3052336121 156
3109774447 47
3118895249 133
3134364972 46
3159294203 79
3162794093 8
3197165266 93
3210776703 3
3224180642 76
3236016622 13
3252655057 85
3255384253 6
3279979113 116
3310504013 175
3311786556 11
3326957411 134
3332444146 87
3345103274 28
3346435016 41
3369397036 128
3415828832 139
3419165889 80
3421043283 14
3439938365 84
3475802041 138
3576346154 96
3576952995 20
3637528652 1
3640665415 131
3644108658 150
3650994493 120
3682404586 21
3705166655 33
3794242346 110
3813827420 57
3825964894 179
3834047911 177
3846291404 111
3863463209 95
3880856117 36
3896729982 52
3897441493 49
3934144507 123
3954570302 118
3978014586 121
3985338750 61
4012176614 169
4020817277 125
4074327253 10
4088869787 16
4106514720 31
4120563849 107
4136759817 171
4162517235 170
4168711638 104
4173604952 165
4231238145 158
4269563040 162
