1800764 50
87484882 89
125896844 104
132851176 44
158100332 152
197722022 136
212966424 128
268465553 48
277378561 84
346763723 107
347327944 80
391851701 21
409984302 5
435153685 110
442087175 124
456854657 28
465915581 74
480126874 19
482554758 96
521460429 55
582418999 123
600757238 76
646992379 174
677338192 63
680353138 119
723386437 113
755509855 141
833957915 33
882923786 166
934031291 62
976519997 17
984515489 115
1029684725 137
1039775941 140
1061459597 178
1061673189 59
1102138352 162
1119750476 138
1145535496 98
1163785346 175
1165500044 150
1171145260 11
1199928407 61
1302911819 65
1324646409 0
1353077104 68
1399969279 40
1402099477 20
1404395783 117
1411244463 7
1423943361 121
1433784421 85
1462563128 29
1473496205 58
1481700130 8
1490182304 57
1497564029 36
1506500056 26
1540789971 155
1565581772 37
1583240062 93
1593335970 146
1703074003 56
1723374255 111
1755211868 86
1780965381 142
1817977319 13
1832923198 32
1836837436 83
1854296563 103
1880656059 135
1902819574 177
1957456795 147
1965817051 34
1966862849 75
1967912122 126
1987706045 78
1991912470 156
2034853916 92
2040735391 47
2054922385 125
2070794468 72
2071342302 168
2088744826 18
2115991866 10
2137655290 16
2191007551 165
2245017434 114
2273076216 9
2302936662 53
2321067875 54
2337471812 132
2352408356 38
2386566304 144
2420023489 158
2455595861 6
2493197103 127
2523580740 82
2533558194 149
2563637387 24
2564901090 27
2590626395 41
2612076060 176
2618357298 1
2663355169 2
2675243293 64
2677761041 109
2680647675 70
2689742369 49
2714344193 30
2736746253 161
2739454820 129
2751470307 172
2752981434 134
2759781031 4
2819042102 45
2820570352 122
2877103839 108
2878053286 105
2931281920 139
2946051437 95
2947818890 42
2975899179 90
3052336121 120
3118895249 31
3134364972 91
3159294203 143
3197165266 148
3210776703 39
3224180642 12
3236016622 43
3252655057 151
3279979113 145
3305405241 71
3310504013 169
3311786556 77
3326957411 52
3332444146 153
3345103274 87
3346435016 101
3369397036 133
3415828832 154
3419165889 94
3421043283 88
3453834671 25
3475802041 118
3576346154 163
3611753873 69
3640665415 22
3644108658 106
3650994493 66
3682404586 112
3705166655 15
3794242346 51
3813827420 99
3825964894 179
3834047911 173
3846291404 102
3863463209 79
3880856117 81
3896729982 97
3897441493 14
3930536579 35
3934144507 3
3954570302 46
3978014586 157
3985338750 116
4012176614 159
4020817277 130
4025582691 23
4028575057 67
4106514720 73
4120563849 100
4136759817 170
4162517235 164
4168711638 160
4173604952 167
4231238145 131
4269563040 171
4277558944 60
