1800764 126
87484882 102
97068523 34
125896844 56
132851176 84
158100332 155
197722022 160
212966424 149
268465553 127
277378561 79
346763723 71
347327944 92
386235461 61
391851701 55
409984302 50
435153685 75
442087175 116
465915581 119
482554758 57
582418999 93
600757238 24
646992379 175
677338192 111
680353138 104
715741596 27
723386437 72
755509855 121
777434108 49
789663515 37
833957915 16
849924382 31
882923786 166
905458755 15
934031291 88
984515489 77
1029684725 159
1039775941 124
1061673189 5
1102138352 163
1119750476 138
1145535496 113
1163785346 174
1165500044 164
1171145260 18
1187002154 80
1199928407 36
1302911819 9
1315240339 60
1324646409 0
1353077104 14
1404395783 78
1411244463 29
1423943361 128
1433784421 122
1481700130 70
1540789971 141
1565581772 96
1583240062 123
1593335970 144
1648888063 25
1703074003 120
1723374255 68
1755211868 95
1780965381 143
1817977319 30
1832923198 3
1836837436 45
1854296563 115
1880656059 147
1902819574 178
1957456795 130
1965817051 1
1966862849 22
1967912122 94
1979915395 4
1987706045 97
1991912470 161
2034853916 114
2040735391 87
2054922385 90
2070794468 118
2071342302 167
2088744826 32
2180276089 26
2191007551 151
2245017434 140
2302936662 51
2321067875 54
2335376072 7
2337471812 142
2352408356 41
2386566304 157
2420023489 150
2493197103 99
2523580740 81
2533558194 154
2563637387 42
2590626395 110
2612076060 177
2623420502 67
2663355169 91
2675243293 46
2677761041 64
2680647675 117
2689742369 21
2714344193 98
2736746253 162
2739454820 131
2751470307 172
2752981434 112
2759781031 10
2819042102 28
2820570352 86
2877103839 74
2878053286 63
2881898293 76
2931281920 158
2940397723 62
2946051437 85
2947745968 38
2947818890 8
2975899179 48
2976264608 43
3052336121 152
3109774447 20
3118895249 108
3134364972 52
3159294203 125
3197165266 132
3210776703 6
3224180642 53
3236016622 11
3252655057 134
3279979113 139
3305405241 17
3310504013 173
3311786556 35
3326957411 109
3332444146 135
3345103274 44
3346435016 58
3369397036 136
3415828832 153
3419165889 73
3421043283 39
3439938365 65
3475802041 129
3576346154 146
3576952995 2
3611753873 19
3640665415 107
3644108658 137
3650994493 106
3682404586 69
3705166655 23
3794242346 89
3813827420 66
3825964894 179
3834047911 176
3846291404 105
3863463209 82
3880856117 47
3896729982 59
3897441493 33
3934144507 103
3954570302 100
3978014586 148
3985338750 83
4012176614 169
4020817277 133
4028575057 13
4106514720 40
4120563849 101
4136759817 171
4162517235 170
4168711638 145
4173604952 165
4231238145 156
4269563040 168
4277558944 12
