1800764 138
87484882 102
97068523 37
125896844 48
132851176 88
158100332 155
197722022 160
212966424 152
268465553 141
277378561 81
346763723 69
347327944 91
386235461 67
391851701 60
409984302 53
435153685 74
442087175 112
465915581 124
482554758 50
582418999 82
600757238 17
646992379 175
677338192 113
680353138 97
715741596 35
723386437 65
725606561 3
755509855 109
777434108 57
789663515 40
833957915 19
849924382 36
882923786 166
905458755 24
934031291 90
984515489 70
1029684725 159
1039775941 119
1102138352 163
1119750476 137
1145535496 114
1163785346 174
1165500044 164
1171145260 21
1187002154 89
1199928407 32
1302911819 4
1315240339 66
1324646409 0
1353077104 8
1404395783 71
1411244463 29
1423943361 131
1433784421 128
1481700130 79
1540789971 135
1565581772 99
1583240062 129
1593335970 144
1648888063 31
1703074003 127
1723374255 64
1755211868 95
1780965381 142
1817977319 28
1832923198 1
1836837436 42
1854296563 117
1880656059 150
1902819574 178
1957456795 120
1966862849 15
1967912122 83
1979915395 6
1987706045 98
1991912470 161
2034853916 118
2040735391 92
2054922385 80
2070794468 125
2071342302 167
2088744826 30
2180276089 27
2191007551 145
2245017434 147
2302936662 52
2321067875 58
2335376072 14
2337471812 146
2352408356 41
2386566304 156
2420023489 148
2493197103 93
2523580740 84
2533558194 154
2563637387 46
2590626395 115
2612076060 177
2623420502 77
2663355169 96
2675243293 47
2677761041 55
2680647675 121
2689742369 20
2714344193 104
2736746253 162
2739454820 130
2751470307 172
2752981434 101
2759781031 18
2819042102 22
2820570352 78
2877103839 73
2878053286 59
2881898293 87
2931281920 157
2940397723 68
2946051437 85
2947745968 43
2947818890 10
2975899179 44
2976264608 51
3052336121 153
3109774447 26
3118895249 110
3134364972 49
3159294203 116
3197165266 122
3210776703 5
3224180642 61
3236016622 13
3252655057 123
3279979113 136
3305405241 12
3310504013 173
3311786556 25
3326957411 111
3332444146 126
3345103274 39
3346435016 54
3369397036 134
3415828832 151
3419165889 75
3421043283 34
3439938365 72
3475802041 133
3576346154 139
3576952995 7
3611753873 16
3640665415 108
3644108658 143
3650994493 106
3682404586 63
3705166655 23
3794242346 94
3813827420 62
3825964894 179
3834047911 176
3846291404 103
3863463209 86
3880856117 45
3896729982 56
3897441493 33
3934144507 107
3954570302 105
3978014586 149
3985338750 76
4012176614 169
4020817277 132
4028575057 9
4088869787 2
4106514720 38
4120563849 100
4136759817 171
4162517235 170
4168711638 140
4173604952 165
4231238145 158
4269563040 168
4277558944 11
