1800764 17
87484882 71
125896844 110
132851176 22
143419484 12
158100332 147
197722022 120
212966424 119
268465553 13
277378561 77
346763723 106
347327944 66
366165566 28
391851701 3
435153685 111
442087175 116
456854657 62
465915581 54
480126874 53
482554758 101
521460429 75
582418999 133
600757238 96
646992379 174
677338192 37
680353138 117
723386437 122
755509855 154
833957915 31
882923786 155
934031291 45
972543760 7
976519997 38
984515489 124
1029684725 125
1039775941 152
1061459597 178
1061673189 79
1102138352 151
1119750476 137
1145535496 80
1163785346 175
1165500044 138
1199928407 60
1302911819 92
1324646409 0
1353077104 94
1399969279 58
1402099477 49
1404395783 126
1423943361 113
1433784421 63
1462563128 59
1473496205 76
1490182304 73
1497564029 65
1506500056 29
1540789971 163
1565581772 11
1567831198 19
1583240062 69
1593335970 149
1703074003 21
1721069724 5
1723374255 115
1755211868 70
1780965381 141
1832923198 40
1836837436 91
1854296563 84
1880656059 130
1902819574 177
1957456795 160
1965817051 50
1966862849 99
1967912122 139
1987706045 61
1991912470 144
2023365118 33
2034853916 72
2040735391 24
2054922385 134
2070794468 46
2071342302 162
2088744826 15
2115991866 41
2137655290 30
2191007551 173
2245017434 105
2273076216 26
2302936662 36
2321067875 35
2337471812 127
2338681792 16
2352408356 27
2386566304 140
2420023489 164
2455595861 39
2493197103 132
2523580740 74
2533558194 145
2563637387 14
2564901090 34
2590626395 10
2612076060 176
2618357298 32
2654090424 18
2675243293 64
2677761041 114
2680647675 44
2689742369 55
2736746253 148
2739454820 128
2751470307 171
2752981434 143
2819042102 42
2820570352 135
2877103839 107
2878053286 109
2931281920 136
2946051437 86
2947818890 51
2975899179 98
2979186596 4
3052336121 108
3134364972 97
3159294203 156
3197165266 159
3210776703 52
3236016622 48
3252655057 166
3279979113 150
3305405241 85
3310504013 161
3311786556 88
3326957411 23
3332444146 165
3345103274 95
3346435016 104
3369397036 131
3415828832 153
3419165889 87
3421043283 100
3453834671 56
3475802041 112
3570828790 2
3576346154 170
3611753873 82
3644108658 89
3650994493 43
3682404586 123
3705166655 8
3794242346 25
3813827420 103
3825964894 179
3834047911 169
3846291404 93
3863463209 67
3880856117 83
3896729982 102
3897441493 1
3930536579 57
3954570302 20
3978014586 158
3985338750 121
4012176614 142
4020817277 129
4025582691 47
4028575057 81
4071585141 9
4084769632 6
4106514720 78
4120563849 90
4136759817 167
4162517235 146
4168711638 168
4173604952 157
4231238145 118
4269563040 172
4277558944 68
