1800764 140
87484882 120
97068523 40
125896844 26
132851176 102
158100332 152
197722022 161
212966424 154
268465553 139
277378561 98
346763723 75
347327944 108
386235461 69
391851701 80
409984302 71
435153685 77
442087175 118
465915581 141
482554758 55
582418999 67
646992379 175
677338192 125
680353138 100
715741596 21
723386437 29
725606561 14
755509855 78
777434108 61
789663515 32
795357209 11
833957915 25
849924382 35
882923786 166
905458755 18
934031291 107
984515489 46
1029684725 159
1039775941 96
1102138352 164
1119750476 136
1145535496 127
1163785346 172
1165500044 168
1171145260 31
1187002154 85
1199928407 34
1303866932 5
1315240339 73
1324646409 0
1404395783 42
1411244463 47
1423943361 144
1433784421 143
1481700130 89
1506500056 7
1540789971 109
1565581772 110
1583240062 145
1593335970 135
1648888063 28
1703074003 128
1723374255 37
1755211868 111
1780965381 142
1817977319 45
1832923198 4
1836837436 44
1854296563 129
1880656059 150
1902819574 178
1957456795 88
1967912122 48
1979915395 20
1987706045 114
1991912470 160
2034853916 131
2040735391 104
2054922385 59
2070794468 137
2071342302 167
2088744826 49
2180276089 41
2191007551 94
2245017434 151
2302936662 74
2321067875 76
2335376072 23
2337471812 148
2352408356 62
2386566304 156
2420023489 126
2493197103 84
2523580740 99
2533558194 153
2563637387 68
2564901090 3
2590626395 121
2612076060 177
2623420502 72
2663355169 95
2675243293 63
2677761041 22
2680647675 132
2689742369 24
2714344193 113
2736746253 162
2739454820 133
2751470307 173
2752981434 83
2759781031 27
2819042102 30
2820570352 51
2877103839 82
2878053286 50
2881898293 91
2931281920 157
2939038785 2
2940397723 70
2946051437 97
2947745968 57
2947818890 13
2975899179 39
2976264608 60
3052336121 155
3109774447 33
3118895249 117
3134364972 56
3159294203 81
3197165266 93
3210776703 10
3224180642 79
3236016622 19
3252655057 86
3279979113 124
3310504013 174
3311786556 15
3326957411 122
3332444146 87
3345103274 38
3346435016 54
3369397036 138
3415828832 147
3419165889 90
3421043283 12
3439938365 65
3475802041 146
3576346154 92
3576952995 17
3611753873 1
3637528652 8
3640665415 112
3644108658 149
3650994493 123
3682404586 16
3705166655 36
3794242346 106
3813827420 66
3825964894 179
3834047911 176
3846291404 119
3863463209 101
3880856117 52
3896729982 58
3897441493 53
3934144507 103
3954570302 115
3978014586 130
3985338750 64
4012176614 169
4020817277 134
4074327253 9
4106514720 43
4120563849 116
4136759817 171
4162517235 170
4168711638 105
4173604952 165
4231238145 158
4269563040 163
4277558944 6
