1800764 87
87484882 97
125896844 92
132851176 59
158100332 154
197722022 149
212966424 133
268465553 86
277378561 81
346763723 99
347327944 83
386235461 7
391851701 38
409984302 25
435153685 105
442087175 123
456854657 12
465915581 98
482554758 77
521460429 32
582418999 119
600757238 55
646992379 175
677338192 84
680353138 118
723386437 112
755509855 137
777434108 1
833957915 27
882923786 166
934031291 73
984515489 113
1029684725 145
1039775941 136
1061459597 178
1061673189 39
1102138352 163
1119750476 134
1145535496 109
1163785346 174
1165500044 161
1171145260 5
1187002154 37
1199928407 44
1302911819 48
1315240339 17
1324646409 0
1353077104 52
1399969279 24
1404395783 115
1411244463 9
1423943361 126
1433784421 103
1462563128 8
1473496205 34
1481700130 42
1490182304 33
1497564029 20
1506500056 11
1540789971 151
1565581772 62
1583240062 108
1593335970 143
1703074003 78
1723374255 107
1755211868 91
1780965381 140
1817977319 15
1832923198 19
1836837436 67
1854296563 110
1880656059 135
1902819574 177
1957456795 142
1965817051 22
1966862849 56
1967912122 122
1987706045 85
1991912470 160
2034853916 102
2040735391 61
2054922385 120
2070794468 95
2071342302 168
2088744826 23
2191007551 159
2245017434 125
2302936662 47
2321067875 49
2337471812 132
2352408356 40
2386566304 150
2420023489 156
2493197103 121
2523580740 79
2533558194 152
2563637387 31
2564901090 13
2590626395 71
2612076060 176
2623420502 18
2663355169 45
2675243293 54
2677761041 101
2680647675 94
2689742369 36
2714344193 63
2736746253 162
2739454820 129
2751470307 172
2752981434 128
2819042102 35
2820570352 117
2877103839 100
2878053286 96
2881898293 43
2931281920 146
2940397723 10
2946051437 93
2947745968 3
2947818890 28
2975899179 72
2976264608 2
3052336121 127
3118895249 65
3134364972 75
3159294203 139
3197165266 144
3210776703 26
3224180642 30
3236016622 29
3252655057 147
3279979113 141
3305405241 51
3310504013 171
3311786556 58
3326957411 74
3332444146 148
3345103274 70
3346435016 89
3369397036 131
3415828832 153
3419165889 88
3421043283 69
3439938365 6
3453834671 4
3475802041 124
3576346154 158
3611753873 50
3640665415 60
3644108658 116
3650994493 80
3682404586 111
3705166655 14
3794242346 64
3813827420 90
3825964894 179
3834047911 173
3846291404 106
3863463209 76
3880856117 66
3896729982 82
3897441493 21
3930536579 16
3934144507 53
3954570302 68
3978014586 155
3985338750 114
4012176614 164
4020817277 130
4028575057 46
4106514720 57
4120563849 104
4136759817 169
4162517235 165
4168711638 157
4173604952 167
4231238145 138
4269563040 170
4277558944 41
