1800764 125
87484882 127
97068523 28
125896844 23
132851176 100
158100332 152
197722022 161
212966424 154
268465553 121
277378561 104
346763723 84
347327944 115
386235461 45
391851701 85
409984302 76
435153685 83
442087175 124
465915581 134
482554758 63
582418999 64
646992379 175
677338192 129
680353138 102
715741596 6
723386437 21
725606561 19
755509855 67
777434108 48
789663515 22
795357209 18
833957915 36
849924382 32
882923786 167
905458755 4
934031291 112
984515489 35
1029684725 159
1039775941 96
1102138352 164
1119750476 138
1145535496 135
1163785346 171
1165500044 168
1171145260 43
1187002154 73
1199928407 47
1303866932 9
1315240339 68
1324646409 0
1404395783 29
1411244463 56
1423943361 145
1433784421 143
1481700130 92
1506500056 12
1540789971 101
1565581772 109
1583240062 144
1593335970 137
1648888063 25
1703074003 120
1723374255 31
1755211868 116
1780965381 140
1817977319 57
1832923198 8
1836837436 52
1854296563 136
1880656059 150
1902819574 178
1957456795 82
1965817051 3
1967912122 27
1979915395 26
1987706045 118
1991912470 160
2034853916 133
2040735391 106
2054922385 50
2070794468 132
2071342302 166
2088744826 61
2180276089 46
2191007551 87
2245017434 151
2302936662 86
2321067875 88
2335376072 30
2337471812 148
2352408356 72
2386566304 156
2420023489 123
2493197103 89
2523580740 105
2533558194 153
2563637387 75
2564901090 7
2590626395 114
2612076060 177
2623420502 53
2663355169 94
2675243293 74
2677761041 15
2680647675 131
2689742369 34
2714344193 107
2727339584 2
2736746253 163
2739454820 139
2751470307 173
2752981434 78
2759781031 37
2819042102 40
2820570352 33
2877103839 90
2878053286 44
2881898293 91
2931281920 157
2939038785 1
2940397723 51
2946051437 103
2947745968 60
2947818890 20
2975899179 41
2976264608 55
3052336121 155
3109774447 38
3118895249 111
3134364972 66
3159294203 69
3197165266 93
3210776703 14
3224180642 81
3236016622 24
3252655057 77
3279979113 126
3310504013 174
3311786556 16
3326957411 117
3332444146 79
3345103274 42
3346435016 58
3369397036 142
3415828832 146
3419165889 97
3421043283 11
3439938365 39
3475802041 147
3576346154 80
3576952995 17
3637528652 13
3640665415 99
3644108658 149
3650994493 122
3705166655 49
3794242346 110
3813827420 71
3825964894 179
3834047911 176
3846291404 128
3863463209 108
3880856117 59
3896729982 70
3897441493 62
3934144507 95
3954570302 113
3978014586 130
3985338750 65
4012176614 169
4020817277 141
4074327253 10
4106514720 54
4120563849 119
4136759817 172
4162517235 170
4168711638 98
4173604952 165
4231238145 158
4269563040 162
4277558944 5
