87484882 75
125896844 108
132851176 18
143419484 16
158100332 150
197722022 118
212966424 123
277378561 78
346763723 106
347327944 67
366165566 26
391851701 3
435153685 111
442087175 117
456854657 57
465915581 44
480126874 48
482554758 101
521460429 68
582418999 128
600757238 94
646992379 174
677338192 31
680353138 119
723386437 120
755509855 153
833957915 42
882923786 160
934031291 45
972543760 17
976519997 40
984515489 124
1029684725 126
1039775941 149
1061459597 177
1061673189 76
1102138352 152
1119750476 139
1145535496 82
1163785346 175
1165500044 138
1171145260 5
1199928407 64
1302911819 80
1324646409 0
1353077104 85
1399969279 60
1402099477 46
1404395783 125
1423943361 114
1433784421 61
1462563128 56
1473496205 71
1490182304 70
1497564029 62
1506500056 37
1540789971 162
1565581772 1
1567831198 22
1583240062 66
1593335970 148
1703074003 2
1721069724 9
1723374255 115
1755211868 74
1780965381 143
1817977319 8
1832923198 49
1836837436 96
1854296563 87
1880656059 134
1902819574 178
1957456795 156
1965817051 53
1966862849 93
1967912122 136
1987706045 63
1991912470 144
2023365118 27
2034853916 73
2040735391 20
2054922385 132
2070794468 36
2071342302 166
2088744826 21
2115991866 32
2137655290 34
2191007551 170
2245017434 105
2273076216 29
2302936662 41
2321067875 39
2337471812 127
2338681792 24
2352408356 33
2386566304 140
2420023489 165
2455595861 30
2493197103 133
2523580740 77
2533558194 146
2563637387 19
2564901090 43
2612076060 176
2616533013 4
2618357298 28
2654090424 23
2675243293 65
2677761041 113
2680647675 35
2689742369 58
2736746253 147
2739454820 129
2751470307 172
2752981434 141
2819042102 51
2820570352 130
2877103839 107
2878053286 110
2931281920 137
2946051437 90
2947818890 54
2975899179 99
2979186596 13
3052336121 109
3134364972 98
3159294203 155
3197165266 157
3210776703 55
3236016622 52
3252655057 158
3279979113 151
3305405241 84
3310504013 164
3311786556 88
3326957411 11
3332444146 159
3345103274 97
3346435016 104
3369397036 135
3415828832 154
3419165889 92
3421043283 100
3453834671 50
3475802041 112
3576346154 169
3611753873 83
3637528652 12
3644108658 86
3650994493 38
3682404586 116
3705166655 15
3794242346 25
3813827420 103
3825964894 179
3834047911 171
3846291404 95
3863463209 69
3880856117 89
3896729982 102
3897441493 7
3930536579 59
3954570302 6
3978014586 161
3985338750 122
4012176614 142
4020817277 131
4025582691 47
4028575057 81
4071585141 10
4084769632 14
4106514720 79
4120563849 91
4136759817 168
4162517235 145
4168711638 167
4173604952 163
4231238145 121
4269563040 173
4277558944 72
