1800764 83
87484882 96
125896844 97
132851176 51
158100332 150
197722022 143
212966424 132
268465553 81
277378561 82
346763723 101
347327944 84
386235461 2
391851701 33
409984302 19
435153685 108
442087175 123
456854657 23
465915581 93
480126874 8
482554758 86
521460429 40
582418999 118
600757238 64
646992379 175
677338192 79
680353138 117
723386437 112
755509855 140
833957915 25
882923786 166
934031291 68
984515489 115
1029684725 139
1039775941 137
1061459597 178
1061673189 44
1102138352 162
1119750476 135
1145535496 106
1163785346 174
1165500044 158
1171145260 4
1187002154 32
1199928407 45
1302911819 54
1315240339 10
1324646409 0
1353077104 56
1399969279 24
1402099477 6
1404395783 116
1411244463 5
1423943361 124
1433784421 99
1462563128 18
1473496205 41
1481700130 36
1490182304 39
1497564029 28
1506500056 14
1540789971 154
1565581772 58
1583240062 105
1593335970 144
1703074003 75
1723374255 110
1755211868 87
1780965381 138
1817977319 12
1832923198 20
1836837436 71
1854296563 107
1880656059 134
1902819574 177
1957456795 147
1965817051 22
1966862849 66
1967912122 126
1987706045 85
1991912470 159
2034853916 98
2040735391 57
2054922385 122
2070794468 91
2071342302 168
2088744826 17
2191007551 163
2245017434 121
2302936662 46
2321067875 47
2337471812 133
2352408356 38
2386566304 146
2420023489 156
2493197103 125
2523580740 80
2533558194 149
2563637387 29
2564901090 16
2590626395 67
2612076060 176
2623420502 13
2663355169 43
2675243293 50
2677761041 109
2680647675 90
2689742369 35
2714344193 59
2736746253 160
2739454820 128
2751470307 172
2752981434 131
2819042102 34
2820570352 119
2877103839 103
2878053286 100
2881898293 37
2931281920 141
2940397723 3
2946051437 94
2947818890 30
2975899179 74
3052336121 127
3118895249 63
3134364972 77
3159294203 145
3197165266 148
3210776703 27
3224180642 26
3236016622 31
3252655057 152
3279979113 142
3305405241 53
3310504013 170
3311786556 62
3326957411 70
3332444146 153
3345103274 72
3346435016 95
3369397036 130
3415828832 151
3419165889 89
3421043283 73
3439938365 1
3453834671 9
3475802041 120
3576346154 161
3611753873 52
3640665415 55
3644108658 111
3650994493 78
3682404586 113
3705166655 11
3794242346 61
3813827420 92
3825964894 179
3834047911 173
3846291404 104
3863463209 76
3880856117 69
3896729982 88
3897441493 15
3930536579 21
3934144507 48
3954570302 65
3978014586 155
3985338750 114
4012176614 164
4020817277 129
4025582691 7
4028575057 49
4106514720 60
4120563849 102
4136759817 169
4162517235 165
4168711638 157
4173604952 167
4231238145 136
4269563040 171
4277558944 42
