1800764 151
87484882 119
97068523 64
125896844 16
132851176 108
158100332 149
197722022 168
212966424 154
268465553 152
277378561 98
346763723 69
347327944 104
386235461 90
391851701 85
409984302 83
435153685 67
442087175 105
465915581 143
482554758 42
582418999 49
646992379 175
677338192 139
680353138 93
715741596 53
723386437 20
725606561 21
755509855 61
777434108 81
789663515 66
795357209 14
833957915 24
849924382 62
882923786 167
905458755 45
934031291 110
984515489 27
1029684725 160
1039775941 86
1102138352 165
1119750476 121
1145535496 131
1163785346 170
1165500044 169
1171145260 44
1187002154 102
1199928407 38
1303866932 9
1315240339 92
1324646409 0
1378626860 4
1404395783 26
1411244463 54
1423943361 137
1433784421 147
1481700130 101
1540789971 97
1565581772 120
1583240062 148
1593335970 118
1648888063 59
1687077153 8
1703074003 146
1723374255 25
1755211868 107
1780965381 122
1817977319 52
1836837436 37
1854296563 132
1878223483 12
1880656059 145
1957456795 76
1967912122 28
1979915395 23
1987706045 117
1991912470 161
2034853916 135
2040735391 112
2054922385 43
2070794468 144
2071342302 166
2088744826 51
2180276089 56
2191007551 84
2245017434 153
2302936662 77
2321067875 79
2335376072 34
2337471812 141
2352408356 65
2386566304 156
2420023489 109
2493197103 74
2523580740 99
2533558194 150
2563637387 70
2590626395 138
2612076060 177
2623420502 95
2663355169 113
2675243293 60
2677761041 13
2680647675 142
2689742369 22
2714344193 127
2727339584 3
2736746253 163
2739454820 123
2751470307 174
2752981434 68
2759781031 36
2819042102 33
2820570352 31
2877103839 71
2878053286 35
2881898293 103
2931281920 157
2939038785 18
2940397723 91
2946051437 96
2947745968 72
2947818890 11
2975899179 29
2976264608 80
3052336121 158
3109774447 57
3118895249 133
3134364972 46
3159294203 63
3162794093 10
3197165266 82
3210776703 1
3224180642 87
3236016622 15
3252655057 73
3255384253 7
3279979113 106
3310504013 176
3311786556 5
3326957411 136
3332444146 75
3345103274 30
3346435016 41
3369397036 126
3415828832 134
3419165889 88
3421043283 2
3439938365 89
3475802041 140
3576346154 78
3576952995 32
3637528652 6
3640665415 130
3644108658 155
3650994493 129
3705166655 47
3794242346 115
3813827420 55
3825964894 179
3834047911 178
3846291404 116
3863463209 100
3880856117 40
3896729982 50
3897441493 58
3934144507 124
3954570302 128
3978014586 114
3985338750 48
4012176614 172
4020817277 125
4074327253 17
4088869787 19
4106514720 39
4120563849 111
4136759817 171
4162517235 173
4168711638 94
4173604952 164
4231238145 159
4269563040 162
