1800764 61
87484882 103
125896844 80
132851176 60
158100332 159
197722022 154
212966424 143
268465553 58
277378561 97
346763723 106
347327944 93
391851701 44
409984302 24
435153685 112
442087175 126
465915581 89
482554758 86
521460429 13
582418999 118
600757238 49
646992379 175
677338192 78
680353138 122
723386437 96
755509855 124
795357209 8
833957915 43
882923786 166
934031291 77
976519997 1
984515489 104
1029684725 153
1039775941 133
1061459597 178
1061673189 26
1102138352 163
1119750476 142
1145535496 116
1163785346 174
1165500044 160
1171145260 23
1199928407 59
1302911819 21
1324646409 0
1353077104 38
1399969279 30
1404395783 102
1411244463 22
1423943361 129
1433784421 101
1462563128 2
1473496205 15
1481700130 25
1490182304 16
1497564029 3
1506500056 27
1540789971 144
1565581772 56
1583240062 110
1593335970 150
1703074003 67
1723374255 98
1755211868 99
1780965381 149
1817977319 29
1832923198 34
1836837436 74
1854296563 119
1880656059 147
1902819574 177
1957456795 131
1965817051 32
1966862849 36
1967912122 111
1979915395 10
1987706045 92
1991912470 161
2034853916 107
2040735391 66
2054922385 115
2070794468 85
2071342302 168
2088744826 37
2137655290 6
2180276089 12
2191007551 140
2245017434 127
2302936662 63
2321067875 65
2335376072 9
2337471812 141
2338681792 4
2352408356 55
2386566304 157
2420023489 151
2493197103 121
2523580740 95
2533558194 158
2563637387 42
2564901090 28
2590626395 57
2612076060 176
2663355169 17
2675243293 71
2677761041 83
2680647675 84
2689742369 50
2714344193 53
2736746253 162
2739454820 136
2751470307 172
2752981434 123
2759781031 18
2819042102 51
2820570352 109
2877103839 108
2878053286 91
2881898293 19
2931281920 155
2946051437 105
2947745968 5
2947818890 41
2975899179 76
3052336121 135
3118895249 52
3134364972 82
3159294203 125
3197165266 134
3210776703 39
3224180642 35
3236016622 45
3252655057 130
3279979113 146
3305405241 47
3310504013 171
3311786556 64
3326957411 68
3332444146 132
3345103274 73
3346435016 87
3369397036 139
3415828832 156
3419165889 100
3421043283 70
3475802041 128
3576346154 137
3611753873 54
3637528652 11
3640665415 40
3644108658 120
3650994493 81
3682404586 79
3705166655 31
3794242346 69
3813827420 94
3825964894 179
3834047911 173
3846291404 117
3863463209 90
3880856117 75
3896729982 88
3897441493 33
3930536579 20
3934144507 14
3954570302 62
3978014586 152
3985338750 113
4012176614 164
4020817277 138
4025582691 7
4028575057 46
4106514720 72
4120563849 114
4136759817 170
4162517235 165
4168711638 145
4173604952 167
4231238145 148
4269563040 169
4277558944 48
